name,city,review_count,hours,neighborhood,categories,latitude,stars,attributes,longitude,address,postal_code,state,is_open,business_id,type
Pizza Pizza,Toronto,7,"['Monday 11:0-2:0', 'Tuesday 11:0-2:0', 'Wednesday 11:0-2:0', 'Thursday 11:0-3:0', 'Friday 11:0-3:0', 'Saturday 11:0-3:0', 'Sunday 11:0-2:0']",Dufferin Grove,"['Restaurants', 'Pizza', 'Chicken Wings', 'Italian']",43.661054,2.5,"['Alcohol: none', ""Ambience: {'romantic': False, 'intimate': False, 'classy': False, 'hipster': False, 'touristy': False, 'trendy': False, 'upscale': False, 'casual': False}"", 'BikeParking: True', 'BusinessAcceptsCreditCards: True', ""BusinessParking: {'garage': False, 'street': False, 'validated': False, 'lot': False, 'valet': False}"", 'Caters: True', 'GoodForKids: True', ""GoodForMeal: {'dessert': False, 'latenight': False, 'lunch': False, 'dinner': False, 'breakfast': False, 'brunch': False}"", 'HasTV: True', 'NoiseLevel: quiet', 'OutdoorSeating: False', 'RestaurantsAttire: casual', 'RestaurantsDelivery: True', 'RestaurantsGoodForGroups: True', 'RestaurantsPriceRange2: 1', 'RestaurantsReservations: False', 'RestaurantsTableService: False', 'RestaurantsTakeOut: True', 'WiFi: free']",-79.429089,979 Bloor Street W,M6H 1L5,ON,1,EDqCEAGXVGCH4FJXgqtjqg,business
Taco Bell,Scottsdale,9,"['Monday 10:0-22:0', 'Tuesday 10:0-22:0', 'Wednesday 10:0-22:0', 'Thursday 10:0-22:0', 'Friday 10:0-22:0', 'Saturday 10:0-22:0', 'Sunday 10:0-22:0']",,"['Tex-Mex', 'Mexican', 'Fast Food', 'Restaurants']",33.58671,2.5,"['Alcohol: none', ""Ambience: {'romantic': False, 'intimate': False, 'classy': False, 'hipster': False, 'divey': False, 'touristy': False, 'trendy': False, 'upscale': False, 'casual': False}"", 'BikeParking: True', 'BusinessAcceptsCreditCards: True', ""BusinessParking: {'garage': False, 'street': False, 'validated': False, 'lot': False, 'valet': False}"", 'DriveThru: True', 'GoodForKids: True', ""GoodForMeal: {'dessert': False, 'latenight': False, 'lunch': False, 'dinner': False, 'breakfast': False, 'brunch': False}"", 'HasTV: False', 'NoiseLevel: quiet', 'OutdoorSeating: False', 'RestaurantsAttire: casual', 'RestaurantsDelivery: False', 'RestaurantsGoodForGroups: True', 'RestaurantsPriceRange2: 1', 'RestaurantsReservations: False', 'RestaurantsTableService: False', 'RestaurantsTakeOut: True', 'WiFi: no']",-111.83541,11072 No Frank Lloyd Wright,85259,AZ,1,GDnbt3isfhd57T1QqU6flg,business
Ohana Hawaiian BBQ,Henderson,38,"['Monday 11:0-21:30', 'Tuesday 11:0-21:30', 'Wednesday 11:0-21:30', 'Thursday 11:0-21:30', 'Friday 11:0-21:30', 'Saturday 11:0-21:30', 'Sunday 11:30-21:0']",,"['Hawaiian', 'Restaurants', 'Barbeque']",36.029596485,4.0,"['Alcohol: none', ""Ambience: {'romantic': False, 'intimate': False, 'classy': False, 'hipster': False, 'divey': False, 'touristy': False, 'trendy': False, 'upscale': False, 'casual': True}"", 'BusinessAcceptsCreditCards: True', ""BusinessParking: {'garage': False, 'street': False, 'validated': False, 'lot': True, 'valet': False}"", 'Caters: True', 'GoodForKids: True', ""GoodForMeal: {'dessert': False, 'latenight': False, 'lunch': True, 'dinner': True, 'breakfast': False, 'brunch': False}"", 'HasTV: True', 'NoiseLevel: quiet', 'OutdoorSeating: False', 'RestaurantsAttire: casual', 'RestaurantsDelivery: False', 'RestaurantsGoodForGroups: True', 'RestaurantsPriceRange2: 1', 'RestaurantsReservations: False', 'RestaurantsTableService: False', 'RestaurantsTakeOut: True', 'WiFi: no']",-115.085821152,"1500 N Green Valley Pkwy, Ste 230",89074,NV,0,42romV8altAeuZuP2OC1gw,business
Chez Lionel,Boucherville,7,,,"['Restaurants', 'Cafes']",45.590227,3.5,"['BusinessAcceptsCreditCards: True', 'GoodForKids: True', ""GoodForMeal: {'dessert': False, 'latenight': False, 'lunch': False, 'dinner': False, 'breakfast': False, 'brunch': False}"", 'RestaurantsAttire: casual', 'RestaurantsDelivery: False', 'RestaurantsGoodForGroups: True', 'RestaurantsReservations: True', 'RestaurantsTakeOut: False']",-73.430235,"1052 Lionel-Daunais, Suite 302",J4B 0B2,QC,1,DNyYOxVAfu0oUcPNL1ljCQ,business
La Prep,Montréal,3,"['Monday 6:30-17:0', 'Tuesday 6:30-17:0', 'Wednesday 6:30-17:0', 'Thursday 6:30-17:0', 'Friday 6:30-17:0']",Ville-Marie,"['Sandwiches', 'Breakfast & Brunch', 'Salad', 'Restaurants']",45.5023462,4.0,['Caters: True'],-73.5738073,"2000 Mansfield Street, Suite 104",H3A 2Z6,QC,1,a1Ba6XeIOP48e64YFD0dMw,business
Chipotle Mexican Grill,Toronto,68,"['Monday 10:45-22:0', 'Tuesday 10:45-22:0', 'Wednesday 10:45-22:0', 'Thursday 10:45-22:0', 'Friday 10:45-22:0', 'Saturday 10:45-22:0', 'Sunday 10:45-22:0']",Downtown Core,"['Fast Food', 'Mexican', 'Restaurants']",43.6449201,3.5,"['Alcohol: none', ""Ambience: {'romantic': False, 'intimate': False, 'classy': False, 'hipster': False, 'touristy': False, 'trendy': False, 'upscale': False, 'casual': True}"", 'BikeParking: True', 'BusinessAcceptsCreditCards: True', ""BusinessParking: {'garage': True, 'street': False, 'validated': False, 'lot': False, 'valet': False}"", 'Caters: True', 'DriveThru: False', 'GoodForKids: True', ""GoodForMeal: {'dessert': False, 'latenight': False, 'lunch': True, 'dinner': True, 'breakfast': False, 'brunch': False}"", 'HasTV: False', 'NoiseLevel: loud', 'OutdoorSeating: False', 'RestaurantsAttire: casual', 'RestaurantsDelivery: False', 'RestaurantsGoodForGroups: True', 'RestaurantsPriceRange2: 2', 'RestaurantsReservations: False', 'RestaurantsTableService: False', 'RestaurantsTakeOut: True', 'WiFi: no']",-79.3833328,"123 Front St, Unit 103 and 103-A",M5J 2M2,ON,1,826djy6K_9Fp0ptqJ2_Yag,business
Carrabba's Italian Grill,Glendale,119,"['Monday 16:0-22:0', 'Tuesday 16:0-22:0', 'Wednesday 16:0-22:0', 'Thursday 16:0-22:0', 'Friday 11:0-23:0', 'Saturday 11:0-23:0', 'Sunday 11:0-21:0']",,"['Restaurants', 'Italian', 'Seafood']",33.6393005153,3.5,"['Alcohol: full_bar', ""Ambience: {'romantic': False, 'intimate': False, 'classy': False, 'hipster': False, 'divey': False, 'touristy': False, 'trendy': False, 'upscale': False, 'casual': True}"", 'BikeParking: True', 'BusinessAcceptsCreditCards: True', ""BusinessParking: {'garage': False, 'street': False, 'validated': False, 'lot': True, 'valet': False}"", 'Caters: True', 'GoodForKids: True', ""GoodForMeal: {'dessert': False, 'latenight': False, 'lunch': False, 'dinner': True, 'breakfast': False, 'brunch': False}"", 'HasTV: True', 'NoiseLevel: average', 'OutdoorSeating: False', 'RestaurantsAttire: casual', 'RestaurantsDelivery: False', 'RestaurantsGoodForGroups: True', 'RestaurantsPriceRange2: 2', 'RestaurantsReservations: True', 'RestaurantsTableService: True', 'RestaurantsTakeOut: True', 'WheelchairAccessible: True', 'WiFi: no']",-112.180893379,5646 W Bell Rd,85308,AZ,1,Mi5uhdFB9OJteXPd0_IKfw,business
Don Tequila,Amherst,22,"['Monday 11:0-22:0', 'Tuesday 11:0-22:0', 'Wednesday 11:0-22:0', 'Thursday 11:0-22:0', 'Friday 11:0-22:30', 'Saturday 11:0-22:30', 'Sunday 11:0-21:0']",,"['Restaurants', 'Mexican', 'American (Traditional)']",41.4161517,3.5,"['Alcohol: full_bar', ""Ambience: {'romantic': False, 'intimate': False, 'classy': False, 'hipster': False, 'divey': False, 'touristy': False, 'trendy': False, 'upscale': False, 'casual': True}"", 'BikeParking: False', 'BusinessAcceptsCreditCards: True', ""BusinessParking: {'garage': False, 'street': False, 'validated': False, 'lot': True, 'valet': False}"", 'Caters: False', 'GoodForKids: True', ""GoodForMeal: {'dessert': False, 'latenight': False, 'lunch': False, 'dinner': True, 'breakfast': False, 'brunch': False}"", 'HasTV: True', 'NoiseLevel: average', 'OutdoorSeating: True', 'RestaurantsAttire: casual', 'RestaurantsDelivery: False', 'RestaurantsGoodForGroups: True', 'RestaurantsPriceRange2: 2', 'RestaurantsReservations: False', 'RestaurantsTableService: True', 'RestaurantsTakeOut: True', 'WiFi: no']",-82.2076029,2269 Kresge Dr,44001,OH,1,Uxh0fXFH_QQBivRnIBpdiw,business
Lo-Lo's Chicken & Waffles,Phoenix,1276,"['Monday 9:0-22:0', 'Tuesday 9:0-22:0', 'Wednesday 9:0-22:0', 'Thursday 9:0-22:0', 'Friday 8:0-23:0', 'Saturday 8:0-23:0', 'Sunday 8:0-18:0']",,"['Restaurants', 'Waffles', 'Southern', 'Soul Food']",33.4353717916,4.0,"['Alcohol: full_bar', ""Ambience: {'romantic': False, 'intimate': False, 'classy': False, 'hipster': False, 'divey': False, 'touristy': False, 'trendy': False, 'upscale': False, 'casual': True}"", 'BYOB: False', 'BYOBCorkage: yes_free', 'BikeParking: True', 'BusinessAcceptsCreditCards: True', ""BusinessParking: {'garage': False, 'street': True, 'validated': False, 'lot': True, 'valet': True}"", 'Caters: True', 'Corkage: False', 'DogsAllowed: False', 'GoodForKids: True', ""GoodForMeal: {'dessert': False, 'latenight': False, 'lunch': True, 'dinner': True, 'breakfast': False, 'brunch': False}"", 'HasTV: True', 'NoiseLevel: average', 'OutdoorSeating: True', 'RestaurantsAttire: casual', 'RestaurantsCounterService: False', 'RestaurantsDelivery: False', 'RestaurantsGoodForGroups: True', 'RestaurantsPriceRange2: 2', 'RestaurantsReservations: False', 'RestaurantsTableService: True', 'RestaurantsTakeOut: True', 'WheelchairAccessible: True', 'WiFi: free']",-112.073970304,1220 S Central Ave,85003,AZ,1,YPavuOh2XsnRbLfl0DH2lQ,business
Kabob Palace,Las Vegas,15,,Spring Valley,"['Persian/Iranian', 'Restaurants', 'Ethnic Food', 'Food', 'Greek', 'Specialty Food']",36.1010205,2.5,"['Alcohol: full_bar', 'BusinessAcceptsCreditCards: True', ""BusinessParking: {'garage': False, 'street': False, 'validated': False, 'lot': True, 'valet': False}"", 'GoodForKids: True', ""GoodForMeal: {'dessert': False, 'latenight': False, 'lunch': True, 'dinner': True, 'breakfast': False, 'brunch': False}"", 'OutdoorSeating: True', 'RestaurantsAttire: casual', 'RestaurantsDelivery: False', 'RestaurantsGoodForGroups: True', 'RestaurantsPriceRange2: 2', 'RestaurantsReservations: True', 'RestaurantsTableService: True', 'RestaurantsTakeOut: True', 'WheelchairAccessible: True']",-115.2443122,4811 S Rainbow Blvd,89103,NV,0,saWZO6hB4B8P-mIzS1--Xw,business
East 74 Restaurant,Indian Trail,5,,,"['American (Traditional)', 'Restaurants']",35.1420067,3.0,"['Alcohol: none', ""Ambience: {'romantic': False, 'intimate': False, 'classy': False, 'hipster': False, 'divey': False, 'touristy': False, 'trendy': False, 'upscale': False, 'casual': False}"", 'BusinessAcceptsCreditCards: True', ""BusinessParking: {'garage': False, 'street': False, 'validated': False, 'lot': False, 'valet': False}"", 'GoodForKids: True', ""GoodForMeal: {'dessert': False, 'latenight': False, 'lunch': False, 'dinner': False, 'breakfast': False, 'brunch': False}"", 'NoiseLevel: average', 'RestaurantsAttire: casual', 'RestaurantsDelivery: False', 'RestaurantsPriceRange2: 1', 'RestaurantsTableService: True', 'RestaurantsTakeOut: True']",-80.5469564,13801 Indian Trail Fairvie,28079,NC,0,vJ-KyaojDQj1R2BNrlDToA,business
Thai Gourmet,Stow,68,"['Monday 11:0-21:30', 'Tuesday 11:0-21:30', 'Wednesday 11:0-21:30', 'Thursday 11:0-21:30', 'Friday 11:0-21:30', 'Saturday 11:0-22:30', 'Sunday 11:0-22:30']",,"['Thai', 'Restaurants']",41.1657087,3.5,"['Alcohol: full_bar', ""Ambience: {'romantic': False, 'intimate': False, 'classy': False, 'hipster': False, 'divey': False, 'touristy': False, 'trendy': False, 'upscale': False, 'casual': True}"", 'BikeParking: True', 'BusinessAcceptsCreditCards: True', ""BusinessParking: {'garage': False, 'street': False, 'validated': False, 'lot': True, 'valet': False}"", 'GoodForKids: True', ""GoodForMeal: {'dessert': False, 'latenight': False, 'lunch': True, 'dinner': True, 'breakfast': False, 'brunch': False}"", 'HasTV: False', 'NoiseLevel: average', 'OutdoorSeating: False', 'RestaurantsAttire: casual', 'RestaurantsDelivery: False', 'RestaurantsGoodForGroups: True', 'RestaurantsPriceRange2: 2', 'RestaurantsReservations: True', 'RestaurantsTableService: True', 'RestaurantsTakeOut: True', 'WheelchairAccessible: True', 'WiFi: no']",-81.4413704,3732 Darrow Rd Ste 5,44224,OH,1,hovoWva_UjbnyLWEbnFvBw,business
Z-Teca,Toronto,4,"['Monday 11:0-21:0', 'Tuesday 11:0-21:0', 'Wednesday 11:0-21:0', 'Thursday 11:0-21:0', 'Friday 11:0-21:0', 'Saturday 11:0-21:0', 'Sunday 11:0-21:0']",The Beach,"['Tex-Mex', 'Restaurants']",43.6703273526,1.5,"['BusinessAcceptsCreditCards: True', 'GoodForKids: True', ""GoodForMeal: {'dessert': False, 'latenight': False, 'lunch': False, 'dinner': False, 'breakfast': False, 'brunch': False}"", 'HasTV: False', 'OutdoorSeating: False', 'RestaurantsAttire: casual', 'RestaurantsDelivery: False', 'RestaurantsGoodForGroups: True', 'RestaurantsPriceRange2: 1', 'RestaurantsReservations: False', 'RestaurantsTableService: False', 'RestaurantsTakeOut: True', 'WiFi: no']",-79.2991900072,2014 Queen Street E,M4L 1J3,ON,0,OLG7Gou8kmTLxogtJyP6ZQ,business
Pancake House,Gastonia,22,,,"['Breakfast & Brunch', 'Sandwiches', 'Restaurants']",35.2818742,3.5,"['Alcohol: none', ""Ambience: {'romantic': False, 'intimate': False, 'classy': False, 'hipster': False, 'divey': False, 'touristy': False, 'trendy': False, 'upscale': False, 'casual': False}"", 'BikeParking: False', 'BusinessAcceptsCreditCards: True', ""BusinessParking: {'garage': False, 'street': False, 'validated': False, 'lot': False, 'valet': False}"", 'Caters: False', 'GoodForKids: True', ""GoodForMeal: {'dessert': False, 'latenight': False, 'lunch': False, 'dinner': False, 'breakfast': True, 'brunch': False}"", 'HasTV: False', 'OutdoorSeating: False', 'RestaurantsAttire: casual', 'RestaurantsDelivery: False', 'RestaurantsGoodForGroups: True', 'RestaurantsPriceRange2: 1', 'RestaurantsReservations: False', 'RestaurantsTableService: True', 'RestaurantsTakeOut: True', 'WiFi: no']",-81.1883519,1700 N Chester St,28052,NC,1,8Tq8l82FtDyHelc6C8FRzw,business
Rivertowne,Pittsburgh,102,,North Side,"['American (New)', 'Pubs', 'Nightlife', 'Bars', 'Restaurants']",40.4459861,3.0,"['Alcohol: full_bar', ""Ambience: {'romantic': False, 'intimate': False, 'classy': False, 'hipster': False, 'divey': False, 'touristy': False, 'trendy': False, 'upscale': False, 'casual': True}"", ""BestNights: {'monday': False, 'tuesday': False, 'friday': True, 'wednesday': False, 'thursday': False, 'sunday': True, 'saturday': True}"", 'BikeParking: True', 'BusinessAcceptsCreditCards: True', ""BusinessParking: {'garage': False, 'street': True, 'validated': False, 'lot': False, 'valet': False}"", 'Caters: False', 'CoatCheck: False', 'GoodForDancing: False', 'GoodForKids: True', ""GoodForMeal: {'dessert': False, 'latenight': False, 'lunch': True, 'dinner': True, 'breakfast': False, 'brunch': False}"", 'HappyHour: True', 'HasTV: True', ""Music: {'dj': False, 'background_music': False, 'no_music': False, 'karaoke': False, 'live': False, 'video': False, 'jukebox': False}"", 'NoiseLevel: loud', 'OutdoorSeating: True', 'RestaurantsAttire: casual', 'RestaurantsDelivery: False', 'RestaurantsGoodForGroups: True', 'RestaurantsPriceRange2: 2', 'RestaurantsReservations: False', 'RestaurantsTableService: True', 'RestaurantsTakeOut: True', 'Smoking: no', 'WheelchairAccessible: True', 'WiFi: free']",-80.0108802,337 N Shore Dr,15212,PA,1,93otbGHE0s0m-lU1osvg9w,business
Honey B Hives Restaurant,Toronto,118,"['Monday 0:0-0:0', 'Tuesday 0:0-0:0', 'Wednesday 0:0-0:0', 'Thursday 0:0-0:0', 'Friday 0:0-0:0', 'Saturday 0:0-0:0', 'Sunday 0:0-0:0']",Scarborough,"['Diners', 'Italian', 'Sandwiches', 'Breakfast & Brunch', 'Burgers', 'Canadian (New)', 'Restaurants']",43.8229818717,3.5,"['Alcohol: full_bar', ""Ambience: {'romantic': False, 'intimate': False, 'classy': False, 'hipster': False, 'touristy': False, 'trendy': False, 'upscale': False, 'casual': True}"", 'BikeParking: True', 'BusinessAcceptsCreditCards: True', ""BusinessParking: {'garage': False, 'street': False, 'validated': False, 'lot': True, 'valet': False}"", 'Caters: True', 'GoodForKids: True', ""GoodForMeal: {'dessert': False, 'latenight': True, 'lunch': False, 'dinner': False, 'breakfast': True, 'brunch': True}"", 'HasTV: True', 'NoiseLevel: average', 'OutdoorSeating: False', 'RestaurantsAttire: casual', 'RestaurantsDelivery: False', 'RestaurantsGoodForGroups: True', 'RestaurantsPriceRange2: 1', 'RestaurantsReservations: True', 'RestaurantsTableService: True', 'RestaurantsTakeOut: True', 'WheelchairAccessible: True', 'WiFi: free']",-79.2479152131,2816 Markham Road,M1V 4C3,ON,1,L_thK7r3K_h5M4tV7amEKQ,business
Nan and Byron's,Charlotte,291,"['Monday 11:0-23:0', 'Tuesday 11:0-23:0', 'Wednesday 11:0-23:0', 'Thursday 11:0-23:0', 'Friday 11:0-2:0', 'Saturday 10:0-2:0', 'Sunday 10:0-23:0']",South End,"['American (New)', 'Restaurants']",35.212521,3.5,"['Alcohol: full_bar', ""Ambience: {'romantic': False, 'intimate': False, 'classy': False, 'hipster': False, 'divey': False, 'touristy': False, 'trendy': True, 'upscale': False, 'casual': False}"", 'BikeParking: True', 'BusinessAcceptsCreditCards: True', ""BusinessParking: {'garage': False, 'street': False, 'validated': False, 'lot': True, 'valet': False}"", 'Caters: True', 'GoodForKids: True', ""GoodForMeal: {'dessert': False, 'latenight': False, 'lunch': False, 'dinner': False, 'breakfast': False, 'brunch': True}"", 'HasTV: True', 'NoiseLevel: average', 'OutdoorSeating: True', 'RestaurantsAttire: casual', 'RestaurantsDelivery: False', 'RestaurantsGoodForGroups: True', 'RestaurantsPriceRange2: 2', 'RestaurantsReservations: True', 'RestaurantsTableService: True', 'RestaurantsTakeOut: True', 'WiFi: free']",-80.857639,1714 S Blvd,28203,NC,0,LIvXzdMJrIb6IY5Y3tqicA,business
Juice Almighty,Edinburgh,8,"['Monday 7:30-17:30', 'Tuesday 7:30-17:30', 'Wednesday 7:30-17:30', 'Thursday 7:30-17:30', 'Friday 7:30-17:30', 'Saturday 8:0-17:0', 'Sunday 10:30-17:0']",New Town,"['Food', 'Fast Food', 'Restaurants', 'Juice Bars & Smoothies']",55.9514606,4.5,"['Alcohol: none', 'GoodForKids: True', ""GoodForMeal: {'dessert': False, 'latenight': False, 'lunch': False, 'dinner': False, 'breakfast': False, 'brunch': False}"", 'OutdoorSeating: True', 'RestaurantsAttire: casual', 'RestaurantsDelivery: False', 'RestaurantsPriceRange2: 1', 'RestaurantsReservations: False', 'RestaurantsTableService: False', 'RestaurantsTakeOut: True', 'WheelchairAccessible: True']",-3.2026603,"7A Castle Street, Corstorphine",EH2 3AH,EDH,0,NsarUMMMPOlMBb6K04x6hw,business
Pho Viet,Phoenix,3,,,"['Vietnamese', 'Restaurants']",33.5670476,2.5,,-112.1361432,3557 W Dunlap Ave,85051,AZ,0,F53MSa5SYzO9BG8c_JhskQ,business
JB's Restaurant,Phoenix,24,"['Monday 6:0-22:0', 'Tuesday 6:0-22:0', 'Wednesday 6:0-22:0', 'Thursday 6:0-22:0', 'Friday 6:0-22:0', 'Saturday 6:0-22:0', 'Sunday 9:0-22:0']",,"['American (Traditional)', 'Restaurants']",33.5527667,3.5,"['Alcohol: none', ""Ambience: {'romantic': False, 'intimate': False, 'classy': False, 'hipster': False, 'divey': False, 'touristy': False, 'trendy': False, 'upscale': False, 'casual': True}"", 'BikeParking: True', 'BusinessAcceptsCreditCards: True', ""BusinessParking: {'garage': False, 'street': False, 'validated': False, 'lot': False, 'valet': False}"", 'Caters: False', 'GoodForKids: True', 'HasTV: False', 'NoiseLevel: loud', 'OutdoorSeating: False', 'RestaurantsAttire: casual', 'RestaurantsDelivery: False', 'RestaurantsGoodForGroups: True', 'RestaurantsPriceRange2: 1', 'RestaurantsReservations: False', 'RestaurantsTableService: True', 'RestaurantsTakeOut: True', 'WheelchairAccessible: True', 'WiFi: no', ""GoodForMeal: {'dessert': False, 'latenight': False, 'lunch': True, 'dinner': True, 'breakfast': True, 'brunch': False}""]",-112.1359694,3567 W Northern Ave,85051,AZ,1,hEcn9k6ONd5n2mq0lB2aew,business
Firangi,Brampton,7,"['Monday 11:30-15:0', 'Monday 17:0-23:0', 'Tuesday 11:30-15:0', 'Tuesday 17:0-23:0', 'Wednesday 11:30-15:0', 'Wednesday 17:0-23:0', 'Thursday 11:30-15:0', 'Thursday 17:0-23:0', 'Friday 11:30-15:0', 'Friday 17:0-23:0', 'Saturday 11:30-15:0', 'Saturday 17:0-23:0', 'Sunday 11:30-15:0', 'Sunday 17:0-23:0']",,"['Indian', 'Restaurants']",43.7426127,4.0,"['GoodForKids: True', 'RestaurantsDelivery: False', 'RestaurantsReservations: True', 'RestaurantsTableService: True', 'Alcohol: full_bar', 'BikeParking: False', ""BusinessParking: {'garage': False, 'street': False, 'validated': False, 'lot': True, 'valet': False}"", 'Caters: True', 'DogsAllowed: False', 'HasTV: True', 'OutdoorSeating: False', 'RestaurantsTakeOut: True', 'WheelchairAccessible: True', 'WiFi: free', ""Ambience: {'romantic': False, 'intimate': False, 'classy': False, 'hipster': False, 'touristy': False, 'trendy': False, 'upscale': False, 'casual': False}"", 'RestaurantsAttire: casual', 'RestaurantsGoodForGroups: True', 'RestaurantsPriceRange2: 3']",-79.6987649,2880 Queen Street E,L6S,ON,1,diXqpz9WOr4WLQq6uvARkg,business
Ichiban Sushi,Toronto,9,,Harbourfront,"['Restaurants', 'Japanese', 'Sushi Bars']",43.6396011,3.5,"['Alcohol: beer_and_wine', 'BusinessAcceptsCreditCards: True', ""BusinessParking: {'garage': False, 'street': False, 'validated': False, 'lot': False, 'valet': False}"", 'GoodForKids: True', ""GoodForMeal: {'dessert': False, 'latenight': False, 'lunch': False, 'dinner': False, 'breakfast': False, 'brunch': False}"", 'OutdoorSeating: False', 'RestaurantsAttire: casual', 'RestaurantsDelivery: True', 'RestaurantsGoodForGroups: True', 'RestaurantsPriceRange2: 2', 'RestaurantsReservations: True', 'RestaurantsTableService: True', 'RestaurantsTakeOut: True', 'WheelchairAccessible: True']",-79.3828902,250 Queens Quay W,M5J,ON,0,6pSUvtk5-OOaJfX0hbkb8Q,business
Eat'n Park Restaurant,Cleveland,17,"['Monday 7:0-22:0', 'Tuesday 7:0-22:0', 'Wednesday 7:0-22:0', 'Thursday 7:0-22:0', 'Friday 7:0-22:0', 'Saturday 7:0-22:0', 'Sunday 7:0-22:0']",,"['Breakfast & Brunch', 'Restaurants']",41.4051928,2.0,"['Alcohol: none', ""Ambience: {'romantic': False, 'intimate': False, 'classy': False, 'hipster': False, 'divey': False, 'touristy': False, 'trendy': False, 'upscale': False, 'casual': True}"", 'BikeParking: False', 'BusinessAcceptsCreditCards: True', ""BusinessParking: {'garage': False, 'street': False, 'validated': False, 'lot': True, 'valet': False}"", 'Caters: False', 'DogsAllowed: False', 'GoodForKids: True', ""GoodForMeal: {'dessert': False, 'latenight': False, 'lunch': False, 'dinner': False, 'breakfast': False, 'brunch': False}"", 'HasTV: False', 'NoiseLevel: average', 'OutdoorSeating: False', 'RestaurantsAttire: casual', 'RestaurantsDelivery: False', 'RestaurantsGoodForGroups: True', 'RestaurantsPriceRange2: 1', 'RestaurantsReservations: False', 'RestaurantsTableService: True', 'RestaurantsTakeOut: True', 'WheelchairAccessible: True', 'WiFi: no']",-81.6930424,2075 Snow Rd,44134,OH,1,se2a2QaJi8Yx_KjE1r-_sQ,business
Dalisay Filipino Food,Thornhill,5,,,"['Filipino', 'Restaurants']",43.7922629,2.0,"[""Ambience: {'romantic': False, 'intimate': False, 'classy': False, 'hipster': False, 'touristy': False, 'trendy': False, 'upscale': False, 'casual': False}"", 'BusinessAcceptsCreditCards: True', 'GoodForKids: True', 'OutdoorSeating: False', 'RestaurantsDelivery: False', 'RestaurantsGoodForGroups: True', 'RestaurantsPriceRange2: 3', 'RestaurantsReservations: True', 'RestaurantsTableService: False', 'RestaurantsTakeOut: True', 'WiFi: no']",-79.4473231,800 Steeles Ave W,L4J 7L2,ON,1,el3HILPUZ3gxN20wcTJr3A,business
Taste of India,Las Vegas,33,,Southeast,"['Restaurants', 'Vegetarian', 'Indian']",36.099142,3.5,"['Alcohol: none', ""Ambience: {'romantic': False, 'intimate': False, 'classy': False, 'hipster': False, 'divey': False, 'touristy': False, 'trendy': False, 'upscale': False, 'casual': True}"", 'BikeParking: True', 'BusinessAcceptsCreditCards: True', ""BusinessParking: {'garage': False, 'street': False, 'validated': False, 'lot': True, 'valet': False}"", 'Caters: True', 'GoodForKids: True', 'HasTV: True', 'NoiseLevel: quiet', 'OutdoorSeating: False', 'RestaurantsAttire: casual', 'RestaurantsDelivery: True', 'RestaurantsGoodForGroups: True', 'RestaurantsPriceRange2: 2', 'RestaurantsReservations: True', 'RestaurantsTableService: True', 'RestaurantsTakeOut: True', 'WiFi: free', ""GoodForMeal: {'dessert': False, 'latenight': False, 'lunch': True, 'dinner': True, 'breakfast': False, 'brunch': False}""]",-115.136192,"4972 S Maryland Pkwy, Ste 22",89119,NV,1,hMh9XOwNQcu31NAOCqhAEw,business
Artisanal Foods Cafe,Las Vegas,35,"['Wednesday 10:0-14:0', 'Thursday 10:0-14:0', 'Friday 10:0-14:0', 'Saturday 10:0-14:0', 'Sunday 10:0-14:0']",Southeast,"['American (New)', 'Cafes', 'Restaurants']",36.0658388,4.5,"[""Ambience: {'romantic': False, 'intimate': False, 'classy': False, 'hipster': False, 'divey': False, 'touristy': False, 'trendy': False, 'upscale': False, 'casual': False}"", 'BikeParking: False', 'BusinessAcceptsCreditCards: True', ""BusinessParking: {'garage': False, 'street': False, 'validated': False, 'lot': False, 'valet': False}"", 'Caters: False', 'GoodForKids: False', ""GoodForMeal: {'dessert': False, 'latenight': False, 'lunch': False, 'dinner': False, 'breakfast': False, 'brunch': True}"", 'HasTV: False', 'NoiseLevel: quiet', 'OutdoorSeating: False', 'RestaurantsAttire: casual', 'RestaurantsDelivery: False', 'RestaurantsGoodForGroups: False', 'RestaurantsPriceRange2: 2', 'RestaurantsReservations: True', 'RestaurantsTableService: True', 'RestaurantsTakeOut: True', 'WiFi: no']",-115.1239441,2053 Pama Ln,89119,NV,0,pmJqSsCfgbo3TxPWpQNLIw,business
Bojangles,Fort Mill,7,,,"['Restaurants', 'Fast Food']",34.9543037443,1.5,"['BikeParking: False', 'BusinessAcceptsCreditCards: True', 'DriveThru: True', 'GoodForKids: True', ""GoodForMeal: {'dessert': False, 'latenight': False, 'lunch': False, 'dinner': False, 'breakfast': False, 'brunch': False}"", 'HasTV: False', 'OutdoorSeating: False', 'RestaurantsAttire: casual', 'RestaurantsDelivery: False', 'RestaurantsGoodForGroups: True', 'RestaurantsPriceRange2: 1', 'RestaurantsReservations: False', 'RestaurantsTakeOut: True']",-80.8513490669,8327 Collins Rd,29707,SC,1,Pqkc04NdJQQeNrxQG-F9kA,business
Broken Yolk Cafe,Mesa,137,"['Monday 6:0-14:0', 'Tuesday 6:0-14:0', 'Wednesday 6:0-14:0', 'Thursday 6:0-14:0', 'Friday 6:0-14:0', 'Saturday 6:0-15:0', 'Sunday 6:0-15:0']",,"['Food', 'Restaurants', 'Breakfast & Brunch', 'Coffee & Tea']",33.3939166,3.5,"['Alcohol: full_bar', ""Ambience: {'romantic': False, 'intimate': False, 'classy': False, 'hipster': False, 'divey': False, 'touristy': False, 'trendy': False, 'upscale': False, 'casual': True}"", 'BikeParking: True', 'BusinessAcceptsBitcoin: False', 'BusinessAcceptsCreditCards: True', ""BusinessParking: {'garage': False, 'street': False, 'validated': False, 'lot': True, 'valet': False}"", 'Caters: False', 'GoodForKids: True', ""GoodForMeal: {'dessert': False, 'latenight': False, 'lunch': True, 'dinner': False, 'breakfast': True, 'brunch': True}"", 'HasTV: True', 'NoiseLevel: average', 'OutdoorSeating: False', 'RestaurantsAttire: casual', 'RestaurantsDelivery: False', 'RestaurantsGoodForGroups: True', 'RestaurantsPriceRange2: 2', 'RestaurantsReservations: False', 'RestaurantsTableService: True', 'RestaurantsTakeOut: True', 'WheelchairAccessible: True', 'WiFi: free']",-111.7872721,2034 E Southern Ave,85204,AZ,1,J3H6VSIgUTlACkb_HPFA8w,business
Cien Agaves Tacos & Tequila,Scottsdale,480,"['Monday 11:0-23:0', 'Tuesday 11:0-0:0', 'Wednesday 11:0-23:0', 'Thursday 11:0-23:0', 'Friday 11:0-0:0', 'Saturday 11:0-0:0', 'Sunday 11:0-23:0']",,"['Mexican', 'Restaurants']",33.4943986,3.5,"['Alcohol: full_bar', ""Ambience: {'romantic': False, 'intimate': False, 'classy': False, 'hipster': False, 'divey': False, 'touristy': False, 'trendy': False, 'upscale': False, 'casual': True}"", 'BYOB: False', 'BYOBCorkage: no', 'BikeParking: True', 'BusinessAcceptsCreditCards: True', ""BusinessParking: {'garage': False, 'street': True, 'validated': False, 'lot': False, 'valet': False}"", 'Caters: True', 'GoodForKids: True', ""GoodForMeal: {'dessert': False, 'latenight': False, 'lunch': True, 'dinner': True, 'breakfast': False, 'brunch': False}"", 'HasTV: True', 'NoiseLevel: average', 'OutdoorSeating: True', 'RestaurantsAttire: casual', 'RestaurantsDelivery: False', 'RestaurantsGoodForGroups: True', 'RestaurantsPriceRange2: 2', 'RestaurantsReservations: True', 'RestaurantsTableService: True', 'RestaurantsTakeOut: True', 'WheelchairAccessible: True', 'WiFi: free']",-111.9253409,7228 E 1st Ave,85251,AZ,1,Ja4stXdNYr39u5CZHMNtjw,business
Bada Boom Pasta Room,Scottsdale,23,"['Tuesday 11:0-22:0', 'Wednesday 11:0-22:0', 'Thursday 11:0-22:0', 'Friday 11:0-23:0', 'Saturday 11:0-23:0', 'Sunday 11:0-21:0']",,"['Pizza', 'Italian', 'Restaurants']",33.4957243,3.0,"['Alcohol: full_bar', 'BYOB: False', 'BYOBCorkage: no', 'BusinessAcceptsCreditCards: True', ""BusinessParking: {'garage': False, 'street': True, 'validated': False, 'lot': False, 'valet': False}"", 'GoodForKids: True', ""GoodForMeal: {'dessert': False, 'latenight': False, 'lunch': False, 'dinner': True, 'breakfast': False, 'brunch': False}"", 'OutdoorSeating: True', 'RestaurantsAttire: casual', 'RestaurantsDelivery: False', 'RestaurantsGoodForGroups: True', 'RestaurantsPriceRange2: 2', 'RestaurantsReservations: True', 'RestaurantsTableService: True', 'RestaurantsTakeOut: True', 'WheelchairAccessible: True']",-111.9287734,4151 N Marshall Way,85251,AZ,0,st_pnALlGB6OCWkb4e14mg,business
Coco's Family Restaurant,Scottsdale,13,,,"['American (Traditional)', 'Bakeries', 'Food', 'Restaurants']",33.5047782,2.5,"['Alcohol: none', ""Ambience: {'romantic': False, 'intimate': False, 'classy': False, 'hipster': False, 'divey': False, 'touristy': False, 'trendy': False, 'upscale': False, 'casual': False}"", 'BusinessAcceptsCreditCards: True', ""BusinessParking: {'garage': False, 'street': False, 'validated': False, 'lot': True, 'valet': False}"", 'Caters: False', 'GoodForKids: True', ""GoodForMeal: {'dessert': False, 'latenight': False, 'lunch': False, 'dinner': False, 'breakfast': False, 'brunch': False}"", 'HasTV: False', 'NoiseLevel: average', 'OutdoorSeating: False', 'RestaurantsAttire: casual', 'RestaurantsDelivery: False', 'RestaurantsGoodForGroups: True', 'RestaurantsPriceRange2: 2', 'RestaurantsReservations: False', 'RestaurantsTableService: True', 'RestaurantsTakeOut: True', 'WheelchairAccessible: True', 'WiFi: free']",-111.9261807,4700 N Scottsdale Rd,85251,AZ,0,6TKJDgTrUoD3zu77A4JHnQ,business
Yours Truly Restaurants,Hudson,52,"['Monday 6:30-22:0', 'Tuesday 6:30-22:0', 'Wednesday 6:30-22:0', 'Thursday 6:30-22:0', 'Friday 6:30-23:0', 'Saturday 6:30-23:0', 'Sunday 7:30-22:0']",,"['Restaurants', 'Breakfast & Brunch', 'Burgers', 'Sandwiches']",41.2387348,3.5,"['Alcohol: beer_and_wine', ""Ambience: {'romantic': False, 'intimate': False, 'classy': False, 'hipster': False, 'divey': False, 'touristy': False, 'trendy': False, 'upscale': False, 'casual': True}"", 'BikeParking: True', 'BusinessAcceptsBitcoin: False', 'BusinessAcceptsCreditCards: True', ""BusinessParking: {'garage': False, 'street': False, 'validated': False, 'lot': True, 'valet': False}"", 'Caters: True', 'DogsAllowed: False', 'DriveThru: False', 'GoodForKids: True', ""GoodForMeal: {'dessert': False, 'latenight': False, 'lunch': False, 'dinner': False, 'breakfast': True, 'brunch': True}"", 'HasTV: True', 'NoiseLevel: average', 'OutdoorSeating: True', 'RestaurantsAttire: casual', 'RestaurantsDelivery: True', 'RestaurantsGoodForGroups: True', 'RestaurantsPriceRange2: 2', 'RestaurantsReservations: False', 'RestaurantsTableService: True', 'RestaurantsTakeOut: True', 'WheelchairAccessible: True', 'WiFi: free']",-81.4405261,36 S Main St,44236,OH,1,TegeuAoYBVgQRUBiDLU7Mw,business
Feinkost Galeria,Ludwigsburg,4,"['Monday 9:30-18:30', 'Tuesday 9:30-18:30', 'Wednesday 9:0-15:0', 'Thursday 9:30-18:30', 'Friday 9:30-18:30', 'Saturday 8:30-14:30']",,"['Restaurants', 'Fruits & Veggies', 'Specialty Food', 'Delicatessen', 'Food', 'Cafes', 'Coffee & Tea']",48.8983029,5.0,"['BusinessAcceptsCreditCards: True', ""BusinessParking: {'garage': False, 'street': False, 'validated': False, 'lot': False, 'valet': False}"", ""DietaryRestrictions: {'dairy-free': False, 'gluten-free': False, 'vegan': False, 'kosher': False, 'halal': False, 'soy-free': False, 'vegetarian': False}"", 'RestaurantsPriceRange2: 3', 'WheelchairAccessible: True']",9.1889038,Körnerstr. 19,71634,BW,1,7caQImCyJKGHwSlsDNZHhA,business
Dina's Pizza & Pub,Cleveland,77,"['Monday 11:0-2:30', 'Tuesday 11:0-2:30', 'Wednesday 11:0-2:30', 'Thursday 11:0-2:30', 'Friday 11:0-2:30', 'Saturday 11:0-2:30', 'Sunday 11:0-2:30']",Old Brooklyn,"['Sports Bars', 'Nightlife', 'Bars', 'Pizza', 'Restaurants', 'Burgers']",41.4395717,3.5,"['Alcohol: full_bar', ""Ambience: {'romantic': False, 'intimate': False, 'classy': False, 'hipster': False, 'divey': False, 'touristy': False, 'trendy': False, 'upscale': False, 'casual': True}"", ""BestNights: {'monday': False, 'tuesday': False, 'friday': True, 'wednesday': False, 'thursday': True, 'sunday': False, 'saturday': True}"", 'BusinessAcceptsCreditCards: True', ""BusinessParking: {'garage': False, 'street': False, 'validated': False, 'lot': True, 'valet': False}"", 'Caters: True', 'CoatCheck: False', 'DriveThru: True', 'GoodForDancing: False', 'GoodForKids: True', ""GoodForMeal: {'dessert': False, 'latenight': True, 'lunch': False, 'dinner': True, 'breakfast': False, 'brunch': False}"", 'HappyHour: True', 'HasTV: True', ""Music: {'dj': False, 'background_music': False, 'no_music': False, 'karaoke': False, 'live': False, 'video': False, 'jukebox': True}"", 'NoiseLevel: loud', 'OutdoorSeating: True', 'RestaurantsAttire: casual', 'RestaurantsDelivery: True', 'RestaurantsGoodForGroups: True', 'RestaurantsPriceRange2: 2', 'RestaurantsReservations: True', 'RestaurantsTableService: True', 'RestaurantsTakeOut: True', 'Smoking: outdoor', 'WheelchairAccessible: True', 'WiFi: free', 'BikeParking: False']",-81.726279,5701 Memphis Ave,44144,OH,1,ZUvAR3I1uhC27zQFcRXumw,business
The Salted Lime,North Las Vegas,105,,,"['Restaurants', 'Mexican', 'American (Traditional)']",36.2919853,3.0,"['Alcohol: full_bar', ""Ambience: {'romantic': False, 'intimate': False, 'classy': False, 'hipster': False, 'divey': False, 'touristy': False, 'trendy': False, 'upscale': False, 'casual': True}"", 'BikeParking: True', 'BusinessAcceptsCreditCards: True', ""BusinessParking: {'garage': True, 'street': False, 'validated': False, 'lot': False, 'valet': False}"", 'Caters: False', 'GoodForKids: True', ""GoodForMeal: {'dessert': False, 'latenight': False, 'lunch': False, 'dinner': True, 'breakfast': False, 'brunch': False}"", 'HasTV: True', 'NoiseLevel: average', 'OutdoorSeating: False', 'RestaurantsAttire: casual', 'RestaurantsDelivery: False', 'RestaurantsGoodForGroups: True', 'RestaurantsPriceRange2: 2', 'RestaurantsReservations: True', 'RestaurantsTableService: True', 'RestaurantsTakeOut: True', 'WiFi: no']",-115.1806678,7300 Aliante Pkwy,89084,NV,1,V94gk_Vx0Ot623UGHG6PrA,business
Bailey's Sports Bar & Eatery,Las Vegas,9,,Northwest,"['Nightlife', 'Bars', 'Restaurants', 'Thai', 'Sports Bars']",36.2384622,3.5,"['Alcohol: full_bar', ""Ambience: {'romantic': False, 'intimate': False, 'classy': False, 'hipster': False, 'divey': False, 'touristy': False, 'trendy': False, 'upscale': False, 'casual': False}"", 'BikeParking: False', 'BusinessAcceptsCreditCards: True', ""BusinessParking: {'garage': False, 'street': False, 'validated': False, 'lot': False, 'valet': False}"", 'CoatCheck: False', 'GoodForDancing: True', 'HappyHour: True', 'HasTV: True', ""Music: {'dj': True, 'background_music': False, 'no_music': False, 'karaoke': True, 'live': False, 'video': False, 'jukebox': True}"", 'NoiseLevel: average', 'OutdoorSeating: True', 'RestaurantsGoodForGroups: True', 'RestaurantsPriceRange2: 1']",-115.2319504,4341 N Rancho Dr,89130,NV,0,kUUBBLBHCasOl2a5nW9nAw,business
Wingstop,Las Vegas,41,"['Monday 10:30-0:0', 'Tuesday 10:30-0:0', 'Wednesday 10:30-0:0', 'Thursday 10:30-0:0', 'Friday 10:30-0:0', 'Saturday 0:0-2:0', 'Saturday 10:30-0:0', 'Sunday 0:0-2:0', 'Sunday 10:30-0:0']",Northwest,"['Chicken Wings', 'Fast Food', 'Restaurants']",36.2497194319,3.5,"['Alcohol: none', ""Ambience: {'romantic': False, 'intimate': False, 'classy': False, 'hipster': False, 'divey': False, 'touristy': False, 'trendy': False, 'upscale': False, 'casual': True}"", 'BusinessAcceptsCreditCards: True', 'Caters: True', 'GoodForKids: True', 'HasTV: True', 'NoiseLevel: loud', 'OutdoorSeating: False', 'RestaurantsAttire: casual', 'RestaurantsDelivery: False', 'RestaurantsGoodForGroups: True', 'RestaurantsPriceRange2: 1', 'RestaurantsReservations: False', 'RestaurantsTableService: False', 'RestaurantsTakeOut: True', 'WiFi: no', ""BusinessParking: {'garage': False, 'street': False, 'validated': False, 'lot': True, 'valet': False}"", 'BikeParking: False', ""GoodForMeal: {'dessert': False, 'latenight': False, 'lunch': True, 'dinner': True, 'breakfast': False, 'brunch': False}""]",-115.244528251,4949 N Rancho Dr,89130,NV,1,A2pZTpFXWC38z506XIhnBQ,business
Kokoya,Toronto,41,"['Monday 17:0-2:0', 'Tuesday 17:0-2:0', 'Wednesday 17:0-2:0', 'Thursday 17:0-2:0', 'Friday 17:0-2:0', 'Saturday 17:0-2:0', 'Sunday 17:0-2:0']",Willowdale,"['Korean', 'Restaurants']",43.7782228,3.0,"['Alcohol: full_bar', ""Ambience: {'romantic': False, 'intimate': False, 'classy': False, 'hipster': False, 'touristy': False, 'trendy': False, 'upscale': False, 'casual': True}"", 'BikeParking: True', 'BusinessAcceptsCreditCards: True', ""BusinessParking: {'garage': False, 'street': True, 'validated': False, 'lot': False, 'valet': False}"", 'Caters: False', 'GoodForKids: False', ""GoodForMeal: {'dessert': False, 'latenight': True, 'lunch': False, 'dinner': False, 'breakfast': False, 'brunch': False}"", 'HasTV: True', 'NoiseLevel: loud', 'OutdoorSeating: False', 'RestaurantsAttire: casual', 'RestaurantsDelivery: False', 'RestaurantsGoodForGroups: True', 'RestaurantsPriceRange2: 2', 'RestaurantsReservations: True', 'RestaurantsTableService: True', 'RestaurantsTakeOut: True', 'WheelchairAccessible: False', 'WiFi: no']",-79.414869,5515 Yonge St,M2N 5S3,ON,1,mRv3Z25F56qduMKnvnCkVA,business
Covered Wagon,Hawthorne,3,,,"['Restaurants', 'American (Traditional)']",46.504003,5.0,"['Alcohol: full_bar', ""Ambience: {'romantic': False, 'intimate': False, 'classy': False, 'hipster': False, 'divey': False, 'touristy': False, 'trendy': False, 'upscale': False, 'casual': False}"", 'BikeParking: True', 'BusinessAcceptsCreditCards: True', ""BusinessParking: {'garage': False, 'street': False, 'validated': False, 'lot': False, 'valet': False}"", 'Caters: False', 'GoodForKids: True', ""GoodForMeal: {'dessert': False, 'latenight': False, 'lunch': False, 'dinner': False, 'breakfast': False, 'brunch': False}"", 'HasTV: True', 'NoiseLevel: average', 'OutdoorSeating: False', 'RestaurantsAttire: casual', 'RestaurantsDelivery: False', 'RestaurantsGoodForGroups: True', 'RestaurantsPriceRange2: 1', 'RestaurantsReservations: True', 'RestaurantsTableService: True', 'RestaurantsTakeOut: True', 'WiFi: no']",-91.834086,9049 E Co Rd B,54842,WI,1,NmiX_7talK5QTgMKvHPUaQ,business
Torteria Lupita,Montréal,5,"['Tuesday 12:0-20:0', 'Wednesday 12:0-20:0', 'Thursday 12:0-20:0', 'Friday 12:0-20:0', 'Saturday 10:0-17:0']",Sud-Ouest,"['Sandwiches', 'Restaurants', 'Mexican', 'Breakfast & Brunch']",45.4736323,3.5,"['GoodForKids: True', 'RestaurantsTakeOut: True']",-73.5881347,4601 Rue Notre-Dame O,H4C 1S5,QC,1,Ir_QIzs-4o9ElOtiGuxJrw,business
Yummy Bar-B-Q,Toronto,5,,,"['Restaurants', 'Korean']",43.6651059,3.5,"['Alcohol: beer_and_wine', 'BusinessAcceptsCreditCards: True', ""BusinessParking: {'garage': False, 'street': False, 'validated': False, 'lot': False, 'valet': False}"", 'GoodForKids: True', ""GoodForMeal: {'dessert': False, 'latenight': False, 'lunch': False, 'dinner': False, 'breakfast': False, 'brunch': False}"", 'OutdoorSeating: False', 'RestaurantsAttire: casual', 'RestaurantsDelivery: False', 'RestaurantsGoodForGroups: True', 'RestaurantsPriceRange2: 2', 'RestaurantsReservations: False', 'RestaurantsTableService: True', 'RestaurantsTakeOut: True']",-79.4107443,561 Bloor Street W,M5S 1Y6,ON,0,ODwqVEORhb9YAgo3MP0PXw,business
McDonald's,Mississauga,3,,,"['Fast Food', 'Restaurants', 'Burgers']",43.614245,1.5,"['Alcohol: none', ""Ambience: {'romantic': False, 'intimate': False, 'classy': False, 'hipster': False, 'touristy': False, 'trendy': False, 'upscale': False, 'casual': False}"", 'BikeParking: True', 'BusinessAcceptsCreditCards: True', ""BusinessParking: {'garage': False, 'street': False, 'validated': False, 'lot': False, 'valet': False}"", 'Caters: False', 'DriveThru: True', 'GoodForKids: True', 'HasTV: False', 'NoiseLevel: average', 'OutdoorSeating: False', 'RestaurantsAttire: casual', 'RestaurantsDelivery: False', 'RestaurantsGoodForGroups: True', 'RestaurantsPriceRange2: 1', 'RestaurantsReservations: False', 'RestaurantsTableService: False', 'RestaurantsTakeOut: True', 'WiFi: free', ""GoodForMeal: {'dessert': False, 'latenight': False, 'lunch': False, 'dinner': False, 'breakfast': False, 'brunch': True}""]",-79.6613085,44 Bristol Road E,L4Z 3K8,ON,1,1xBI6EhPAwtZHQhzAAEAxQ,business
El Paso Bar-B-Que Company,Surprise,3,,,['Restaurants'],33.6383422,3.0,"['BusinessAcceptsCreditCards: True', ""BusinessParking: {'garage': False, 'street': False, 'validated': False, 'lot': False, 'valet': False}"", 'GoodForKids: True', ""GoodForMeal: {'dessert': False, 'latenight': False, 'lunch': False, 'dinner': False, 'breakfast': False, 'brunch': False}"", 'OutdoorSeating: True', 'RestaurantsAttire: casual', 'RestaurantsDelivery: False', 'RestaurantsGoodForGroups: True', 'RestaurantsPriceRange2: 2', 'RestaurantsTableService: True', 'WheelchairAccessible: True']",-112.3579458,13823 W Bell Road,85374,AZ,0,LHueU8OxZ6ObtISJ18niEw,business
Helbachs Coffee House,Madison,46,"['Monday 7:0-17:0', 'Tuesday 7:0-17:0', 'Wednesday 7:0-17:0', 'Thursday 7:0-17:0', 'Friday 7:0-17:0', 'Saturday 8:0-16:0', 'Sunday 9:0-14:0']",,"['Juice Bars & Smoothies', 'Breakfast & Brunch', 'Salad', 'Restaurants', 'Coffee & Tea', 'Food', 'Sandwiches']",43.0596333,4.0,"['Alcohol: none', ""Ambience: {'romantic': False, 'intimate': False, 'classy': False, 'hipster': False, 'divey': False, 'touristy': False, 'trendy': False, 'upscale': False, 'casual': True}"", 'BikeParking: True', 'BusinessAcceptsCreditCards: True', ""BusinessParking: {'garage': False, 'street': False, 'validated': False, 'lot': True, 'valet': False}"", 'Caters: False', 'GoodForKids: True', ""GoodForMeal: {'dessert': False, 'latenight': False, 'lunch': True, 'dinner': False, 'breakfast': True, 'brunch': True}"", 'HasTV: False', 'NoiseLevel: quiet', 'OutdoorSeating: True', 'RestaurantsAttire: casual', 'RestaurantsDelivery: False', 'RestaurantsGoodForGroups: True', 'RestaurantsPriceRange2: 1', 'RestaurantsReservations: False', 'RestaurantsTableService: False', 'RestaurantsTakeOut: True', 'WiFi: free']",-89.5135245,410 Donofrio Dr,53719,WI,1,QfWFxmXqRGixztgaZN0gOA,business
O'Charley's Restaurant & Bar,Charlotte,41,"['Monday 11:0-22:0', 'Tuesday 11:0-22:0', 'Wednesday 11:0-22:0', 'Thursday 11:0-22:0', 'Friday 11:0-23:0', 'Saturday 11:0-23:0', 'Sunday 10:0-22:0']",University City,"['Restaurants', 'Breakfast & Brunch', 'American (Traditional)', 'Burgers']",35.295757,3.0,"['Alcohol: full_bar', ""Ambience: {'romantic': False, 'intimate': False, 'classy': False, 'hipster': False, 'divey': False, 'touristy': False, 'trendy': False, 'upscale': False, 'casual': True}"", 'BikeParking: False', 'BusinessAcceptsCreditCards: True', ""BusinessParking: {'garage': False, 'street': False, 'validated': False, 'lot': True, 'valet': False}"", 'Caters: False', 'GoodForKids: True', ""GoodForMeal: {'dessert': False, 'latenight': False, 'lunch': True, 'dinner': False, 'breakfast': False, 'brunch': False}"", 'HasTV: True', 'NoiseLevel: average', 'OutdoorSeating: False', 'RestaurantsAttire: casual', 'RestaurantsDelivery: False', 'RestaurantsGoodForGroups: True', 'RestaurantsPriceRange2: 2', 'RestaurantsReservations: True', 'RestaurantsTableService: True', 'RestaurantsTakeOut: True', 'WheelchairAccessible: True', 'WiFi: free', 'DriveThru: False']",-80.741677,8420 University City Blvd,28213,NC,1,h7uxML49NQ_Wj-7zk0DSqg,business
Papa Murphy's,Charlotte,5,,University City,"['Pizza', 'Restaurants']",35.2966598,4.0,"['Alcohol: none', 'BusinessAcceptsCreditCards: True', 'GoodForKids: True', 'OutdoorSeating: False', 'RestaurantsDelivery: False', 'RestaurantsGoodForGroups: False', 'RestaurantsPriceRange2: 2', 'RestaurantsReservations: False', 'RestaurantsTakeOut: True']",-80.737783,8640 University City Blvd,28213,NC,0,X02YNLa3Iofzwv5Le6QeYQ,business
Taiyo Pacific and Sushi Bar,Charlotte,5,,University City,"['Asian Fusion', 'Chinese', 'Japanese', 'Restaurants']",35.2949318,4.0,"['Alcohol: full_bar', 'BusinessAcceptsCreditCards: True', ""BusinessParking: {'garage': False, 'street': False, 'validated': False, 'lot': True, 'valet': False}"", 'GoodForKids: True', ""GoodForMeal: {'dessert': False, 'latenight': False, 'lunch': True, 'dinner': True, 'breakfast': False, 'brunch': False}"", 'OutdoorSeating: True', 'RestaurantsAttire: casual', 'RestaurantsDelivery: False', 'RestaurantsGoodForGroups: True', 'RestaurantsPriceRange2: 2', 'RestaurantsReservations: True', 'RestaurantsTableService: True', 'RestaurantsTakeOut: True', 'WheelchairAccessible: True']",-80.7474815,8205 University City Blvd,28213,NC,0,2rgQ1TULwVoY7TnUlnH7Yw,business
Kayagum,Toronto,73,"['Monday 0:0-0:0', 'Tuesday 0:0-0:0', 'Wednesday 0:0-0:0', 'Thursday 0:0-0:0', 'Friday 0:0-0:0', 'Saturday 0:0-0:0', 'Sunday 0:0-0:0']",Willowdale,"['Korean', 'Restaurants']",43.7773843697,3.0,"['Alcohol: full_bar', ""Ambience: {'romantic': False, 'intimate': False, 'classy': False, 'hipster': False, 'touristy': False, 'trendy': False, 'upscale': False, 'casual': True}"", 'BikeParking: True', 'BusinessAcceptsCreditCards: True', ""BusinessParking: {'garage': False, 'street': False, 'validated': False, 'lot': True, 'valet': False}"", 'Caters: False', 'GoodForKids: True', ""GoodForMeal: {'dessert': False, 'latenight': True, 'lunch': True, 'dinner': True, 'breakfast': False, 'brunch': False}"", 'HasTV: True', 'NoiseLevel: average', 'OutdoorSeating: False', 'RestaurantsAttire: casual', 'RestaurantsDelivery: False', 'RestaurantsGoodForGroups: True', 'RestaurantsPriceRange2: 2', 'RestaurantsReservations: True', 'RestaurantsTableService: True', 'RestaurantsTakeOut: True', 'WiFi: no']",-79.4152951241,5460 Yonge Street,M2N 6K7,ON,1,IikkB8j2E-1QmujRsPh5wQ,business
Kiko Cafe,Markham,63,"['Monday 11:0-22:0', 'Tuesday 11:0-22:0', 'Wednesday 11:0-22:0', 'Thursday 11:0-22:0', 'Friday 11:0-22:0', 'Saturday 8:0-22:0', 'Sunday 8:0-22:0']",Brown's Corners,"['Asian Fusion', 'Fast Food', 'Coffee & Tea', 'Food', 'Beer', 'Wine & Spirits', 'Restaurants', 'Cafes']",43.8505169104,3.0,"['Alcohol: none', ""Ambience: {'romantic': False, 'intimate': False, 'classy': False, 'hipster': False, 'touristy': False, 'trendy': False, 'upscale': False, 'casual': True}"", 'BikeParking: False', 'BusinessAcceptsCreditCards: True', ""BusinessParking: {'garage': False, 'street': False, 'validated': False, 'lot': True, 'valet': False}"", 'Caters: False', 'DriveThru: False', 'GoodForKids: True', ""GoodForMeal: {'dessert': False, 'latenight': False, 'lunch': True, 'dinner': False, 'breakfast': False, 'brunch': False}"", 'HasTV: True', 'NoiseLevel: average', 'OutdoorSeating: True', 'RestaurantsAttire: casual', 'RestaurantsDelivery: False', 'RestaurantsGoodForGroups: True', 'RestaurantsPriceRange2: 2', 'RestaurantsReservations: True', 'RestaurantsTableService: True', 'RestaurantsTakeOut: True', 'WiFi: no']",-79.3575260416,3000 Highway 7,L3R,ON,1,q_KQbgnaYDlPx8EHTydcBQ,business
Lake City Tavern,Berea,4,"['Monday 11:0-2:30', 'Tuesday 11:0-2:30', 'Wednesday 11:0-2:30', 'Thursday 11:0-2:30', 'Friday 11:0-2:30', 'Saturday 11:0-2:30', 'Sunday 11:0-2:30']",,"['Bars', 'Dive Bars', 'American (Traditional)', 'Food', 'Restaurants', 'Nightlife']",41.386824,5.0,"['Alcohol: full_bar', ""Ambience: {'romantic': False, 'intimate': False, 'classy': False, 'hipster': False, 'divey': False, 'touristy': False, 'trendy': False, 'upscale': False, 'casual': False}"", 'BusinessAcceptsCreditCards: True', ""BusinessParking: {'garage': False, 'street': False, 'validated': False, 'lot': False, 'valet': False}"", 'Caters: False', 'CoatCheck: False', 'GoodForDancing: True', 'GoodForKids: False', ""GoodForMeal: {'dessert': False, 'latenight': False, 'lunch': False, 'dinner': False, 'breakfast': False, 'brunch': False}"", 'HappyHour: True', 'HasTV: True', ""Music: {'dj': False, 'background_music': True, 'no_music': False, 'karaoke': False, 'live': False, 'video': False, 'jukebox': True}"", 'NoiseLevel: average', 'OutdoorSeating: True', 'RestaurantsAttire: casual', 'RestaurantsDelivery: False', 'RestaurantsGoodForGroups: True', 'RestaurantsPriceRange2: 2', 'RestaurantsReservations: False', 'RestaurantsTableService: True', 'RestaurantsTakeOut: True', 'Smoking: outdoor', 'WiFi: no']",-81.8519929,786 Front St,44017,OH,0,hkyoEB1FvQ57tXzWhdiSug,business
Subway,Laveen,9,,,"['Restaurants', 'Sandwiches', 'Fast Food']",33.3794918,2.0,"['Alcohol: none', 'BusinessAcceptsCreditCards: True', ""BusinessParking: {'garage': False, 'street': False, 'validated': False, 'lot': False, 'valet': False}"", 'Caters: True', 'DriveThru: False', 'GoodForKids: True', ""GoodForMeal: {'dessert': False, 'latenight': False, 'lunch': False, 'dinner': False, 'breakfast': False, 'brunch': False}"", 'HasTV: False', 'NoiseLevel: average', 'OutdoorSeating: False', 'RestaurantsAttire: casual', 'RestaurantsDelivery: False', 'RestaurantsGoodForGroups: False', 'RestaurantsPriceRange2: 1', 'RestaurantsReservations: False', 'RestaurantsTableService: False', 'RestaurantsTakeOut: True', 'WheelchairAccessible: True']",-112.1699497,5130 W Baseline Rd,85339,AZ,1,9mAMjgAoXrBwsNKaug-cmQ,business
Quiznos,Gilbert,5,,,"['Fast Food', 'Restaurants', 'Sandwiches']",33.3013481,2.0,"['BusinessAcceptsCreditCards: True', 'RestaurantsGoodForGroups: True', 'RestaurantsPriceRange2: 2', 'RestaurantsTableService: False']",-111.7435897,2795 S Market St,85296,AZ,0,Py2XfQ6nZCLpdCRSg8EBew,business
Big Buddha,Surprise,273,"['Monday 11:0-21:0', 'Tuesday 11:0-21:0', 'Wednesday 11:0-21:0', 'Thursday 11:0-21:0', 'Friday 11:0-21:0', 'Saturday 11:30-21:0', 'Sunday 11:30-21:0']",,"['Restaurants', 'Chinese']",33.6252846267,4.0,"['Alcohol: beer_and_wine', ""Ambience: {'romantic': False, 'intimate': False, 'classy': False, 'hipster': False, 'divey': False, 'touristy': False, 'trendy': False, 'upscale': False, 'casual': True}"", 'BikeParking: True', 'BusinessAcceptsCreditCards: True', ""BusinessParking: {'garage': False, 'street': False, 'validated': False, 'lot': True, 'valet': False}"", 'Caters: True', 'DogsAllowed: True', 'GoodForKids: True', ""GoodForMeal: {'dessert': False, 'latenight': False, 'lunch': True, 'dinner': True, 'breakfast': False, 'brunch': False}"", 'HasTV: True', 'NoiseLevel: average', 'OutdoorSeating: True', 'RestaurantsAttire: casual', 'RestaurantsDelivery: False', 'RestaurantsGoodForGroups: True', 'RestaurantsPriceRange2: 1', 'RestaurantsReservations: False', 'RestaurantsTableService: True', 'RestaurantsTakeOut: True', 'WheelchairAccessible: True', 'WiFi: free']",-112.414446464,"16572 W Greenway Rd, Ste 115",85388,AZ,1,2px99IppAcnxR238eq_8_w,business
Wild Grill,Henderson,15,,,"['American (Traditional)', 'Restaurants']",36.004894,3.5,"['Alcohol: full_bar', ""Ambience: {'romantic': False, 'intimate': False, 'classy': False, 'hipster': False, 'divey': False, 'touristy': False, 'trendy': False, 'upscale': False, 'casual': False}"", 'BikeParking: False', 'BusinessAcceptsCreditCards: True', ""BusinessParking: {'garage': False, 'street': False, 'validated': False, 'lot': False, 'valet': False}"", 'GoodForKids: False', ""GoodForMeal: {'dessert': False, 'latenight': False, 'lunch': True, 'dinner': False, 'breakfast': False, 'brunch': False}"", 'HasTV: True', 'NoiseLevel: average', 'OutdoorSeating: False', 'RestaurantsAttire: casual', 'RestaurantsDelivery: False', 'RestaurantsGoodForGroups: True', 'RestaurantsPriceRange2: 1', 'RestaurantsReservations: False', 'RestaurantsTableService: True', 'RestaurantsTakeOut: True']",-114.941267,"Inside Wildefire Casino, 2000 S Boulder Hwy",89002,NV,1,fOzbCeNnB1_mIb-RR4zw1g,business
Conflict Kitchen,Pittsburgh,145,"['Monday 11:0-19:0', 'Tuesday 11:0-19:0', 'Wednesday 11:0-19:0', 'Thursday 11:0-19:0', 'Friday 11:0-19:0', 'Saturday 11:0-19:0', 'Sunday 11:0-19:0']",Oakland,"['Food', 'Imported Food', 'Restaurants', 'Ethnic Food', 'Specialty Food']",40.44258082,4.5,"['BikeParking: True', 'BusinessAcceptsCreditCards: True', ""BusinessParking: {'garage': False, 'street': True, 'validated': False, 'lot': False, 'valet': False}"", 'ByAppointmentOnly: False', ""GoodForMeal: {'dessert': False, 'latenight': False, 'lunch': False, 'dinner': False, 'breakfast': False, 'brunch': False}"", 'RestaurantsDelivery: False', 'RestaurantsPriceRange2: 1', 'RestaurantsTakeOut: True', 'WheelchairAccessible: True', 'RestaurantsAttire: casual', 'RestaurantsGoodForGroups: True']",-79.9527347618,221 Schenley Dr,15213,PA,1,jDqaz1jKdeWk_fTVCzc1Pg,business
Outback Steakhouse,Mesa,88,"['Monday 11:0-21:30', 'Tuesday 11:0-21:30', 'Wednesday 11:0-21:30', 'Thursday 11:0-21:30', 'Friday 11:0-22:30', 'Saturday 11:0-22:30', 'Sunday 11:0-21:0']",,"['Steakhouses', 'Restaurants']",33.3856312,3.0,"['Alcohol: full_bar', ""Ambience: {'romantic': False, 'intimate': False, 'classy': False, 'hipster': False, 'divey': False, 'touristy': False, 'trendy': False, 'upscale': False, 'casual': True}"", 'BikeParking: True', 'BusinessAcceptsCreditCards: True', ""BusinessParking: {'garage': False, 'street': False, 'validated': False, 'lot': True, 'valet': False}"", 'Caters: False', 'GoodForKids: True', ""GoodForMeal: {'dessert': False, 'latenight': False, 'lunch': False, 'dinner': True, 'breakfast': False, 'brunch': False}"", 'HasTV: True', 'NoiseLevel: average', 'OutdoorSeating: False', 'RestaurantsAttire: casual', 'RestaurantsDelivery: False', 'RestaurantsGoodForGroups: True', 'RestaurantsPriceRange2: 2', 'RestaurantsReservations: True', 'RestaurantsTableService: True', 'RestaurantsTakeOut: True', 'WheelchairAccessible: True', 'WiFi: no']",-111.6791041,1650 S Clearview Ave,85208,AZ,1,dFArFtgDj1rIahUDHU8L7Q,business
Jack-In-the Box Drive Thru,Tempe,17,,,"['Fast Food', 'Restaurants']",33.378081,2.5,"['Alcohol: none', ""Ambience: {'romantic': False, 'intimate': False, 'classy': False, 'hipster': False, 'divey': False, 'touristy': False, 'trendy': False, 'upscale': False, 'casual': False}"", 'BikeParking: True', 'BusinessAcceptsCreditCards: True', ""BusinessParking: {'garage': False, 'street': False, 'validated': False, 'lot': False, 'valet': False}"", 'DriveThru: True', 'GoodForKids: True', ""GoodForMeal: {'dessert': False, 'latenight': False, 'lunch': False, 'dinner': False, 'breakfast': False, 'brunch': False}"", 'HasTV: False', 'NoiseLevel: loud', 'OutdoorSeating: True', 'RestaurantsAttire: casual', 'RestaurantsDelivery: False', 'RestaurantsGoodForGroups: True', 'RestaurantsPriceRange2: 1', 'RestaurantsReservations: False', 'RestaurantsTakeOut: True']",-111.906887,1817 E Baseline Rd,85283,AZ,0,zZJlMZ4yXuZ8K9XC4x7SVQ,business
Big Mama's Soul Food Rib Shack,Las Vegas,6,,,"['Barbeque', 'Restaurants', 'Southern']",36.177516,2.0,"['Alcohol: none', 'BusinessAcceptsCreditCards: True', ""BusinessParking: {'garage': False, 'street': False, 'validated': False, 'lot': False, 'valet': False}"", 'GoodForKids: True', 'OutdoorSeating: False', 'RestaurantsAttire: casual', 'RestaurantsDelivery: False', 'RestaurantsGoodForGroups: True', 'RestaurantsPriceRange2: 2', 'RestaurantsReservations: False', 'RestaurantsTableService: False', 'RestaurantsTakeOut: True', 'WheelchairAccessible: True']",-115.173218,2230 W Bonanza Rd,89106,NV,0,InDH4ZQ_byiQ5PyaqgHI8Q,business
Tesoro Ristorante Italiano,Scottsdale,117,"['Monday 17:0-21:0', 'Tuesday 17:0-21:0', 'Wednesday 17:0-21:0', 'Thursday 17:0-21:0', 'Friday 17:0-22:0', 'Saturday 17:0-22:0', 'Sunday 17:0-21:0']",,"['Restaurants', 'Italian']",33.5873557,4.5,"['Alcohol: full_bar', ""Ambience: {'romantic': True, 'intimate': False, 'classy': False, 'hipster': False, 'divey': False, 'touristy': False, 'trendy': False, 'upscale': False, 'casual': False}"", 'BikeParking: False', 'BusinessAcceptsCreditCards: True', ""BusinessParking: {'garage': False, 'street': False, 'validated': False, 'lot': True, 'valet': False}"", 'Caters: False', 'GoodForKids: False', ""GoodForMeal: {'dessert': False, 'latenight': False, 'lunch': False, 'dinner': True, 'breakfast': False, 'brunch': False}"", 'HasTV: False', 'NoiseLevel: average', 'OutdoorSeating: True', 'RestaurantsAttire: casual', 'RestaurantsDelivery: False', 'RestaurantsPriceRange2: 2', 'RestaurantsReservations: True', 'RestaurantsTableService: True', 'RestaurantsTakeOut: True', 'WheelchairAccessible: True', 'WiFi: no', 'RestaurantsGoodForGroups: False']",-111.8372776,"11219 E Via Linda, Ste D1",85259,AZ,1,mvsnt4q3A5TzcbPFolpsZQ,business
Shinano Sushi Bar & Japanese Cuisine,Solon,63,"['Monday 11:0-14:0', 'Monday 17:0-21:0', 'Tuesday 11:0-14:0', 'Tuesday 17:0-21:0', 'Wednesday 11:0-14:0', 'Wednesday 17:0-21:0', 'Thursday 17:0-21:0', 'Friday 11:0-14:0', 'Friday 17:0-21:30', 'Saturday 17:0-21:30']",,"['Sushi Bars', 'Restaurants', 'Japanese']",41.423565,4.0,"['Alcohol: none', ""Ambience: {'romantic': False, 'intimate': False, 'classy': False, 'hipster': False, 'divey': False, 'touristy': False, 'trendy': False, 'upscale': False, 'casual': False}"", 'BikeParking: True', 'BusinessAcceptsCreditCards: True', ""BusinessParking: {'garage': False, 'street': False, 'validated': False, 'lot': True, 'valet': False}"", 'Caters: True', 'GoodForKids: True', ""GoodForMeal: {'dessert': False, 'latenight': False, 'lunch': True, 'dinner': True, 'breakfast': False, 'brunch': False}"", 'HasTV: True', 'NoiseLevel: quiet', 'OutdoorSeating: False', 'RestaurantsAttire: casual', 'RestaurantsDelivery: False', 'RestaurantsGoodForGroups: True', 'RestaurantsPriceRange2: 2', 'RestaurantsReservations: True', 'RestaurantsTableService: True', 'RestaurantsTakeOut: True', 'WiFi: no']",-81.4774367,28500 Miles Rd,44139,OH,1,Eq3qA7F5uZBUbcYXROzntA,business
Yogi's Grill,Phoenix,51,"['Monday 11:0-21:0', 'Tuesday 11:0-21:0', 'Wednesday 11:0-21:0', 'Thursday 11:0-21:0', 'Friday 11:0-21:0', 'Saturday 11:0-21:0', 'Sunday 11:0-20:0']",,"['Restaurants', 'Noodles', 'Sushi Bars', 'Japanese', 'Salad']",33.714505545,4.0,"['Alcohol: none', ""Ambience: {'romantic': False, 'intimate': False, 'classy': False, 'hipster': False, 'divey': False, 'touristy': False, 'trendy': False, 'upscale': False, 'casual': True}"", 'BikeParking: True', 'BusinessAcceptsCreditCards: True', ""BusinessParking: {'garage': False, 'street': True, 'validated': False, 'lot': False, 'valet': False}"", 'Caters: True', 'GoodForKids: True', ""GoodForMeal: {'dessert': False, 'latenight': False, 'lunch': True, 'dinner': False, 'breakfast': False, 'brunch': False}"", 'HasTV: True', 'NoiseLevel: average', 'OutdoorSeating: False', 'RestaurantsAttire: casual', 'RestaurantsDelivery: False', 'RestaurantsGoodForGroups: True', 'RestaurantsPriceRange2: 1', 'RestaurantsReservations: False', 'RestaurantsTableService: False', 'RestaurantsTakeOut: True', 'WiFi: no']",-112.112238407,2450 W Happy Valley Rd,85085,AZ,1,Ld2hhA3q3cdkptwS1fsYEg,business
Charcuterie Van Winkles,Montréal,4,,Ville-Marie,"['Delis', 'Restaurants']",45.5025122,4.0,"['GoodForKids: True', 'OutdoorSeating: False', 'RestaurantsDelivery: False', 'RestaurantsGoodForGroups: False', 'RestaurantsPriceRange2: 1', 'RestaurantsReservations: False', 'RestaurantsTakeOut: True']",-73.5555426,221 Rue St. Paul O,H2Y 1Z9,QC,1,gkC097ka77WZkHjp1CWP1A,business
Jersey Mike's Subs,Charlotte,15,"['Monday 10:0-21:0', 'Tuesday 10:0-21:0', 'Wednesday 10:0-21:0', 'Thursday 10:0-21:0', 'Friday 10:0-21:0', 'Saturday 10:0-21:0', 'Sunday 10:0-21:0']",,"['Delis', 'Restaurants', 'Fast Food', 'Sandwiches']",35.346468,3.5,"['Alcohol: none', ""Ambience: {'romantic': False, 'intimate': False, 'classy': False, 'hipster': False, 'divey': False, 'touristy': False, 'trendy': False, 'upscale': False, 'casual': False}"", 'BikeParking: True', 'BusinessAcceptsCreditCards: True', 'DriveThru: False', 'GoodForKids: True', ""GoodForMeal: {'dessert': False, 'latenight': False, 'lunch': False, 'dinner': False, 'breakfast': False, 'brunch': False}"", 'HasTV: True', 'NoiseLevel: average', 'OutdoorSeating: True', 'RestaurantsAttire: casual', 'RestaurantsDelivery: False', 'RestaurantsGoodForGroups: False', 'RestaurantsPriceRange2: 1', 'RestaurantsReservations: False', 'RestaurantsTableService: False', 'RestaurantsTakeOut: True']",-80.852589,"10125 Perimeter Pkwy, Ste C",28216,NC,1,_OtUeybIKTx2jhLVYV66wA,business
Pizza Fresh,Mesa,3,"['Monday 11:0-20:0', 'Tuesday 11:0-20:0', 'Wednesday 11:0-20:0', 'Thursday 11:0-20:0', 'Friday 11:0-21:0', 'Saturday 11:0-21:0', 'Sunday 11:0-19:0']",,"['Restaurants', 'Pizza']",33.3794143,4.5,"['Alcohol: none', ""Ambience: {'romantic': False, 'intimate': False, 'classy': False, 'hipster': False, 'divey': False, 'touristy': False, 'trendy': False, 'upscale': False, 'casual': False}"", 'BusinessAcceptsCreditCards: True', ""BusinessParking: {'garage': False, 'street': False, 'validated': False, 'lot': False, 'valet': False}"", 'Caters: False', 'GoodForKids: True', ""GoodForMeal: {'dessert': False, 'latenight': False, 'lunch': True, 'dinner': True, 'breakfast': False, 'brunch': False}"", 'HasTV: False', 'NoiseLevel: quiet', 'OutdoorSeating: False', 'RestaurantsAttire: dressy', 'RestaurantsDelivery: False', 'RestaurantsGoodForGroups: True', 'RestaurantsPriceRange2: 1', 'RestaurantsReservations: False', 'RestaurantsTableService: True', 'RestaurantsTakeOut: True', 'WiFi: no']",-111.7541038,1940 S Val Vista Dr,85204,AZ,0,YHWjW9GLcuNtnh_xdCSOeA,business
Red Apple Grill,Las Vegas,6,"['Monday 10:0-20:0', 'Tuesday 10:0-20:0', 'Wednesday 10:0-20:0', 'Thursday 10:0-20:0', 'Friday 10:0-20:30', 'Saturday 16:0-20:30']",Westside,"['Restaurants', 'Burgers', 'Local Flavor', 'Barbeque']",36.1591089,3.5,"['Alcohol: beer_and_wine', 'BusinessAcceptsCreditCards: True', ""BusinessParking: {'garage': False, 'street': False, 'validated': False, 'lot': False, 'valet': False}"", 'GoodForKids: True', ""GoodForMeal: {'dessert': False, 'latenight': False, 'lunch': False, 'dinner': False, 'breakfast': False, 'brunch': False}"", 'OutdoorSeating: False', 'RestaurantsAttire: casual', 'RestaurantsDelivery: False', 'RestaurantsGoodForGroups: False', 'RestaurantsPriceRange2: 1', 'RestaurantsTableService: True', 'RestaurantsTakeOut: True', 'WheelchairAccessible: True']",-115.2509355,7002 W Charleston Blvd,89145,NV,0,WleVOQ9YhBYl4SWrlsLDhA,business
Presto Calzone Bakery,Las Vegas,132,"['Monday 11:0-21:0', 'Tuesday 11:0-20:0', 'Wednesday 11:0-20:0', 'Thursday 11:0-20:0', 'Friday 11:0-20:0', 'Saturday 11:0-20:0']",Centennial,"['Desserts', 'Food', 'Pizza', 'Restaurants', 'Bakeries']",36.29733,4.5,"['Alcohol: none', ""Ambience: {'romantic': False, 'intimate': False, 'classy': False, 'hipster': False, 'divey': False, 'touristy': False, 'trendy': False, 'upscale': False, 'casual': True}"", 'BikeParking: True', 'BusinessAcceptsBitcoin: False', 'BusinessAcceptsCreditCards: True', ""BusinessParking: {'garage': False, 'street': False, 'validated': False, 'lot': True, 'valet': False}"", 'Caters: True', 'GoodForKids: True', ""GoodForMeal: {'dessert': True, 'latenight': False, 'lunch': True, 'dinner': True, 'breakfast': False, 'brunch': False}"", 'HasTV: False', 'NoiseLevel: quiet', 'OutdoorSeating: False', 'RestaurantsAttire: casual', 'RestaurantsDelivery: True', 'RestaurantsGoodForGroups: True', 'RestaurantsPriceRange2: 1', 'RestaurantsReservations: False', 'RestaurantsTableService: False', 'RestaurantsTakeOut: True', 'WheelchairAccessible: True', 'WiFi: no']",-115.270268,"7501 N Cimarron Rd, Ste 108",89131,NV,1,gMUAn6xcuE-TbY1seFw_Ww,business
Mark Rich's New York Pizza & Pasta,Las Vegas,74,"['Monday 11:0-21:0', 'Tuesday 11:0-21:0', 'Wednesday 11:0-21:0', 'Thursday 11:0-21:0', 'Friday 11:0-22:0', 'Saturday 11:0-22:0', 'Sunday 11:0-21:0']",Centennial,"['Restaurants', 'Pizza']",36.271169,3.5,"['Alcohol: beer_and_wine', ""Ambience: {'romantic': False, 'intimate': False, 'classy': False, 'hipster': False, 'divey': False, 'touristy': False, 'trendy': False, 'upscale': False, 'casual': True}"", 'BusinessAcceptsCreditCards: True', ""BusinessParking: {'garage': False, 'street': False, 'validated': False, 'lot': True, 'valet': False}"", 'Caters: True', 'GoodForKids: True', ""GoodForMeal: {'dessert': False, 'latenight': False, 'lunch': True, 'dinner': False, 'breakfast': False, 'brunch': False}"", 'HasTV: True', 'NoiseLevel: average', 'OutdoorSeating: True', 'RestaurantsAttire: casual', 'RestaurantsDelivery: True', 'RestaurantsGoodForGroups: True', 'RestaurantsPriceRange2: 2', 'RestaurantsReservations: False', 'RestaurantsTableService: True', 'RestaurantsTakeOut: True', 'WheelchairAccessible: True', 'WiFi: no']",-115.2677588,7930 W Tropical Pkwy,89149,NV,0,kUntNQ5P9IrRzEoHdRxV-w,business
Bombay's Chutney,Richmond Hill,43,"['Monday 12:0-21:30', 'Tuesday 12:0-21:30', 'Wednesday 12:0-21:30', 'Thursday 12:0-21:30', 'Friday 12:0-21:30', 'Saturday 12:30-21:30', 'Sunday 12:30-21:30']",,"['Restaurants', 'Indian']",43.8764965,3.0,"['Alcohol: beer_and_wine', ""Ambience: {'romantic': False, 'intimate': False, 'classy': False, 'hipster': False, 'touristy': False, 'trendy': False, 'upscale': False, 'casual': True}"", 'BikeParking: True', 'BusinessAcceptsCreditCards: True', ""BusinessParking: {'garage': False, 'street': False, 'validated': False, 'lot': True, 'valet': False}"", 'Caters: True', 'GoodForKids: True', ""GoodForMeal: {'dessert': False, 'latenight': False, 'lunch': True, 'dinner': True, 'breakfast': False, 'brunch': False}"", 'HasTV: False', 'NoiseLevel: average', 'OutdoorSeating: False', 'RestaurantsAttire: casual', 'RestaurantsDelivery: False', 'RestaurantsGoodForGroups: True', 'RestaurantsPriceRange2: 2', 'RestaurantsReservations: True', 'RestaurantsTableService: True', 'RestaurantsTakeOut: True', 'WiFi: no']",-79.4105872,"1070 Major Mackenzie Drive E, Unit H1",L4S 1P3,ON,1,DKqhCd3Vwl3CEo8vUHhLYg,business
Ben & Florentine,Dollard-Des-Ormeaux,9,"['Monday 6:0-15:0', 'Tuesday 6:0-15:0', 'Wednesday 6:0-15:0', 'Thursday 6:0-15:0', 'Friday 6:0-15:0', 'Saturday 6:0-15:0', 'Sunday 7:0-15:0']",Dollard-des-Ormeaux,"['Restaurants', 'Breakfast & Brunch']",45.484974,3.5,"['Alcohol: none', ""Ambience: {'romantic': False, 'intimate': False, 'classy': False, 'hipster': False, 'touristy': False, 'trendy': False, 'upscale': False, 'casual': False}"", 'BikeParking: False', 'BusinessAcceptsCreditCards: True', 'Caters: True', 'DogsAllowed: False', 'GoodForKids: True', ""GoodForMeal: {'dessert': False, 'latenight': False, 'lunch': False, 'dinner': False, 'breakfast': False, 'brunch': False}"", 'HasTV: True', 'NoiseLevel: average', 'OutdoorSeating: True', 'RestaurantsAttire: casual', 'RestaurantsDelivery: False', 'RestaurantsGoodForGroups: True', 'RestaurantsPriceRange2: 2', 'RestaurantsReservations: True', 'RestaurantsTableService: True', 'RestaurantsTakeOut: True', 'WheelchairAccessible: True', 'WiFi: free', ""BusinessParking: {'garage': False, 'street': True, 'validated': True, 'lot': True, 'valet': False}""]",-73.801866,11618 Boulevard de Salaberry,H9B 2R8,QC,1,PsbxETid2Gw4YunOLLRi3w,business
Com Tam Dao Vien Peach Garden,Markham,5,,,"['Restaurants', 'Vietnamese']",43.8410346,3.0,,-79.3042939,"7700 Kennedy Rd, Unit 109",L3R,ON,0,uVxoH84VOroNq9tR3d_48A,business
The Steakhouse at The Pass,Henderson,14,"['Thursday 16:0-22:0', 'Friday 16:0-22:0', 'Saturday 16:0-22:0', 'Sunday 16:0-22:0']",,"['Restaurants', 'Steakhouses']",35.972629,4.0,"['Alcohol: full_bar', ""Ambience: {'romantic': True, 'intimate': False, 'classy': False, 'hipster': False, 'divey': False, 'touristy': False, 'trendy': False, 'upscale': False, 'casual': False}"", 'BikeParking: True', 'BusinessAcceptsCreditCards: True', ""BusinessParking: {'garage': False, 'street': False, 'validated': False, 'lot': True, 'valet': False}"", 'Caters: False', 'DogsAllowed: False', 'GoodForKids: False', ""GoodForMeal: {'dessert': False, 'latenight': False, 'lunch': False, 'dinner': False, 'breakfast': False, 'brunch': False}"", 'HasTV: False', 'NoiseLevel: quiet', 'OutdoorSeating: False', 'RestaurantsAttire: casual', 'RestaurantsDelivery: False', 'RestaurantsGoodForGroups: True', 'RestaurantsPriceRange2: 2', 'RestaurantsReservations: True', 'RestaurantsTableService: True', 'RestaurantsTakeOut: True', 'WheelchairAccessible: True', 'WiFi: free']",-114.912004,2800 S Boulder Hwy,89002,NV,0,ktAYPbPwmV7cWH-RWwihpA,business
Subway,Phoenix,5,,,"['Fast Food', 'Sandwiches', 'Restaurants']",33.6830962,2.5,"['BikeParking: True', 'BusinessAcceptsCreditCards: True', 'GoodForKids: True', ""GoodForMeal: {'dessert': False, 'latenight': False, 'lunch': False, 'dinner': False, 'breakfast': False, 'brunch': False}"", 'RestaurantsAttire: casual', 'RestaurantsDelivery: False', 'RestaurantsGoodForGroups: False', 'RestaurantsPriceRange2: 1', 'RestaurantsReservations: False', 'RestaurantsTakeOut: True']",-112.0820092,"625 W Deer Valley Rd, Ste 107",85027,AZ,1,a48i_DFln5e1oaJKNM6BUg,business
Da Toni Pizza und Eis,Fellbach,3,,,"['Pizza', 'Food', 'Italian', 'Restaurants', 'Ice Cream & Frozen Yogurt']",48.8407,4.5,"['Alcohol: beer_and_wine', 'BikeParking: True', 'BusinessAcceptsCreditCards: False', ""BusinessParking: {'garage': False, 'street': False, 'validated': False, 'lot': False, 'valet': False}"", 'DogsAllowed: False', 'GoodForKids: True', ""GoodForMeal: {'dessert': False, 'latenight': False, 'lunch': False, 'dinner': True, 'breakfast': False, 'brunch': False}"", 'OutdoorSeating: False', 'RestaurantsAttire: casual', 'RestaurantsDelivery: False', 'RestaurantsGoodForGroups: False', 'RestaurantsPriceRange2: 2', 'RestaurantsReservations: False', 'RestaurantsTakeOut: False', 'WheelchairAccessible: False']",9.25994,Welzheimer Str. 1,70736,BW,1,F8hRwpv5F8rOyvmun1sBrw,business
Fushimi,Markham,43,,,"['Japanese', 'Restaurants']",43.8266608,3.0,"['Alcohol: full_bar', ""Ambience: {'romantic': False, 'intimate': False, 'classy': False, 'hipster': False, 'touristy': False, 'trendy': False, 'upscale': False, 'casual': True}"", 'BikeParking: True', 'BusinessAcceptsCreditCards: True', ""BusinessParking: {'garage': False, 'street': False, 'validated': False, 'lot': True, 'valet': False}"", 'Caters: True', 'GoodForKids: True', ""GoodForMeal: {'dessert': False, 'latenight': False, 'lunch': False, 'dinner': True, 'breakfast': False, 'brunch': False}"", 'HasTV: False', 'NoiseLevel: average', 'OutdoorSeating: False', 'RestaurantsAttire: casual', 'RestaurantsDelivery: True', 'RestaurantsGoodForGroups: True', 'RestaurantsPriceRange2: 2', 'RestaurantsReservations: True', 'RestaurantsTableService: True', 'RestaurantsTakeOut: True', 'WiFi: no']",-79.3507738,7501 Woodbine Avenue,L3R 2W1,ON,0,ITIqv6QzRV_tE-PS6Brw6A,business
Tusca Restaurant,Pittsburgh,25,"['Monday 11:30-21:0', 'Tuesday 11:30-21:0', 'Wednesday 11:30-21:0', 'Thursday 11:30-21:0', 'Friday 11:30-23:0', 'Friday 23:0-2:0', 'Saturday 11:30-23:0', 'Saturday 23:0-2:0', 'Sunday 11:30-21:0']",South Side,"['Tapas Bars', 'Restaurants']",40.4273611,2.0,"['Alcohol: full_bar', 'BYOB: False', 'BYOBCorkage: no', 'BusinessAcceptsCreditCards: True', ""BusinessParking: {'garage': True, 'street': True, 'validated': False, 'lot': False, 'valet': False}"", 'GoodForKids: False', ""GoodForMeal: {'dessert': False, 'latenight': False, 'lunch': False, 'dinner': True, 'breakfast': False, 'brunch': False}"", 'HasTV: False', 'OutdoorSeating: True', 'RestaurantsAttire: casual', 'RestaurantsDelivery: False', 'RestaurantsGoodForGroups: True', 'RestaurantsPriceRange2: 3', 'RestaurantsReservations: True', 'RestaurantsTableService: True', 'RestaurantsTakeOut: False', 'WheelchairAccessible: True']",-79.964962,2773 Sidney St,15203,PA,0,HYwbHY-srAOoH-t337DpMw,business
Famous Dave's,Peoria,177,"['Monday 11:0-22:0', 'Tuesday 11:0-22:0', 'Wednesday 11:0-22:0', 'Thursday 11:0-22:0', 'Friday 11:0-23:0', 'Saturday 11:0-23:0', 'Sunday 11:0-22:0']",,"['Barbeque', 'Restaurants']",33.633666,3.5,"['Alcohol: full_bar', ""Ambience: {'romantic': False, 'intimate': False, 'classy': False, 'hipster': False, 'divey': False, 'touristy': False, 'trendy': False, 'upscale': False, 'casual': True}"", 'BYOBCorkage: yes_free', 'BikeParking: True', 'BusinessAcceptsCreditCards: True', ""BusinessParking: {'garage': False, 'street': False, 'validated': False, 'lot': True, 'valet': False}"", 'Caters: True', 'Corkage: False', 'GoodForKids: True', ""GoodForMeal: {'dessert': False, 'latenight': False, 'lunch': True, 'dinner': True, 'breakfast': False, 'brunch': False}"", 'HasTV: True', 'NoiseLevel: average', 'OutdoorSeating: True', 'RestaurantsAttire: casual', 'RestaurantsDelivery: False', 'RestaurantsGoodForGroups: True', 'RestaurantsPriceRange2: 2', 'RestaurantsReservations: False', 'RestaurantsTableService: True', 'RestaurantsTakeOut: True', 'WheelchairAccessible: True', 'WiFi: no']",-112.235047,16148 N 83rd Ave,85382,AZ,1,S6HTXcS97j173_btjN8w7Q,business
New Spiceland Restaurant,Toronto,3,,Scarborough,"['Indian', 'Restaurants']",43.8365904448,2.5,"[""BusinessParking: {'garage': False, 'street': False, 'validated': False, 'lot': False, 'valet': False}"", 'RestaurantsGoodForGroups: False', 'RestaurantsReservations: False']",-79.2486990988,6065 Steeles Ave E,M1X 0B1,ON,1,2KkTzafNqkEKr5VTjsR3hw,business
Subway,Gilbert,3,,,"['Restaurants', 'Fast Food', 'Sandwiches']",33.3772861,2.5,"['BikeParking: True', 'BusinessAcceptsCreditCards: True', 'GoodForKids: True', ""GoodForMeal: {'dessert': False, 'latenight': False, 'lunch': False, 'dinner': False, 'breakfast': False, 'brunch': False}"", 'HasTV: False', 'OutdoorSeating: False', 'RestaurantsAttire: casual', 'RestaurantsDelivery: False', 'RestaurantsGoodForGroups: True', 'RestaurantsPriceRange2: 1', 'RestaurantsReservations: False', 'RestaurantsTakeOut: True']",-111.7891162,"1939 E Baseline Rd, Ste 114",85233,AZ,1,SoNtzn70l0gSnG70rUOk9Q,business
Pizza Milano,Pittsburgh,56,"['Monday 10:0-2:0', 'Tuesday 10:0-2:0', 'Wednesday 10:0-2:0', 'Thursday 10:0-2:0', 'Friday 10:0-3:0', 'Saturday 10:0-3:0', 'Sunday 10:0-2:0']",The Hill District,"['Pizza', 'Restaurants']",40.438453,3.5,"['Alcohol: full_bar', ""Ambience: {'romantic': False, 'intimate': False, 'classy': False, 'hipster': False, 'divey': False, 'touristy': False, 'trendy': False, 'upscale': False, 'casual': True}"", 'BikeParking: True', 'BusinessAcceptsCreditCards: True', ""BusinessParking: {'garage': False, 'street': True, 'validated': False, 'lot': False, 'valet': False}"", 'Caters: True', 'GoodForKids: True', 'HasTV: True', 'NoiseLevel: average', 'OutdoorSeating: False', 'RestaurantsAttire: casual', 'RestaurantsDelivery: True', 'RestaurantsGoodForGroups: True', 'RestaurantsPriceRange2: 2', 'RestaurantsReservations: False', 'RestaurantsTakeOut: True', 'WiFi: no', ""GoodForMeal: {'dessert': False, 'latenight': True, 'lunch': True, 'dinner': True, 'breakfast': False, 'brunch': False}"", 'RestaurantsTableService: False']",-79.987978,1304 5th Ave,15219,PA,1,ZYof0WYlilJ3pgWNSgmYKQ,business
Venice Cafe,Kent,9,,,"['Pizza', 'Nightlife', 'Restaurants', 'Bars']",41.152875,3.5,"['Alcohol: full_bar', ""Ambience: {'romantic': False, 'intimate': False, 'classy': False, 'hipster': False, 'divey': False, 'touristy': False, 'trendy': False, 'upscale': False, 'casual': False}"", 'BikeParking: True', 'BusinessAcceptsCreditCards: True', ""BusinessParking: {'garage': False, 'street': True, 'validated': False, 'lot': False, 'valet': False}"", 'Caters: False', 'GoodForDancing: True', 'GoodForKids: False', ""GoodForMeal: {'dessert': False, 'latenight': False, 'lunch': False, 'dinner': False, 'breakfast': False, 'brunch': False}"", 'HasTV: True', 'NoiseLevel: loud', 'OutdoorSeating: False', 'RestaurantsAttire: casual', 'RestaurantsDelivery: False', 'RestaurantsGoodForGroups: True', 'RestaurantsPriceRange2: 1', 'RestaurantsReservations: False', 'RestaurantsTableService: True', 'RestaurantsTakeOut: True', 'HappyHour: True']",-81.358754,163 Franklin Ave,44240,OH,1,7aUnd76Myn3ocL425AWGeg,business
Fromagerie Maitre Affineur Maitre Corbeau,Montréal,5,"['Monday 8:30-18:30', 'Tuesday 8:30-18:30', 'Wednesday 8:30-18:30', 'Thursday 8:30-20:0', 'Friday 8:30-20:0', 'Saturday 8:30-18:0', 'Sunday 8:30-17:0']",Plateau-Mont-Royal,"['Restaurants', 'Cheese Shops', 'Sandwiches', 'Specialty Food', 'Food', 'Delis']",45.5330663,4.5,"['BusinessAcceptsCreditCards: True', 'GoodForKids: False', ""GoodForMeal: {'dessert': False, 'latenight': False, 'lunch': False, 'dinner': False, 'breakfast': False, 'brunch': False}"", 'RestaurantsAttire: casual', 'RestaurantsDelivery: False', 'RestaurantsGoodForGroups: False', 'RestaurantsReservations: False', 'RestaurantsTakeOut: True']",-73.584284,5101 Rue Chambord,H2J 3N4,QC,1,9wJNXm3L-N1lEeIKwrTNgg,business
Brooklynn,Toronto,17,"['Tuesday 21:0-2:0', 'Thursday 21:0-2:0', 'Friday 21:0-2:0', 'Saturday 21:0-2:0']",West Queen West,"['Music Venues', 'Dance Clubs', 'Nightlife', 'Restaurants', 'Burgers', 'Pubs', 'Lounges', 'Comedy Clubs', 'Arts & Entertainment', 'Bars']",43.6427722,3.5,"['Alcohol: full_bar', ""Ambience: {'romantic': False, 'intimate': False, 'classy': False, 'hipster': False, 'touristy': False, 'trendy': False, 'upscale': False, 'casual': True}"", ""BestNights: {'monday': False, 'tuesday': False, 'friday': True, 'wednesday': False, 'thursday': False, 'sunday': True, 'saturday': True}"", 'BikeParking: True', 'BusinessAcceptsCreditCards: True', ""BusinessParking: {'garage': False, 'street': True, 'validated': False, 'lot': False, 'valet': False}"", 'CoatCheck: True', 'GoodForDancing: True', 'GoodForKids: False', 'HappyHour: True', ""Music: {'dj': True, 'background_music': False, 'no_music': False, 'karaoke': False, 'live': False, 'video': False, 'jukebox': False}"", 'NoiseLevel: loud', 'OutdoorSeating: True', 'RestaurantsGoodForGroups: True', 'RestaurantsPriceRange2: 2', 'RestaurantsReservations: True', 'Smoking: outdoor', 'WheelchairAccessible: True', 'HasTV: True']",-79.4260509,1186 Queen Street W,M6J 1J6,ON,1,X1H-ZaSAXsX1DmHK16Jxwg,business
Five Guys Burgers and Fries,Scottsdale,81,"['Monday 11:0-22:0', 'Tuesday 11:0-22:0', 'Wednesday 11:0-22:0', 'Thursday 11:0-22:0', 'Friday 11:0-22:0', 'Saturday 11:0-22:0', 'Sunday 11:0-19:0']",,"['Burgers', 'Fast Food', 'Restaurants']",33.50406238,3.0,"['Alcohol: none', ""Ambience: {'romantic': False, 'intimate': False, 'classy': False, 'hipster': False, 'divey': False, 'touristy': False, 'trendy': False, 'upscale': False, 'casual': True}"", 'BikeParking: True', 'BusinessAcceptsCreditCards: True', ""BusinessParking: {'garage': False, 'street': False, 'validated': False, 'lot': True, 'valet': False}"", 'Caters: False', 'DriveThru: False', 'GoodForKids: True', ""GoodForMeal: {'dessert': False, 'latenight': False, 'lunch': True, 'dinner': True, 'breakfast': False, 'brunch': False}"", 'HasTV: False', 'NoiseLevel: average', 'OutdoorSeating: True', 'RestaurantsAttire: casual', 'RestaurantsDelivery: False', 'RestaurantsGoodForGroups: True', 'RestaurantsPriceRange2: 2', 'RestaurantsReservations: False', 'RestaurantsTableService: False', 'RestaurantsTakeOut: True', 'WheelchairAccessible: True', 'WiFi: no']",-111.929430642,7014-590 E Camelback Rd,85251,AZ,1,SYa2j1boLF8DcGVOYfHPcA,business
Distrito,Scottsdale,301,,,"['Restaurants', 'Barbeque', 'Breakfast & Brunch', 'Mexican']",33.4943298,3.5,"['Alcohol: full_bar', ""Ambience: {'romantic': False, 'intimate': False, 'classy': False, 'hipster': False, 'divey': False, 'touristy': False, 'trendy': True, 'upscale': False, 'casual': False}"", 'BikeParking: True', 'BusinessAcceptsCreditCards: True', ""BusinessParking: {'garage': False, 'street': False, 'validated': True, 'lot': False, 'valet': True}"", 'Caters: True', 'DogsAllowed: True', 'GoodForKids: False', ""GoodForMeal: {'dessert': False, 'latenight': False, 'lunch': False, 'dinner': True, 'breakfast': False, 'brunch': False}"", 'HasTV: True', 'NoiseLevel: average', 'OutdoorSeating: True', 'RestaurantsAttire: casual', 'RestaurantsDelivery: False', 'RestaurantsGoodForGroups: True', 'RestaurantsPriceRange2: 2', 'RestaurantsReservations: True', 'RestaurantsTableService: True', 'RestaurantsTakeOut: True', 'WheelchairAccessible: True', 'WiFi: free']",-111.9224801,4000 N Drinkwater Blvd,85251,AZ,0,ndXuzuD4BpNIrm1I0nTsww,business
Pittsburgh International Airport,Pittsburgh,364,"['Monday 0:0-0:0', 'Tuesday 0:0-0:0', 'Wednesday 0:0-0:0', 'Thursday 0:0-0:0', 'Friday 0:0-0:0', 'Saturday 0:0-0:0', 'Sunday 0:0-0:0']",,"['Restaurants', 'Fast Food', 'Airports', 'Hotels & Travel']",40.4958772052,3.5,"['Alcohol: full_bar', 'BusinessAcceptsCreditCards: True', 'Caters: True', 'GoodForKids: True', 'RestaurantsAttire: casual', 'RestaurantsDelivery: False', 'RestaurantsGoodForGroups: True', 'RestaurantsPriceRange2: 4', 'RestaurantsReservations: True', 'RestaurantsTakeOut: False', 'WiFi: free']",-80.2560925484,1000 Airport Blvd,15231,PA,1,u7CxxEzx8hvjoJ8onN4zTg,business
Mandarin Super Buffet,Phoenix,89,"['Monday 11:0-22:0', 'Tuesday 11:0-22:0', 'Wednesday 11:0-22:0', 'Thursday 11:0-22:0', 'Friday 11:0-22:0', 'Saturday 11:0-22:0', 'Sunday 11:0-22:0']",,"['Restaurants', 'Buffets']",33.524008,2.5,"['Alcohol: beer_and_wine', ""Ambience: {'romantic': False, 'intimate': False, 'classy': False, 'hipster': False, 'divey': False, 'touristy': False, 'trendy': False, 'upscale': False, 'casual': True}"", 'BikeParking: True', 'BusinessAcceptsCreditCards: True', ""BusinessParking: {'garage': False, 'street': False, 'validated': False, 'lot': True, 'valet': False}"", 'Caters: False', 'GoodForKids: True', ""GoodForMeal: {'dessert': False, 'latenight': False, 'lunch': True, 'dinner': False, 'breakfast': False, 'brunch': False}"", 'HasTV: False', 'NoiseLevel: average', 'OutdoorSeating: False', 'RestaurantsAttire: casual', 'RestaurantsDelivery: False', 'RestaurantsGoodForGroups: True', 'RestaurantsPriceRange2: 2', 'RestaurantsReservations: False', 'RestaurantsTableService: True', 'RestaurantsTakeOut: True', 'WiFi: no']",-112.091192,1501 W Bethany Home Rd,85015,AZ,1,-jKBFjNTbiafSdunQy6dlQ,business
Taste Cafe,Markham,3,,Brown's Corners,"['Cafes', 'Food', 'Restaurants', 'Sandwiches', 'Coffee & Tea', 'Breakfast & Brunch']",43.8535260816,3.5,"['RestaurantsDelivery: False', 'RestaurantsGoodForGroups: False', 'RestaurantsReservations: False']",-79.3388300389,59-63 S Town Centre Boulevard,L6G 0C5,ON,1,j1fyIuQwrJWHJwR38UMysQ,business
Pho 88 Viet Thai Cuisine,Toronto,18,,Scarborough,"['Vietnamese', 'Restaurants']",43.7500715,3.0,"['Alcohol: full_bar', ""Ambience: {'romantic': False, 'intimate': False, 'classy': False, 'hipster': False, 'touristy': False, 'trendy': False, 'upscale': False, 'casual': False}"", 'BikeParking: True', 'BusinessAcceptsCreditCards: True', ""BusinessParking: {'garage': False, 'street': False, 'validated': False, 'lot': False, 'valet': False}"", 'Caters: False', 'GoodForKids: True', ""GoodForMeal: {'dessert': False, 'latenight': False, 'lunch': False, 'dinner': False, 'breakfast': False, 'brunch': False}"", 'HasTV: True', 'NoiseLevel: quiet', 'OutdoorSeating: False', 'RestaurantsAttire: casual', 'RestaurantsDelivery: False', 'RestaurantsGoodForGroups: False', 'RestaurantsPriceRange2: 2', 'RestaurantsReservations: False', 'RestaurantsTableService: True', 'RestaurantsTakeOut: True', 'WiFi: no']",-79.2958491,"Milliken Wellss Shopping Plaza, 250 Alton Tower Circle, Suite C6",M1R,ON,1,3hI6dSt3PiF0y6aXA0QeHw,business
Penglai Fairyland Restaurant,Richmond Hill,8,,,"['Restaurants', 'Chinese']",43.8434746,2.5,['RestaurantsReservations: True'],-79.3876864,280 W Beaver Road,L4B 3Z1,ON,0,iemZJSKNBp8vx66CPBG79Q,business
Fair View Chinese Cuisine,Las Vegas,7,"['Monday 11:30-22:0', 'Tuesday 11:30-22:0', 'Wednesday 11:30-22:0', 'Thursday 11:30-22:0', 'Friday 11:30-22:0', 'Saturday 16:0-22:0']",,"['Restaurants', 'Chinese']",36.1948912,3.5,"['Alcohol: beer_and_wine', ""Ambience: {'romantic': False, 'intimate': False, 'classy': False, 'hipster': False, 'divey': False, 'touristy': False, 'trendy': False, 'upscale': False, 'casual': True}"", 'BusinessAcceptsCreditCards: True', ""BusinessParking: {'garage': False, 'street': False, 'validated': False, 'lot': True, 'valet': False}"", 'Caters: False', 'GoodForKids: True', ""GoodForMeal: {'dessert': False, 'latenight': False, 'lunch': True, 'dinner': True, 'breakfast': False, 'brunch': False}"", 'HasTV: False', 'NoiseLevel: quiet', 'OutdoorSeating: False', 'RestaurantsAttire: casual', 'RestaurantsDelivery: True', 'RestaurantsGoodForGroups: True', 'RestaurantsPriceRange2: 1', 'RestaurantsReservations: False', 'RestaurantsTableService: True', 'RestaurantsTakeOut: True', 'WheelchairAccessible: True', 'WiFi: no']",-115.2051145,"1930 N Decatur Blvd, Ste 1",89108,NV,0,-vb_yx5QnIhpXUIdPVD2og,business
Ka Chi,Toronto,101,"['Monday 10:30-23:0', 'Tuesday 10:30-23:0', 'Wednesday 10:30-23:0', 'Thursday 10:30-23:0', 'Friday 10:30-23:30', 'Saturday 10:30-23:30', 'Sunday 10:30-23:30']",Chinatown,"['Restaurants', 'Korean', 'Japanese']",43.6543053,3.5,"['Alcohol: beer_and_wine', ""Ambience: {'romantic': False, 'intimate': False, 'classy': False, 'hipster': False, 'touristy': False, 'trendy': False, 'upscale': False, 'casual': True}"", 'BikeParking: True', 'BusinessAcceptsCreditCards: True', ""BusinessParking: {'garage': False, 'street': True, 'validated': False, 'lot': False, 'valet': False}"", 'Caters: False', 'GoodForKids: True', ""GoodForMeal: {'dessert': False, 'latenight': False, 'lunch': True, 'dinner': True, 'breakfast': False, 'brunch': False}"", 'HasTV: True', 'NoiseLevel: average', 'OutdoorSeating: False', 'RestaurantsAttire: casual', 'RestaurantsDelivery: False', 'RestaurantsGoodForGroups: True', 'RestaurantsPriceRange2: 1', 'RestaurantsReservations: False', 'RestaurantsTableService: True', 'RestaurantsTakeOut: True', 'WheelchairAccessible: False', 'WiFi: no']",-79.3991325,"Kensington Market, 8 Saint Andrews Street",M5T 2G4,ON,1,tGBeFfwXCUZOsb0YWiMWIA,business
India 360,Toronto,14,"['Monday 11:30-22:30', 'Tuesday 11:30-22:30', 'Wednesday 11:30-22:30', 'Thursday 11:30-22:30', 'Friday 11:30-23:0', 'Saturday 11:30-23:0', 'Sunday 11:30-22:30']",Scarborough,"['Indian', 'Restaurants']",43.8238258,3.0,"['Alcohol: full_bar', ""Ambience: {'romantic': False, 'intimate': False, 'classy': False, 'hipster': False, 'touristy': False, 'trendy': False, 'upscale': False, 'casual': False}"", 'BikeParking: True', 'BusinessAcceptsCreditCards: True', ""BusinessParking: {'garage': False, 'street': False, 'validated': False, 'lot': False, 'valet': False}"", 'GoodForKids: True', ""GoodForMeal: {'dessert': False, 'latenight': False, 'lunch': False, 'dinner': True, 'breakfast': False, 'brunch': False}"", 'HasTV: True', 'NoiseLevel: average', 'OutdoorSeating: False', 'RestaurantsAttire: casual', 'RestaurantsDelivery: False', 'RestaurantsGoodForGroups: True', 'RestaurantsPriceRange2: 2', 'RestaurantsReservations: True', 'RestaurantsTableService: True', 'RestaurantsTakeOut: True', 'WiFi: no']",-79.2476563,2761 Markham Road,M1X 0A4,ON,1,tRSUE3l8T2ptsj4LMk8Ysw,business
Jugoo Chinese Restaurant,Las Vegas,34,"['Monday 10:30-21:30', 'Tuesday 10:30-21:30', 'Wednesday 10:30-21:30', 'Thursday 10:30-21:30', 'Friday 10:30-21:30', 'Sunday 10:30-21:30']",University,"['Restaurants', 'Chinese']",36.1041299,3.5,"['Alcohol: none', ""Ambience: {'romantic': False, 'intimate': False, 'classy': False, 'hipster': False, 'divey': False, 'touristy': False, 'trendy': False, 'upscale': False, 'casual': True}"", 'BusinessAcceptsCreditCards: True', ""BusinessParking: {'garage': False, 'street': False, 'validated': False, 'lot': True, 'valet': False}"", 'Caters: False', 'GoodForKids: True', ""GoodForMeal: {'dessert': False, 'latenight': False, 'lunch': True, 'dinner': True, 'breakfast': False, 'brunch': False}"", 'HasTV: False', 'NoiseLevel: quiet', 'OutdoorSeating: False', 'RestaurantsAttire: casual', 'RestaurantsGoodForGroups: True', 'RestaurantsPriceRange2: 2', 'RestaurantsReservations: False', 'RestaurantsTableService: True', 'RestaurantsTakeOut: True', 'WiFi: no']",-115.1377251,4747 S Maryland Pkwy,89119,NV,0,3rkxTx8DoZSl7_FryhXCVQ,business
Panda Express,Scottsdale,11,"['Monday 10:0-21:0', 'Tuesday 10:0-21:0', 'Wednesday 10:0-21:0', 'Thursday 10:0-21:0', 'Friday 10:0-21:30', 'Saturday 11:0-21:30', 'Sunday 11:0-21:0']",,"['Restaurants', 'Chinese', 'Fast Food']",33.6245789,3.0,"['Alcohol: none', ""Ambience: {'romantic': False, 'intimate': False, 'classy': False, 'hipster': False, 'divey': False, 'touristy': False, 'trendy': False, 'upscale': False, 'casual': False}"", 'BikeParking: False', 'BusinessAcceptsCreditCards: True', 'DriveThru: False', 'GoodForKids: True', ""GoodForMeal: {'dessert': False, 'latenight': False, 'lunch': False, 'dinner': False, 'breakfast': False, 'brunch': False}"", 'HasTV: False', 'OutdoorSeating: True', 'RestaurantsAttire: casual', 'RestaurantsDelivery: False', 'RestaurantsGoodForGroups: True', 'RestaurantsPriceRange2: 1', 'RestaurantsReservations: False', 'RestaurantsTakeOut: True', 'WiFi: no']",-111.9413789,"6501 E Greenway Pkwy, Ste 131",85254,AZ,1,TkXbFJtFCdM_WTLkHa6Erw,business
Zappitelli's Pizza,Mentor,38,"['Monday 11:0-21:30', 'Tuesday 11:0-21:30', 'Wednesday 11:0-21:30', 'Thursday 11:0-21:30', 'Friday 11:0-21:30', 'Saturday 11:0-21:30', 'Sunday 11:0-21:30']",,"['Pizza', 'Restaurants', 'Event Planning & Services', 'Caterers', 'Italian']",41.681422,4.0,"['Alcohol: beer_and_wine', ""Ambience: {'romantic': False, 'intimate': False, 'classy': False, 'hipster': False, 'divey': False, 'touristy': False, 'trendy': False, 'upscale': False, 'casual': True}"", 'BikeParking: True', 'BusinessAcceptsCreditCards: True', ""BusinessParking: {'garage': False, 'street': False, 'validated': False, 'lot': True, 'valet': False}"", 'Caters: True', 'GoodForKids: True', ""GoodForMeal: {'dessert': False, 'latenight': False, 'lunch': False, 'dinner': True, 'breakfast': False, 'brunch': False}"", 'HasTV: False', 'NoiseLevel: average', 'OutdoorSeating: False', 'RestaurantsAttire: casual', 'RestaurantsDelivery: True', 'RestaurantsGoodForGroups: True', 'RestaurantsPriceRange2: 2', 'RestaurantsReservations: False', 'RestaurantsTableService: True', 'RestaurantsTakeOut: True', 'WiFi: no']",-81.2962052,9570 Mentor Ave,44060,OH,1,O54jXbKjZte4qVYabYjGjg,business
Cracker Barrel Old Country Store,Goodyear,114,"['Monday 6:0-22:0', 'Tuesday 6:0-22:0', 'Wednesday 6:0-22:0', 'Thursday 6:0-22:0', 'Friday 6:0-23:0', 'Saturday 6:0-23:0', 'Sunday 6:0-22:0']",,"['American (Traditional)', 'Restaurants', 'Breakfast & Brunch', 'Food', 'Desserts', 'Southern']",33.4591438682,3.5,"['Alcohol: none', ""Ambience: {'romantic': False, 'intimate': False, 'classy': False, 'hipster': False, 'divey': False, 'touristy': False, 'trendy': False, 'upscale': False, 'casual': True}"", 'BikeParking: True', 'BusinessAcceptsCreditCards: True', ""BusinessParking: {'garage': False, 'street': False, 'validated': False, 'lot': True, 'valet': False}"", 'ByAppointmentOnly: False', 'Caters: False', 'GoodForKids: True', ""GoodForMeal: {'dessert': False, 'latenight': False, 'lunch': True, 'dinner': True, 'breakfast': True, 'brunch': True}"", 'HasTV: False', 'NoiseLevel: average', 'OutdoorSeating: False', 'RestaurantsAttire: casual', 'RestaurantsDelivery: False', 'RestaurantsGoodForGroups: True', 'RestaurantsPriceRange2: 2', 'RestaurantsReservations: False', 'RestaurantsTableService: True', 'RestaurantsTakeOut: True', 'WheelchairAccessible: True', 'WiFi: no']",-112.357080504,1209 N Litchfield Rd,85395,AZ,1,LZxSxY98S7l4a7tJiTGufg,business
Pecan Grove Restaurant and Pie Co.,Chandler,55,"['Monday 7:0-21:0', 'Tuesday 7:0-21:0', 'Wednesday 7:0-21:0', 'Thursday 7:0-21:0', 'Friday 7:0-22:0', 'Saturday 7:0-22:0', 'Sunday 7:0-21:0']",,"['Burgers', 'American (New)', 'Restaurants', 'Sandwiches']",33.2344429,2.5,"['Alcohol: none', ""Ambience: {'romantic': False, 'intimate': False, 'classy': False, 'hipster': False, 'divey': False, 'touristy': False, 'trendy': False, 'upscale': False, 'casual': True}"", 'BikeParking: False', 'BusinessAcceptsCreditCards: True', ""BusinessParking: {'garage': False, 'street': False, 'validated': False, 'lot': True, 'valet': False}"", 'Caters: False', 'DriveThru: False', 'GoodForKids: True', ""GoodForMeal: {'dessert': False, 'latenight': False, 'lunch': False, 'dinner': False, 'breakfast': False, 'brunch': True}"", 'HasTV: True', 'NoiseLevel: average', 'OutdoorSeating: False', 'RestaurantsAttire: casual', 'RestaurantsDelivery: False', 'RestaurantsGoodForGroups: True', 'RestaurantsPriceRange2: 2', 'RestaurantsReservations: True', 'RestaurantsTableService: True', 'RestaurantsTakeOut: True', 'WheelchairAccessible: True', 'WiFi: free']",-111.8604326,4960 S Alma School Rd,85248,AZ,0,tuDbnuA6ObNrlmB8qeGSwQ,business
Sang-Ho Seafood Restaurant,Toronto,38,,Kensington Market,"['Seafood', 'Restaurants']",43.6529547,4.0,"['Alcohol: beer_and_wine', ""Ambience: {'romantic': False, 'intimate': False, 'classy': False, 'hipster': False, 'touristy': False, 'trendy': False, 'upscale': False, 'casual': True}"", 'BikeParking: True', 'BusinessAcceptsCreditCards: True', ""BusinessParking: {'garage': True, 'street': False, 'validated': False, 'lot': False, 'valet': False}"", 'Caters: True', 'GoodForKids: True', ""GoodForMeal: {'dessert': False, 'latenight': False, 'lunch': False, 'dinner': True, 'breakfast': False, 'brunch': False}"", 'HasTV: True', 'NoiseLevel: average', 'OutdoorSeating: False', 'RestaurantsAttire: casual', 'RestaurantsDelivery: False', 'RestaurantsGoodForGroups: True', 'RestaurantsPriceRange2: 2', 'RestaurantsReservations: True', 'RestaurantsTableService: True', 'RestaurantsTakeOut: True', 'WheelchairAccessible: False', 'WiFi: no']",-79.3991357,536 Dundas St W,M5T 1H3,ON,1,W9Bh_7mfuUrEAdQBJMVOvA,business
The Melting Pot,Glendale,164,"['Monday 16:0-22:0', 'Tuesday 16:0-22:0', 'Wednesday 16:0-22:0', 'Thursday 16:0-22:0', 'Friday 16:0-23:0', 'Saturday 15:0-23:0', 'Sunday 15:0-22:0']",,"['American (New)', 'Steakhouses', 'Fondue', 'Restaurants']",33.6626966153,4.0,"['Alcohol: full_bar', ""Ambience: {'romantic': True, 'intimate': False, 'classy': False, 'hipster': False, 'divey': False, 'touristy': False, 'trendy': False, 'upscale': False, 'casual': False}"", 'BikeParking: True', 'BusinessAcceptsCreditCards: True', ""BusinessParking: {'garage': False, 'street': False, 'validated': False, 'lot': True, 'valet': False}"", 'Caters: False', 'GoodForKids: False', ""GoodForMeal: {'dessert': False, 'latenight': False, 'lunch': False, 'dinner': True, 'breakfast': False, 'brunch': False}"", 'HasTV: True', 'NoiseLevel: quiet', 'OutdoorSeating: False', 'RestaurantsAttire: dressy', 'RestaurantsDelivery: False', 'RestaurantsGoodForGroups: True', 'RestaurantsPriceRange2: 3', 'RestaurantsReservations: True', 'RestaurantsTableService: True', 'RestaurantsTakeOut: False', 'WheelchairAccessible: True', 'WiFi: free']",-112.188171083,19420 N 59th Ave,85308,AZ,1,Rud4J5Hsjn_jjU9IaQ0Dpw,business
Panda Express,Glendale,16,"['Monday 10:0-22:0', 'Tuesday 10:0-22:0', 'Wednesday 10:0-22:0', 'Thursday 10:0-22:0', 'Friday 10:0-22:0', 'Saturday 10:0-22:0', 'Sunday 10:30-21:30']",,"['Fast Food', 'Restaurants', 'Chinese']",33.6671434,3.5,"['Alcohol: none', ""Ambience: {'romantic': False, 'intimate': False, 'classy': False, 'hipster': False, 'divey': False, 'touristy': False, 'trendy': False, 'upscale': False, 'casual': True}"", 'BikeParking: True', 'BusinessAcceptsCreditCards: True', ""BusinessParking: {'garage': False, 'street': False, 'validated': False, 'lot': True, 'valet': False}"", 'Caters: True', 'DriveThru: False', 'GoodForKids: True', ""GoodForMeal: {'dessert': False, 'latenight': False, 'lunch': True, 'dinner': False, 'breakfast': False, 'brunch': False}"", 'HasTV: False', 'NoiseLevel: average', 'OutdoorSeating: True', 'RestaurantsAttire: casual', 'RestaurantsDelivery: False', 'RestaurantsGoodForGroups: True', 'RestaurantsPriceRange2: 1', 'RestaurantsReservations: False', 'RestaurantsTableService: False', 'RestaurantsTakeOut: True', 'WheelchairAccessible: True', 'WiFi: no']",-112.1872218,"20020 N 59th Ave Space 101, Ste 101",85308,AZ,1,dYmm5468BdWxWgksXpy2TQ,business
Ito'y Sariling Atin,Las Vegas,103,"['Monday 7:0-20:0', 'Tuesday 7:0-20:0', 'Wednesday 7:0-20:0', 'Thursday 7:0-20:0', 'Friday 7:0-20:0', 'Saturday 7:0-20:0', 'Sunday 7:0-20:0']",Eastside,"['Filipino', 'Restaurants']",36.1430355663,3.5,"['Alcohol: none', ""Ambience: {'romantic': False, 'intimate': False, 'classy': False, 'hipster': False, 'divey': False, 'touristy': False, 'trendy': False, 'upscale': False, 'casual': True}"", 'BYOBCorkage: yes_free', 'BusinessAcceptsCreditCards: True', ""BusinessParking: {'garage': False, 'street': False, 'validated': False, 'lot': True, 'valet': False}"", 'Caters: True', 'Corkage: False', 'GoodForKids: True', ""GoodForMeal: {'dessert': False, 'latenight': False, 'lunch': True, 'dinner': True, 'breakfast': True, 'brunch': False}"", 'HasTV: True', 'NoiseLevel: average', 'OutdoorSeating: True', 'RestaurantsAttire: casual', 'RestaurantsDelivery: False', 'RestaurantsGoodForGroups: True', 'RestaurantsPriceRange2: 1', 'RestaurantsReservations: False', 'RestaurantsTableService: False', 'RestaurantsTakeOut: True', 'WheelchairAccessible: True', 'WiFi: no', 'BikeParking: True']",-115.13705937,"2620 S Maryland Pkwy, Ste 176",89109,NV,1,kJl3l4fSa2spv_Mkhgogmg,business
Vince Neil's Tatuado Cantina,Las Vegas,60,,Eastside,"['Mexican', 'Restaurants']",36.1362847,2.0,"['Alcohol: full_bar', ""Ambience: {'romantic': False, 'intimate': False, 'classy': False, 'hipster': False, 'divey': False, 'touristy': False, 'trendy': True, 'upscale': False, 'casual': True}"", 'BikeParking: False', 'BusinessAcceptsCreditCards: True', ""BusinessParking: {'garage': False, 'street': False, 'validated': False, 'lot': False, 'valet': True}"", 'Caters: False', 'GoodForKids: False', ""GoodForMeal: {'dessert': False, 'latenight': False, 'lunch': True, 'dinner': True, 'breakfast': False, 'brunch': False}"", 'HasTV: True', 'NoiseLevel: loud', 'OutdoorSeating: False', 'RestaurantsAttire: casual', 'RestaurantsDelivery: False', 'RestaurantsGoodForGroups: True', 'RestaurantsPriceRange2: 2', 'RestaurantsReservations: True', 'RestaurantsTableService: True', 'RestaurantsTakeOut: True', 'WiFi: no']",-115.1514119,3000 Paradise Rd,89109,NV,0,CCNp1qS8n2gh51X7Wadabw,business
Tropical Smoothie Cafe,Charlotte,10,"['Monday 8:0-20:0', 'Tuesday 8:0-20:0', 'Wednesday 8:0-20:0', 'Thursday 8:0-20:0', 'Friday 8:0-20:0', 'Saturday 9:0-20:0', 'Sunday 10:0-19:0']",,"['Restaurants', 'Juice Bars & Smoothies', 'Food', 'Sandwiches']",35.062218,5.0,"['Alcohol: none', ""Ambience: {'romantic': False, 'intimate': False, 'classy': False, 'hipster': False, 'divey': False, 'touristy': False, 'trendy': False, 'upscale': False, 'casual': False}"", 'BikeParking: True', 'BusinessAcceptsCreditCards: True', ""BusinessParking: {'garage': False, 'street': False, 'validated': False, 'lot': False, 'valet': False}"", 'Caters: True', 'GoodForKids: True', ""GoodForMeal: {'dessert': False, 'latenight': False, 'lunch': False, 'dinner': False, 'breakfast': False, 'brunch': True}"", 'HasTV: False', 'NoiseLevel: average', 'OutdoorSeating: True', 'RestaurantsAttire: casual', 'RestaurantsDelivery: False', 'RestaurantsGoodForGroups: True', 'RestaurantsPriceRange2: 1', 'RestaurantsReservations: False', 'RestaurantsTableService: True', 'RestaurantsTakeOut: True', 'WiFi: no']",-80.773346,"5349 Ballantyne Commons Pkwy, Ste 400",28277,NC,1,roHEmKg-vyVWyDXSBdNXmA,business
KFC,Madison,7,"['Monday 10:30-22:0', 'Tuesday 10:30-22:0', 'Wednesday 10:30-22:0', 'Thursday 10:30-22:0', 'Friday 10:30-22:0', 'Saturday 10:30-22:0', 'Sunday 10:30-22:0']",Eastmorland,"['Restaurants', 'Chicken Wings', 'Fast Food']",43.084,1.5,"['Alcohol: none', ""Ambience: {'romantic': False, 'intimate': False, 'classy': False, 'hipster': False, 'divey': False, 'touristy': False, 'trendy': False, 'upscale': False, 'casual': False}"", 'BikeParking: False', 'BusinessAcceptsCreditCards: True', ""BusinessParking: {'garage': False, 'street': False, 'validated': False, 'lot': False, 'valet': False}"", 'Caters: True', 'DriveThru: True', 'GoodForKids: True', 'HasTV: False', 'NoiseLevel: quiet', 'OutdoorSeating: False', 'RestaurantsAttire: casual', 'RestaurantsDelivery: False', 'RestaurantsGoodForGroups: False', 'RestaurantsPriceRange2: 2', 'RestaurantsReservations: False', 'RestaurantsTableService: False', 'RestaurantsTakeOut: True', 'WiFi: free']",-89.3162,604 Cottage Grove Road,53716,WI,1,wOZUfs_p_AO1zXGkBcX2Bg,business
Taco Bell,Pineville,14,"['Monday 7:0-2:0', 'Tuesday 7:0-2:0', 'Wednesday 7:0-2:0', 'Thursday 7:0-2:0', 'Friday 7:0-3:0', 'Saturday 7:0-3:0', 'Sunday 7:0-2:0']",,"['Fast Food', 'Tex-Mex', 'Mexican', 'Restaurants']",35.084106,3.5,"['Alcohol: none', ""Ambience: {'romantic': False, 'intimate': False, 'classy': False, 'hipster': False, 'divey': False, 'touristy': False, 'trendy': False, 'upscale': False, 'casual': True}"", 'BikeParking: True', 'BusinessAcceptsCreditCards: True', ""BusinessParking: {'garage': False, 'street': False, 'validated': False, 'lot': True, 'valet': False}"", 'Caters: False', 'DriveThru: True', 'GoodForKids: True', ""GoodForMeal: {'dessert': False, 'latenight': False, 'lunch': True, 'dinner': False, 'breakfast': False, 'brunch': False}"", 'HasTV: False', 'NoiseLevel: average', 'OutdoorSeating: False', 'RestaurantsAttire: casual', 'RestaurantsDelivery: False', 'RestaurantsGoodForGroups: True', 'RestaurantsPriceRange2: 1', 'RestaurantsReservations: False', 'RestaurantsTableService: False', 'RestaurantsTakeOut: True', 'WiFi: free']",-80.878954,10917 Carolina Place Pkwy,28134,NC,1,YZjqRPrLZBOh2Lz5iVbuHA,business
McDonald's,Maple Heights,4,"['Monday 8:0-23:0', 'Tuesday 8:0-23:0', 'Wednesday 8:0-23:0', 'Thursday 8:0-23:0', 'Friday 8:0-23:0', 'Saturday 8:0-23:0', 'Sunday 8:0-23:0']",,"['Burgers', 'Fast Food', 'Restaurants']",41.4177130698,1.0,"['BusinessAcceptsCreditCards: True', 'RestaurantsGoodForGroups: False', 'RestaurantsReservations: False', 'RestaurantsTakeOut: True']",-81.5725017981,15500 Broadway Ave,44137,OH,1,F5Fq0GrN3BkwMdm9i06clA,business
Smoothie King,Phoenix,27,"['Monday 7:0-20:0', 'Tuesday 7:0-20:0', 'Wednesday 7:0-20:0', 'Thursday 7:0-20:0', 'Friday 7:0-20:0', 'Saturday 8:0-19:0', 'Sunday 9:0-18:0']",,"['Juice Bars & Smoothies', 'Gluten-Free', 'Restaurants', 'Specialty Food', 'Food', 'Health Markets']",33.6243986279,3.0,"['Alcohol: none', ""Ambience: {'romantic': False, 'intimate': False, 'classy': False, 'hipster': False, 'divey': False, 'touristy': False, 'trendy': False, 'upscale': False, 'casual': False}"", 'BikeParking: True', 'BusinessAcceptsCreditCards: True', ""BusinessParking: {'garage': False, 'street': False, 'validated': False, 'lot': True, 'valet': False}"", 'Caters: True', 'GoodForKids: True', ""GoodForMeal: {'dessert': False, 'latenight': False, 'lunch': False, 'dinner': False, 'breakfast': True, 'brunch': False}"", 'HasTV: False', 'NoiseLevel: very_loud', 'OutdoorSeating: True', 'RestaurantsAttire: casual', 'RestaurantsDelivery: False', 'RestaurantsGoodForGroups: True', 'RestaurantsPriceRange2: 1', 'RestaurantsReservations: False', 'RestaurantsTableService: False', 'RestaurantsTakeOut: True', 'WheelchairAccessible: True', 'WiFi: no']",-111.97976469,"15030 N Tatum Blvd, Ste140",85032,AZ,1,m4_qthbDlYptibVQ1SCvNA,business
Rally Sports Bar + Smokehouse,Toronto,75,"['Monday 11:0-0:0', 'Tuesday 11:0-0:0', 'Wednesday 11:0-0:0', 'Thursday 11:0-0:0', 'Friday 11:0-2:0', 'Saturday 11:0-2:0', 'Sunday 11:0-22:0']",,"['Nightlife', 'Sports Bars', 'Barbeque', 'Restaurants', 'Food', 'Smokehouse', 'Bars', 'Comfort Food']",43.7174661,4.0,"['Alcohol: full_bar', ""Ambience: {'romantic': False, 'intimate': False, 'classy': False, 'hipster': False, 'touristy': False, 'trendy': False, 'upscale': False, 'casual': True}"", ""BestNights: {'monday': False, 'tuesday': False, 'friday': True, 'wednesday': False, 'thursday': True, 'sunday': False, 'saturday': True}"", 'BikeParking: False', 'BusinessAcceptsCreditCards: True', ""BusinessParking: {'garage': False, 'street': False, 'validated': False, 'lot': True, 'valet': False}"", 'Caters: True', 'CoatCheck: False', 'GoodForDancing: False', 'GoodForKids: True', ""GoodForMeal: {'dessert': False, 'latenight': False, 'lunch': False, 'dinner': True, 'breakfast': False, 'brunch': False}"", 'HappyHour: True', 'HasTV: True', ""Music: {'dj': False, 'background_music': False, 'no_music': False, 'karaoke': False, 'live': False, 'video': False, 'jukebox': False}"", 'NoiseLevel: average', 'OutdoorSeating: True', 'RestaurantsAttire: casual', 'RestaurantsDelivery: False', 'RestaurantsGoodForGroups: True', 'RestaurantsPriceRange2: 2', 'RestaurantsReservations: True', 'RestaurantsTableService: True', 'RestaurantsTakeOut: True', 'Smoking: outdoor', 'WheelchairAccessible: True', 'WiFi: free']",-79.305012,1660 O'Connor Drive,M4A 2R4,ON,1,URvh6DgFyA-d6Z7OVKxczg,business
Local Brewhouse,Pittsburgh,27,"['Monday 11:0-22:0', 'Tuesday 11:0-22:0', 'Wednesday 11:0-22:0', 'Thursday 11:0-22:0', 'Friday 11:0-2:0', 'Saturday 11:0-2:0', 'Sunday 12:0-20:0']",North Side,"['Sports Bars', 'Bars', 'American (Traditional)', 'Restaurants', 'Nightlife', 'Chicken Wings']",40.448156958,2.5,"['Alcohol: full_bar', ""Ambience: {'romantic': False, 'intimate': False, 'classy': False, 'hipster': False, 'divey': False, 'touristy': False, 'trendy': False, 'upscale': False, 'casual': False}"", 'BikeParking: False', 'BusinessAcceptsCreditCards: True', ""BusinessParking: {'garage': False, 'street': False, 'validated': False, 'lot': False, 'valet': False}"", 'CoatCheck: False', 'GoodForDancing: False', 'GoodForKids: False', 'HappyHour: True', 'HasTV: True', 'NoiseLevel: average', 'RestaurantsAttire: casual', 'RestaurantsDelivery: False', 'RestaurantsGoodForGroups: True', 'RestaurantsPriceRange2: 2', 'RestaurantsTableService: True', 'RestaurantsTakeOut: True', 'WiFi: no', ""Music: {'dj': False, 'background_music': False, 'no_music': False, 'karaoke': False, 'live': False, 'video': False, 'jukebox': False}"", 'OutdoorSeating: False', 'RestaurantsReservations: True', 'WheelchairAccessible: True']",-80.0041090697,140 Federal St,15212,PA,1,NQ7d9DIzP4Uip8yP9hgwPA,business
Heck's Café,Avon,66,"['Monday 11:0-22:0', 'Tuesday 11:0-22:0', 'Wednesday 11:0-22:0', 'Thursday 11:0-22:0', 'Friday 11:0-23:0', 'Saturday 11:0-23:0', 'Sunday 10:30-21:0']",,"['Restaurants', 'American (New)', 'Bars', 'Nightlife', 'Burgers']",41.457915,3.0,"['Alcohol: full_bar', ""Ambience: {'romantic': False, 'intimate': False, 'classy': False, 'hipster': False, 'divey': False, 'touristy': False, 'trendy': False, 'upscale': False, 'casual': True}"", 'BikeParking: True', 'BusinessAcceptsCreditCards: True', ""BusinessParking: {'garage': False, 'street': False, 'validated': False, 'lot': False, 'valet': False}"", 'CoatCheck: False', 'DriveThru: False', 'GoodForDancing: False', 'GoodForKids: True', ""GoodForMeal: {'dessert': False, 'latenight': False, 'lunch': False, 'dinner': False, 'breakfast': False, 'brunch': True}"", 'HappyHour: True', 'HasTV: True', ""Music: {'dj': False, 'background_music': True, 'no_music': False, 'karaoke': False, 'live': False, 'video': False, 'jukebox': False}"", 'NoiseLevel: average', 'OutdoorSeating: True', 'RestaurantsAttire: casual', 'RestaurantsDelivery: False', 'RestaurantsGoodForGroups: True', 'RestaurantsPriceRange2: 2', 'RestaurantsReservations: True', 'RestaurantsTableService: True', 'RestaurantsTakeOut: True', 'Smoking: no', 'WiFi: free']",-82.010263,35514 Detroit Rd,44011,OH,1,qO7dpBAVxbrR4GbtR2uCOw,business
McDonald's,Toronto,5,,Downtown Core,"['Restaurants', 'Fast Food', 'Burgers']",43.6537184,3.0,"['BusinessAcceptsCreditCards: True', 'RestaurantsTakeOut: True']",-79.3909035,109 McCaul St,M5T 3K5,ON,1,m7yVScRf9Yfvj5Wu0TIOlA,business
Fiesta Burrito,Toronto,7,"['Monday 11:0-20:0', 'Tuesday 11:0-20:0', 'Wednesday 11:0-20:0', 'Thursday 11:0-20:0', 'Friday 11:0-20:0', 'Saturday 0:0-17:0']",Downtown Core,"['Restaurants', 'Mexican', 'Korean', 'Salad']",43.6537184,4.0,"['Alcohol: none', ""Ambience: {'romantic': False, 'intimate': False, 'classy': False, 'hipster': False, 'touristy': False, 'trendy': False, 'upscale': False, 'casual': False}"", 'BikeParking: True', ""BusinessParking: {'garage': False, 'street': False, 'validated': False, 'lot': False, 'valet': False}"", 'GoodForKids: True', ""GoodForMeal: {'dessert': False, 'latenight': False, 'lunch': False, 'dinner': False, 'breakfast': False, 'brunch': False}"", 'HasTV: False', 'NoiseLevel: loud', 'OutdoorSeating: False', 'RestaurantsAttire: casual', 'RestaurantsDelivery: False', 'RestaurantsGoodForGroups: True', 'RestaurantsPriceRange2: 2', 'RestaurantsReservations: False', 'RestaurantsTableService: False', 'RestaurantsTakeOut: True', 'WiFi: no']",-79.3909035,109 McCaul Street,M5T 3K5,ON,1,zuCgnSkJa3aFB5s1-8ew4g,business
Bakers Square,Parma Heights,12,,,"['Bakeries', 'American (Traditional)', 'Food', 'Restaurants']",41.374379,3.5,"[""Ambience: {'romantic': False, 'intimate': False, 'classy': False, 'hipster': False, 'divey': False, 'touristy': False, 'trendy': False, 'upscale': False, 'casual': False}"", 'BikeParking: True', 'BusinessAcceptsCreditCards: True', ""BusinessParking: {'garage': False, 'street': False, 'validated': False, 'lot': False, 'valet': False}"", 'GoodForKids: True', ""GoodForMeal: {'dessert': False, 'latenight': False, 'lunch': False, 'dinner': False, 'breakfast': False, 'brunch': True}"", 'HasTV: True', 'OutdoorSeating: False', 'RestaurantsAttire: casual', 'RestaurantsDelivery: False', 'RestaurantsGoodForGroups: True', 'RestaurantsPriceRange2: 1', 'RestaurantsReservations: False', 'RestaurantsTakeOut: True']",-81.783214,7011 W 130th St,44130,OH,1,7YegqehRsQUpNlFRn5wa-Q,business
Aubergine Kitchen and Bar,Newmarket,4,"['Monday 16:0-22:0', 'Tuesday 10:30-15:0', 'Tuesday 17:0-21:0', 'Wednesday 11:30-15:0', 'Wednesday 17:0-21:0', 'Thursday 10:30-15:0', 'Thursday 17:0-21:0', 'Friday 11:30-15:0', 'Friday 17:0-22:30', 'Saturday 11:30-15:0', 'Saturday 17:0-22:30', 'Sunday 11:30-15:0', 'Sunday 17:0-20:30']",,"['Mediterranean', 'Turkish', 'Italian', 'Restaurants']",44.0522999,3.5,"['GoodForKids: True', 'HasTV: True', 'RestaurantsAttire: dressy', 'RestaurantsDelivery: False', 'RestaurantsGoodForGroups: True', 'RestaurantsPriceRange2: 2', 'RestaurantsTakeOut: True']",-79.4565438,235 Main Street S,L3Y 3Z4,ON,1,4EfD15N0NJ2eDWa9bmVCtw,business
McDonald's,Las Vegas,36,"['Monday 6:0-23:0', 'Tuesday 6:0-23:0', 'Wednesday 6:0-23:0', 'Thursday 6:0-23:0', 'Friday 6:0-23:0', 'Saturday 6:0-23:0', 'Sunday 6:0-23:0']",Spring Valley,"['Fast Food', 'Restaurants', 'Burgers']",36.1257455,2.0,"['Alcohol: none', ""Ambience: {'romantic': False, 'intimate': False, 'classy': False, 'hipster': False, 'divey': False, 'touristy': False, 'trendy': False, 'upscale': False, 'casual': False}"", 'BikeParking: True', 'BusinessAcceptsCreditCards: True', ""BusinessParking: {'garage': False, 'street': False, 'validated': False, 'lot': False, 'valet': False}"", 'Caters: False', 'DriveThru: True', 'GoodForKids: True', ""GoodForMeal: {'dessert': False, 'latenight': False, 'lunch': False, 'dinner': False, 'breakfast': False, 'brunch': False}"", 'HasTV: False', 'OutdoorSeating: True', 'RestaurantsAttire: casual', 'RestaurantsDelivery: False', 'RestaurantsGoodForGroups: True', 'RestaurantsPriceRange2: 1', 'RestaurantsReservations: False', 'RestaurantsTakeOut: True', 'WiFi: free', 'RestaurantsTableService: False']",-115.2718422,8635 Spring Mountain Rd,89117,NV,1,rECgTdKelvefty5JIXHDbg,business
Ristorante Lugano's,Laval,11,"['Monday 11:0-22:0', 'Tuesday 11:0-22:0', 'Wednesday 11:0-22:0', 'Thursday 11:0-22:0', 'Friday 11:0-23:0', 'Saturday 16:0-23:0', 'Sunday 11:0-22:0']",Laval,"['Mediterranean', 'Italian', 'Pizza', 'Restaurants']",45.567942,2.5,"['Alcohol: none', ""Ambience: {'romantic': False, 'intimate': False, 'classy': False, 'hipster': False, 'touristy': False, 'trendy': False, 'upscale': False, 'casual': False}"", 'BikeParking: False', 'BusinessAcceptsCreditCards: True', ""BusinessParking: {'garage': False, 'street': False, 'validated': False, 'lot': True, 'valet': False}"", 'Caters: True', 'GoodForKids: True', ""GoodForMeal: {'dessert': True, 'latenight': False, 'lunch': False, 'dinner': False, 'breakfast': False, 'brunch': False}"", 'HasTV: False', 'NoiseLevel: average', 'OutdoorSeating: True', 'RestaurantsAttire: casual', 'RestaurantsDelivery: False', 'RestaurantsGoodForGroups: True', 'RestaurantsPriceRange2: 2', 'RestaurantsReservations: True', 'RestaurantsTableService: True', 'RestaurantsTakeOut: True', 'WheelchairAccessible: True', 'WiFi: free']",-73.729165,1723 Boulevard Saint-Martin Ouest,H7S 1N2,QC,1,2ArkDGIgaSGd58dYFEOEVg,business
Origin North,Toronto,155,"['Monday 11:30-22:0', 'Tuesday 11:30-22:0', 'Wednesday 11:30-22:0', 'Thursday 11:30-22:0', 'Friday 11:30-22:0', 'Saturday 11:0-22:0', 'Sunday 10:0-22:0']",Bayview Village,"['Restaurants', 'American (New)', 'Tapas/Small Plates', 'Asian Fusion']",43.7676848778,3.0,"['Alcohol: full_bar', ""Ambience: {'romantic': False, 'intimate': False, 'classy': False, 'hipster': False, 'touristy': False, 'trendy': False, 'upscale': False, 'casual': True}"", 'BikeParking: True', 'BusinessAcceptsCreditCards: True', ""BusinessParking: {'garage': False, 'street': False, 'validated': False, 'lot': True, 'valet': False}"", 'Caters: False', 'GoodForKids: False', ""GoodForMeal: {'dessert': False, 'latenight': False, 'lunch': False, 'dinner': False, 'breakfast': False, 'brunch': True}"", 'HasTV: True', 'NoiseLevel: average', 'OutdoorSeating: True', 'RestaurantsAttire: casual', 'RestaurantsDelivery: False', 'RestaurantsGoodForGroups: True', 'RestaurantsPriceRange2: 3', 'RestaurantsReservations: True', 'RestaurantsTableService: True', 'RestaurantsTakeOut: True', 'WiFi: no']",-79.3855388837,2901 Bayview Avenue,M2N 5Z7,ON,0,_vZ7bHaGCjllogiZ7RH17w,business
Barfly,Phoenix,49,"['Monday 6:0-22:30', 'Tuesday 6:0-22:30', 'Wednesday 6:0-22:30', 'Thursday 6:0-22:30', 'Friday 6:0-22:30', 'Saturday 6:0-22:30', 'Sunday 6:0-22:30']",,"['Nightlife', 'American (Traditional)', 'Breakfast & Brunch', 'Bars', 'Restaurants']",33.4356207,4.0,"['Alcohol: full_bar', ""Ambience: {'romantic': False, 'intimate': False, 'classy': False, 'hipster': False, 'divey': False, 'touristy': False, 'trendy': True, 'upscale': False, 'casual': True}"", 'BusinessAcceptsCreditCards: True', ""BusinessParking: {'garage': True, 'street': False, 'validated': False, 'lot': False, 'valet': False}"", 'Caters: False', 'CoatCheck: False', 'GoodForDancing: False', 'GoodForKids: False', ""GoodForMeal: {'dessert': False, 'latenight': False, 'lunch': True, 'dinner': True, 'breakfast': False, 'brunch': False}"", 'HappyHour: False', 'HasTV: True', ""Music: {'dj': False, 'background_music': True, 'no_music': False, 'karaoke': False, 'live': False, 'video': False, 'jukebox': False}"", 'NoiseLevel: loud', 'OutdoorSeating: False', 'RestaurantsAttire: casual', 'RestaurantsDelivery: False', 'RestaurantsGoodForGroups: True', 'RestaurantsPriceRange2: 2', 'RestaurantsReservations: False', 'RestaurantsTableService: True', 'RestaurantsTakeOut: True', 'Smoking: no', 'WiFi: no']",-112.0095457,"3800 E Sky Harbor Blvd, Terminal 4",85034,AZ,0,C0KQ0fyGfDvKhw1FBgh1fg,business
Café Tropique,Montréal,4,"['Monday 10:0-18:0', 'Tuesday 9:0-19:0', 'Wednesday 9:0-19:0', 'Thursday 9:0-19:0', 'Friday 9:0-19:0', 'Saturday 10:0-18:0', 'Sunday 11:0-18:0']",Plateau-Mont-Royal,"['Restaurants', 'Sandwiches', 'Coffee & Tea', 'Food']",45.5193807,3.5,"['BusinessAcceptsCreditCards: True', 'GoodForKids: True', ""GoodForMeal: {'dessert': False, 'latenight': False, 'lunch': False, 'dinner': False, 'breakfast': False, 'brunch': False}"", 'HasTV: True', 'NoiseLevel: quiet', 'RestaurantsAttire: casual', 'RestaurantsGoodForGroups: True', 'RestaurantsPriceRange2: 1', 'RestaurantsTableService: True', 'RestaurantsTakeOut: True', 'WiFi: free']",-73.5772549,251 Ave Duluth E,H2W 1H7,QC,0,b5Af4xvTPrkcxPcrv2P-EA,business
Subway,Pittsburgh,7,,Downtown,"['Restaurants', 'Fast Food', 'Sandwiches']",40.4395778,2.5,"['BikeParking: False', 'BusinessAcceptsCreditCards: True', 'DriveThru: False', 'GoodForKids: True', 'OutdoorSeating: False', 'RestaurantsAttire: casual', 'RestaurantsDelivery: False', 'RestaurantsGoodForGroups: True', 'RestaurantsPriceRange2: 1', 'RestaurantsReservations: False', 'RestaurantsTakeOut: True']",-80.001289,401 Wood St,15222,PA,1,o7tBcNfv-zMXSTePBLIrvw,business
Pizza Jarry & Restaurant,Montréal,3,"['Monday 11:0-23:0', 'Tuesday 11:0-23:0', 'Wednesday 11:0-23:0', 'Thursday 11:0-23:0', 'Friday 11:0-0:0', 'Saturday 11:0-0:0', 'Sunday 11:0-23:0']",Villeray-Saint-Michel-Parc-Extension,"['Pizza', 'Restaurants', 'Portuguese', 'Indian', 'Greek']",45.5301055,3.0,"['Alcohol: none', ""Ambience: {'romantic': False, 'intimate': False, 'classy': False, 'hipster': False, 'touristy': False, 'trendy': False, 'upscale': False, 'casual': False}"", 'BusinessAcceptsCreditCards: True', 'GoodForKids: True', ""GoodForMeal: {'dessert': False, 'latenight': False, 'lunch': False, 'dinner': False, 'breakfast': False, 'brunch': False}"", 'OutdoorSeating: False', 'RestaurantsAttire: casual', 'RestaurantsDelivery: True', 'RestaurantsGoodForGroups: False', 'RestaurantsPriceRange2: 1', 'RestaurantsTableService: False', 'RestaurantsTakeOut: True']",-73.6361651,752 Rue Jarry O,H3N 1G6,QC,1,oanNWtMbtZW6gULz5nPn8A,business
Little Caesars,North Versailles,5,,,"['Pizza', 'Restaurants']",40.3872535,3.0,"['Alcohol: none', 'BikeParking: False', 'BusinessAcceptsCreditCards: True', ""BusinessParking: {'garage': False, 'street': False, 'validated': False, 'lot': False, 'valet': False}"", 'Caters: False', 'GoodForKids: False', ""GoodForMeal: {'dessert': False, 'latenight': False, 'lunch': False, 'dinner': False, 'breakfast': False, 'brunch': False}"", 'HasTV: False', 'NoiseLevel: loud', 'RestaurantsAttire: casual', 'RestaurantsDelivery: True', 'RestaurantsGoodForGroups: False', 'RestaurantsReservations: False', 'RestaurantsTableService: False', 'RestaurantsTakeOut: True']",-79.8214656,1742 Greensburg Ave,15137,PA,1,hnDQ_L_1IjCUVUA_G19sew,business
City Market Deli,Scottsdale,12,"['Monday 6:0-16:0', 'Tuesday 6:0-16:0', 'Wednesday 6:0-16:0', 'Thursday 6:0-16:0', 'Friday 6:0-16:0']",,"['Convenience Stores', 'Food', 'Delis', 'Restaurants']",33.5085786,4.5,"['Alcohol: none', ""Ambience: {'romantic': False, 'intimate': False, 'classy': False, 'hipster': False, 'divey': False, 'touristy': False, 'trendy': False, 'upscale': False, 'casual': False}"", 'BikeParking: False', 'BusinessAcceptsCreditCards: True', ""BusinessParking: {'garage': False, 'street': False, 'validated': False, 'lot': False, 'valet': False}"", 'Caters: True', 'GoodForKids: False', ""GoodForMeal: {'dessert': False, 'latenight': False, 'lunch': False, 'dinner': False, 'breakfast': False, 'brunch': False}"", 'HasTV: True', 'NoiseLevel: average', 'OutdoorSeating: True', 'RestaurantsAttire: casual', 'RestaurantsDelivery: False', 'RestaurantsGoodForGroups: False', 'RestaurantsPriceRange2: 2', 'RestaurantsReservations: False', 'RestaurantsTableService: False', 'RestaurantsTakeOut: True', 'WiFi: no']",-111.9270662,"4800 N Scottsdale Rd, Ste 1175",85251,AZ,1,AM1zdle5q0H1ocIGt7S5Dw,business
Old Town Deli,Scottsdale,4,"['Monday 6:30-14:30', 'Saturday 9:0-15:0']",,"['Sandwiches', 'Restaurants']",33.4936893,4.0,"[""GoodForMeal: {'dessert': False, 'latenight': False, 'lunch': False, 'dinner': False, 'breakfast': False, 'brunch': False}"", 'RestaurantsTakeOut: True']",-111.9306348,4014 N Goldwater Blvd,85251,AZ,0,eu73tIH7mJKpvm29ezhxmw,business
Chen's Wok,Pittsburgh,3,"['Monday 11:0-22:0', 'Tuesday 11:0-22:0', 'Wednesday 11:0-22:0', 'Thursday 11:0-22:0', 'Friday 11:0-22:0', 'Saturday 11:0-22:0']",,"['Chinese', 'Restaurants']",40.4426201,3.5,,-79.8854317,825 Wood St,15221,PA,1,XaTts7L8g57_odPEFuwkOw,business
Jaipur Indian Restaurant,Charlotte,109,"['Monday 11:0-14:30', 'Monday 17:30-21:30', 'Tuesday 11:0-14:30', 'Tuesday 17:30-21:30', 'Wednesday 11:0-14:30', 'Wednesday 17:30-21:30', 'Thursday 11:0-14:30', 'Thursday 17:30-21:30', 'Friday 11:0-14:30', 'Friday 17:30-22:0', 'Saturday 12:0-15:0', 'Saturday 17:30-22:0', 'Sunday 12:0-15:0', 'Sunday 17:30-21:30']",,"['Restaurants', 'Pakistani', 'Indian']",35.155407,3.5,"['Alcohol: beer_and_wine', ""Ambience: {'romantic': False, 'intimate': False, 'classy': False, 'hipster': False, 'divey': False, 'touristy': False, 'trendy': False, 'upscale': False, 'casual': True}"", 'BikeParking: True', 'BusinessAcceptsCreditCards: True', ""BusinessParking: {'garage': False, 'street': False, 'validated': False, 'lot': True, 'valet': False}"", 'Caters: True', ""DietaryRestrictions: {'dairy-free': False, 'gluten-free': False, 'vegan': False, 'kosher': False, 'halal': False, 'soy-free': False, 'vegetarian': True}"", 'GoodForKids: True', 'HasTV: False', 'NoiseLevel: quiet', 'OutdoorSeating: False', 'RestaurantsAttire: casual', 'RestaurantsDelivery: True', 'RestaurantsGoodForGroups: True', 'RestaurantsPriceRange2: 2', 'RestaurantsReservations: True', 'RestaurantsTableService: True', 'RestaurantsTakeOut: True', 'WheelchairAccessible: True', 'WiFi: no', ""GoodForMeal: {'dessert': False, 'latenight': False, 'lunch': True, 'dinner': True, 'breakfast': False, 'brunch': False}""]",-80.875309,5909 South Blvd,28217,NC,1,LpyndkMvevIQA-JHoReHNw,business
Bellisario's Pizza Palace,Pittsburgh,23,"['Monday 11:30-20:30', 'Tuesday 11:30-20:30', 'Wednesday 11:30-20:30', 'Thursday 11:30-20:30', 'Friday 11:30-21:0', 'Saturday 12:0-21:0', 'Sunday 12:30-19:30']",,"['Italian', 'Restaurants', 'Pizza']",40.3830261,3.5,"['Alcohol: beer_and_wine', ""Ambience: {'romantic': False, 'intimate': False, 'classy': False, 'hipster': False, 'divey': False, 'touristy': False, 'trendy': False, 'upscale': False, 'casual': False}"", 'BikeParking: True', 'BusinessAcceptsCreditCards: True', ""BusinessParking: {'garage': False, 'street': False, 'validated': False, 'lot': True, 'valet': False}"", 'GoodForKids: True', ""GoodForMeal: {'dessert': False, 'latenight': False, 'lunch': True, 'dinner': False, 'breakfast': False, 'brunch': False}"", 'HasTV: True', 'NoiseLevel: average', 'OutdoorSeating: False', 'RestaurantsAttire: casual', 'RestaurantsDelivery: True', 'RestaurantsGoodForGroups: True', 'RestaurantsPriceRange2: 1', 'RestaurantsReservations: False', 'RestaurantsTableService: True', 'RestaurantsTakeOut: True']",-80.0153449,437 McNeilly Rd,15226,PA,1,1FodVSAxoKqEKYQc3QHgvg,business
TGI Friday's,Champaign,15,,,"['Restaurants', 'American (Traditional)']",40.097136,3.0,"['Alcohol: full_bar', ""Ambience: {'romantic': False, 'intimate': False, 'classy': False, 'hipster': False, 'divey': False, 'touristy': False, 'trendy': False, 'upscale': False, 'casual': False}"", 'BusinessAcceptsCreditCards: True', ""BusinessParking: {'garage': False, 'street': False, 'validated': False, 'lot': True, 'valet': False}"", 'GoodForKids: True', ""GoodForMeal: {'dessert': False, 'latenight': False, 'lunch': True, 'dinner': True, 'breakfast': False, 'brunch': False}"", 'HasTV: True', 'NoiseLevel: average', 'OutdoorSeating: False', 'RestaurantsAttire: casual', 'RestaurantsDelivery: False', 'RestaurantsGoodForGroups: True', 'RestaurantsPriceRange2: 2', 'RestaurantsReservations: False', 'RestaurantsTableService: True', 'RestaurantsTakeOut: True', 'WheelchairAccessible: True', 'WiFi: no']",-88.245695,"100 Trade Centre Dr, Ste 1",61820,IL,0,rQX6RVr6E4Zg9hx8GBFGHQ,business
El Toro Mexican Restaurant,Champaign,82,"['Monday 11:0-22:0', 'Tuesday 11:0-22:0', 'Wednesday 11:0-22:0', 'Thursday 11:0-22:0', 'Friday 11:0-23:0', 'Saturday 11:0-23:0', 'Sunday 11:0-22:0']",,"['Mexican', 'Restaurants']",40.1070836,3.0,"['Alcohol: full_bar', ""Ambience: {'romantic': False, 'intimate': False, 'classy': False, 'hipster': False, 'divey': False, 'touristy': False, 'trendy': False, 'upscale': False, 'casual': True}"", 'BikeParking: True', 'BusinessAcceptsCreditCards: True', ""BusinessParking: {'garage': False, 'street': False, 'validated': False, 'lot': True, 'valet': False}"", 'Caters: True', 'GoodForKids: True', ""GoodForMeal: {'dessert': False, 'latenight': False, 'lunch': False, 'dinner': True, 'breakfast': False, 'brunch': False}"", 'HasTV: True', 'NoiseLevel: average', 'OutdoorSeating: True', 'RestaurantsAttire: casual', 'RestaurantsCounterService: True', 'RestaurantsDelivery: False', 'RestaurantsGoodForGroups: True', 'RestaurantsPriceRange2: 1', 'RestaurantsReservations: False', 'RestaurantsTableService: True', 'RestaurantsTakeOut: True', 'WheelchairAccessible: True', 'WiFi: no']",-88.2438972,723 S Neil St,61820,IL,1,iLxG2Oo8HNSZFvJvba4W6g,business
Nordsee,Ludwigsburg,3,,,"['Fishmonger', 'Fischbroetchen', 'Restaurants', 'Food']",48.9214963,5.0,,9.1517178,"Breuningerland, Heinkelstr. 1",71634,BW,1,QbtuyOlYUlPYz1xBASjNTA,business
Flip'n Chicken,Charlotte,86,"['Monday 11:0-21:0', 'Tuesday 11:0-21:0', 'Wednesday 11:0-21:0', 'Thursday 11:0-21:0', 'Friday 11:0-22:0', 'Saturday 11:0-22:0', 'Sunday 11:0-21:0']",,"['Restaurants', 'Chicken Wings', 'Caterers', 'Event Planning & Services', 'Fast Food', 'American (Traditional)']",35.086393,4.0,"['Alcohol: beer_and_wine', ""Ambience: {'romantic': False, 'intimate': False, 'classy': False, 'hipster': False, 'divey': False, 'touristy': False, 'trendy': False, 'upscale': False, 'casual': True}"", 'BikeParking: True', 'BusinessAcceptsCreditCards: True', ""BusinessParking: {'garage': False, 'street': False, 'validated': False, 'lot': True, 'valet': False}"", 'Caters: True', 'DriveThru: False', 'GoodForKids: True', ""GoodForMeal: {'dessert': False, 'latenight': False, 'lunch': True, 'dinner': True, 'breakfast': False, 'brunch': False}"", 'HasTV: True', 'NoiseLevel: average', 'OutdoorSeating: True', 'RestaurantsAttire: casual', 'RestaurantsDelivery: False', 'RestaurantsGoodForGroups: True', 'RestaurantsPriceRange2: 1', 'RestaurantsReservations: False', 'RestaurantsTableService: True', 'RestaurantsTakeOut: True', 'WheelchairAccessible: True', 'WiFi: no']",-80.848856,"7629 Pineville-matthews Rd, Ste A",28226,NC,1,yuwmVUmsFVawe4zxnWZfNg,business
Akropolis Pastries,Toronto,12,,The Danforth,"['Greek', 'Restaurants']",43.6794873,4.5,"['Alcohol: beer_and_wine', ""Ambience: {'romantic': False, 'intimate': False, 'classy': False, 'hipster': False, 'touristy': False, 'trendy': False, 'upscale': False, 'casual': False}"", 'BikeParking: True', 'BusinessAcceptsCreditCards: True', ""BusinessParking: {'garage': False, 'street': True, 'validated': False, 'lot': False, 'valet': False}"", 'Caters: False', 'GoodForKids: True', ""GoodForMeal: {'dessert': False, 'latenight': False, 'lunch': False, 'dinner': False, 'breakfast': False, 'brunch': True}"", 'HasTV: True', 'NoiseLevel: average', 'OutdoorSeating: True', 'RestaurantsAttire: casual', 'RestaurantsDelivery: False', 'RestaurantsGoodForGroups: True', 'RestaurantsPriceRange2: 1', 'RestaurantsReservations: False', 'RestaurantsTableService: True', 'RestaurantsTakeOut: True', 'WheelchairAccessible: True', 'WiFi: no']",-79.3434874,708 Danforth Ave,M4J 1L1,ON,1,gEt2b4t34Zz3Q2HzkrT53g,business
Monterrey Mexican Restaurant,Charlotte,68,"['Monday 11:0-22:0', 'Tuesday 11:0-22:0', 'Wednesday 11:0-22:0', 'Thursday 11:0-22:0', 'Friday 11:0-23:0', 'Saturday 11:0-23:0', 'Sunday 11:0-22:0']",University City,"['Food', 'Mexican', 'Restaurants']",35.2941686,3.5,"['Alcohol: full_bar', ""Ambience: {'romantic': False, 'intimate': False, 'classy': False, 'hipster': False, 'divey': False, 'touristy': False, 'trendy': False, 'upscale': False, 'casual': True}"", 'BikeParking: True', 'BusinessAcceptsCreditCards: True', ""BusinessParking: {'garage': False, 'street': False, 'validated': False, 'lot': True, 'valet': False}"", 'Caters: False', 'GoodForKids: True', ""GoodForMeal: {'dessert': False, 'latenight': False, 'lunch': True, 'dinner': True, 'breakfast': False, 'brunch': False}"", 'HasTV: True', 'NoiseLevel: average', 'OutdoorSeating: True', 'RestaurantsAttire: casual', 'RestaurantsDelivery: False', 'RestaurantsGoodForGroups: True', 'RestaurantsPriceRange2: 2', 'RestaurantsReservations: True', 'RestaurantsTableService: True', 'RestaurantsTakeOut: True', 'WheelchairAccessible: True', 'WiFi: free']",-80.7397847,"1001 E WT Harris Blvd, Ste A",28213,NC,1,YaFM08fEdbp-iSon3Opsbw,business
Casa De Angelina,Surprise,3,,,"['Mexican', 'Restaurants']",33.6389245,3.0,"['Alcohol: none', 'BusinessAcceptsCreditCards: True', ""BusinessParking: {'garage': False, 'street': False, 'validated': False, 'lot': False, 'valet': False}"", 'GoodForKids: True', ""GoodForMeal: {'dessert': False, 'latenight': False, 'lunch': False, 'dinner': False, 'breakfast': False, 'brunch': False}"", 'OutdoorSeating: True', 'RestaurantsAttire: casual', 'RestaurantsDelivery: False', 'RestaurantsGoodForGroups: True', 'RestaurantsPriceRange2: 2', 'RestaurantsTableService: True', 'RestaurantsTakeOut: False']",-112.388225,15226 W Bell Rd,85374,AZ,0,Ihb7UBlamsQu_baBkQ2V0g,business
Tim Hortons,Toronto,4,,,"['Cafes', 'Coffee & Tea', 'Donuts', 'Restaurants', 'Food', 'Sandwiches']",43.685660765,3.5,"['Alcohol: none', 'BikeParking: False', 'BusinessAcceptsCreditCards: True', 'GoodForKids: True', ""GoodForMeal: {'dessert': False, 'latenight': False, 'lunch': False, 'dinner': False, 'breakfast': False, 'brunch': False}"", 'OutdoorSeating: False', 'RestaurantsAttire: casual', 'RestaurantsDelivery: False', 'RestaurantsGoodForGroups: True', 'RestaurantsPriceRange2: 1', 'RestaurantsReservations: False', 'RestaurantsTakeOut: True']",-79.6206445471,"Toronto International Airport, Terminal 3 Arrival Level, F1",,ON,1,CvIcDNGBMQDRfA1zpGmQfg,business
Red House,Pickering,23,"['Monday 11:0-22:0', 'Tuesday 11:0-22:0', 'Thursday 11:0-22:0', 'Friday 11:0-22:30', 'Saturday 12:0-22:30']",,"['Restaurants', 'Thai', 'Malaysian']",43.8192425,3.5,"['Alcohol: beer_and_wine', ""Ambience: {'romantic': False, 'intimate': False, 'classy': False, 'hipster': False, 'touristy': False, 'trendy': False, 'upscale': False, 'casual': True}"", 'BikeParking: False', 'BusinessAcceptsCreditCards: True', ""BusinessParking: {'garage': False, 'street': False, 'validated': False, 'lot': True, 'valet': False}"", 'GoodForKids: True', ""GoodForMeal: {'dessert': False, 'latenight': False, 'lunch': True, 'dinner': True, 'breakfast': False, 'brunch': False}"", 'HasTV: False', 'NoiseLevel: quiet', 'OutdoorSeating: False', 'RestaurantsAttire: casual', 'RestaurantsDelivery: True', 'RestaurantsGoodForGroups: True', 'RestaurantsPriceRange2: 1', 'RestaurantsReservations: True', 'RestaurantsTableService: True', 'RestaurantsTakeOut: True', 'WheelchairAccessible: False', 'WiFi: no']",-79.1135987,705 Kingston Road,L1V 6K3,ON,1,I_-49_q-5ODmUqhXBGEXQQ,business
Touti Gelati and Cafe,Bathurst Quay,10,"['Monday 8:0-21:0', 'Tuesday 8:0-21:0', 'Wednesday 8:0-21:0', 'Thursday 8:0-21:0', 'Friday 8:0-21:0', 'Saturday 8:0-21:0', 'Sunday 8:0-21:0']",,"['Restaurants', 'Desserts', 'Cafes', 'Coffee & Tea', 'Bakeries', 'Food', 'Juice Bars & Smoothies']",43.6370607,4.5,"['Alcohol: none', ""Ambience: {'romantic': False, 'intimate': False, 'classy': False, 'hipster': False, 'touristy': False, 'trendy': False, 'upscale': False, 'casual': False}"", 'BikeParking: True', 'BusinessAcceptsCreditCards: True', ""BusinessParking: {'garage': False, 'street': False, 'validated': False, 'lot': False, 'valet': False}"", 'Caters: True', 'GoodForKids: True', ""GoodForMeal: {'dessert': False, 'latenight': False, 'lunch': False, 'dinner': False, 'breakfast': False, 'brunch': False}"", 'HasTV: True', 'NoiseLevel: quiet', 'OutdoorSeating: True', 'RestaurantsAttire: casual', 'RestaurantsDelivery: False', 'RestaurantsGoodForGroups: True', 'RestaurantsPriceRange2: 2', 'RestaurantsReservations: False', 'RestaurantsTakeOut: True', 'WheelchairAccessible: False', 'WiFi: free']",-79.3967212,550 Queens Quay W,M5V 3M8,ON,1,QR2-0qgjHZVVnPY6Txlgtg,business
Goodcents Deli Fresh Subs,Peoria,16,"['Monday 10:0-20:0', 'Tuesday 10:0-20:0', 'Wednesday 10:0-20:0', 'Thursday 10:0-20:0', 'Friday 10:0-20:0', 'Saturday 10:0-20:0', 'Sunday 10:0-20:0']",,"['Restaurants', 'Delis', 'Sandwiches']",33.6396096,4.5,"['Alcohol: none', ""Ambience: {'romantic': False, 'intimate': False, 'classy': False, 'hipster': False, 'divey': False, 'touristy': False, 'trendy': False, 'upscale': False, 'casual': False}"", 'BikeParking: True', 'BusinessAcceptsCreditCards: True', ""BusinessParking: {'garage': False, 'street': False, 'validated': False, 'lot': False, 'valet': False}"", 'Caters: True', 'GoodForKids: True', ""GoodForMeal: {'dessert': False, 'latenight': False, 'lunch': True, 'dinner': False, 'breakfast': False, 'brunch': False}"", 'HasTV: False', 'NoiseLevel: quiet', 'OutdoorSeating: False', 'RestaurantsAttire: casual', 'RestaurantsDelivery: True', 'RestaurantsGoodForGroups: True', 'RestaurantsPriceRange2: 1', 'RestaurantsReservations: False', 'RestaurantsTableService: False', 'RestaurantsTakeOut: True']",-112.2510722,"8940 W Bell Rd, Ste B-107",85382,AZ,1,mCEE4v0wk8uJ3ZCUQ1M8sg,business
Little Caesar's Pizza,Willowick,4,,,"['Restaurants', 'Pizza']",41.6430291,4.0,"['Alcohol: none', ""Ambience: {'romantic': False, 'intimate': False, 'classy': False, 'hipster': False, 'divey': False, 'touristy': False, 'trendy': False, 'upscale': False, 'casual': False}"", 'BikeParking: False', 'BusinessAcceptsCreditCards: True', ""BusinessParking: {'garage': False, 'street': False, 'validated': False, 'lot': False, 'valet': False}"", 'Caters: False', 'GoodForKids: True', ""GoodForMeal: {'dessert': False, 'latenight': False, 'lunch': False, 'dinner': False, 'breakfast': False, 'brunch': False}"", 'HasTV: False', 'NoiseLevel: average', 'OutdoorSeating: False', 'RestaurantsDelivery: False', 'RestaurantsGoodForGroups: True', 'RestaurantsPriceRange2: 1', 'RestaurantsReservations: False', 'RestaurantsTableService: False', 'RestaurantsTakeOut: True', 'WiFi: no']",-81.4504016,"33419 Vine St, Unit C",44095,OH,1,8fTmSEyKwsC863IEMwEIxA,business
Taco Bell Cantina,Las Vegas,76,"['Monday 0:0-0:0', 'Tuesday 0:0-0:0', 'Wednesday 0:0-0:0', 'Thursday 0:0-0:0', 'Friday 0:0-0:0', 'Saturday 0:0-0:0', 'Sunday 0:0-0:0']",The Strip,"['Mexican', 'Restaurants', 'Fast Food']",36.108719,3.0,"['Alcohol: full_bar', 'BikeParking: False', 'BusinessAcceptsCreditCards: True', 'DriveThru: False', 'GoodForKids: True', 'HasTV: True', 'OutdoorSeating: True', 'RestaurantsAttire: casual', 'RestaurantsDelivery: False', 'RestaurantsGoodForGroups: True', 'RestaurantsReservations: False', 'RestaurantsTableService: False', 'RestaurantsTakeOut: True', 'Caters: False', 'RestaurantsPriceRange2: 1', 'WiFi: no', ""BusinessParking: {'garage': False, 'street': False, 'validated': False, 'lot': False, 'valet': False}"", ""Ambience: {'romantic': False, 'intimate': False, 'classy': False, 'hipster': False, 'divey': False, 'touristy': True, 'trendy': True, 'upscale': False, 'casual': True}"", 'NoiseLevel: loud', ""GoodForMeal: {'dessert': False, 'latenight': True, 'lunch': True, 'dinner': True, 'breakfast': False, 'brunch': True}""]",-115.1721291,"3717 S Las Vegas Blvd, Ste 140-A",89109,NV,1,mB_cI1tCrNxxvr2e2myNrQ,business
Brasserie Central,Westmount,24,"['Monday 12:0-22:0', 'Tuesday 12:0-22:0', 'Wednesday 12:0-22:0', 'Thursday 12:0-23:0', 'Friday 12:0-23:0', 'Saturday 10:0-23:0', 'Sunday 10:0-15:0']",Notre-Dame-de-Grâce,"['Brasseries', 'Restaurants']",45.4786701,3.5,"['Alcohol: full_bar', ""Ambience: {'romantic': True, 'intimate': False, 'classy': False, 'hipster': False, 'touristy': False, 'trendy': False, 'upscale': False, 'casual': False}"", 'BikeParking: True', 'BusinessAcceptsCreditCards: True', ""BusinessParking: {'garage': False, 'street': True, 'validated': False, 'lot': False, 'valet': False}"", 'Caters: False', 'GoodForKids: True', ""GoodForMeal: {'dessert': False, 'latenight': False, 'lunch': False, 'dinner': False, 'breakfast': False, 'brunch': True}"", 'HasTV: True', 'NoiseLevel: average', 'OutdoorSeating: True', 'RestaurantsAttire: casual', 'RestaurantsDelivery: False', 'RestaurantsGoodForGroups: True', 'RestaurantsPriceRange2: 2', 'RestaurantsReservations: True', 'RestaurantsTableService: True', 'WiFi: no', 'RestaurantsTakeOut: True']",-73.6035933,4858 Rue Sherbrooke W,H3Z 1H1,QC,1,FFy9dIwiajcxA3gaDn6AeA,business
Public House,Las Vegas,198,"['Monday 16:0-0:0', 'Tuesday 16:0-0:0', 'Wednesday 16:0-0:0', 'Thursday 16:0-0:0', 'Friday 11:0-1:0', 'Saturday 11:0-1:0', 'Sunday 11:0-0:0']",The Strip,"['Nightlife', 'Food', 'American (Traditional)', 'Restaurants', 'Sports Bars', 'Burgers', 'Bars', 'Beer', 'Wine & Spirits']",36.0954151675,3.0,"['Alcohol: full_bar', ""Ambience: {'romantic': False, 'intimate': False, 'classy': False, 'hipster': False, 'divey': False, 'touristy': False, 'trendy': False, 'upscale': False, 'casual': True}"", ""BestNights: {'monday': False, 'tuesday': False, 'friday': True, 'wednesday': False, 'thursday': True, 'sunday': False, 'saturday': True}"", 'BikeParking: False', 'BusinessAcceptsCreditCards: True', ""BusinessParking: {'garage': True, 'street': False, 'validated': False, 'lot': False, 'valet': False}"", 'Caters: False', 'CoatCheck: False', 'GoodForDancing: False', 'GoodForKids: False', ""GoodForMeal: {'dessert': False, 'latenight': True, 'lunch': True, 'dinner': True, 'breakfast': False, 'brunch': False}"", 'HappyHour: True', 'HasTV: True', ""Music: {'dj': False, 'background_music': False, 'no_music': False, 'karaoke': False, 'live': False, 'video': False, 'jukebox': False}"", 'NoiseLevel: average', 'OutdoorSeating: False', 'RestaurantsAttire: casual', 'RestaurantsDelivery: False', 'RestaurantsGoodForGroups: True', 'RestaurantsPriceRange2: 2', 'RestaurantsReservations: True', 'RestaurantsTableService: True', 'RestaurantsTakeOut: True', 'Smoking: no', 'WiFi: free']",-115.174970342,3900 Las Vegas Blvd S,89119,NV,1,KaGZE0_o1EmmSN4Fo_cpUw,business
Chili's,Mesa,49,"['Monday 11:0-22:0', 'Tuesday 11:0-22:0', 'Wednesday 11:0-22:0', 'Thursday 11:0-22:0', 'Friday 11:0-23:0', 'Saturday 11:0-23:0', 'Sunday 11:0-22:0']",,"['Bars', 'Restaurants', 'Tex-Mex', 'Nightlife', 'American (Traditional)']",33.4523048,2.0,"['Alcohol: full_bar', ""Ambience: {'romantic': False, 'intimate': False, 'classy': False, 'hipster': False, 'divey': False, 'touristy': False, 'trendy': False, 'upscale': False, 'casual': False}"", 'BikeParking: True', 'BusinessAcceptsCreditCards: True', ""BusinessParking: {'garage': False, 'street': False, 'validated': False, 'lot': False, 'valet': False}"", 'Caters: False', 'CoatCheck: False', 'GoodForDancing: False', 'GoodForKids: True', ""GoodForMeal: {'dessert': False, 'latenight': False, 'lunch': False, 'dinner': False, 'breakfast': False, 'brunch': True}"", 'HappyHour: True', 'HasTV: True', ""Music: {'dj': False, 'background_music': False, 'no_music': False, 'karaoke': False, 'live': False, 'video': False, 'jukebox': False}"", 'NoiseLevel: average', 'OutdoorSeating: False', 'RestaurantsAttire: casual', 'RestaurantsDelivery: False', 'RestaurantsGoodForGroups: True', 'RestaurantsPriceRange2: 2', 'RestaurantsReservations: False', 'RestaurantsTableService: True', 'RestaurantsTakeOut: True', 'WiFi: no']",-111.6871763,6648 E McKellips Rd,85215,AZ,1,9E_-MgxyfWNq-kWmjxSDkA,business
Hakka Masala Restaurant,Toronto,4,,Scarborough,"['Restaurants', 'Chinese']",43.7524465,4.0,"[""Ambience: {'romantic': False, 'intimate': False, 'classy': False, 'hipster': False, 'touristy': False, 'trendy': False, 'upscale': False, 'casual': False}"", 'BusinessAcceptsCreditCards: True', 'GoodForKids: True', ""GoodForMeal: {'dessert': False, 'latenight': False, 'lunch': False, 'dinner': False, 'breakfast': False, 'brunch': False}"", 'HasTV: True', 'NoiseLevel: quiet', 'OutdoorSeating: False', 'RestaurantsAttire: casual', 'RestaurantsDelivery: True', 'RestaurantsGoodForGroups: True', 'RestaurantsPriceRange2: 1', 'RestaurantsReservations: True', 'RestaurantsTakeOut: True', 'WiFi: no']",-79.2622936,2680 Lawrence Avenue E,M1P 0A2,ON,0,vnCU8LWS1xMfm-94Ojwzmw,business
My Healthy Meal,Las Vegas,13,"['Monday 8:0-20:0', 'Tuesday 8:0-20:0', 'Wednesday 8:0-20:0', 'Thursday 8:0-20:0', 'Friday 8:0-18:0', 'Saturday 11:0-17:0', 'Sunday 12:0-16:0']",Summerlin,"['Food', 'Vegetarian', 'Vegan', 'Restaurants', 'American (New)']",36.160552,3.5,"['Alcohol: none', ""Ambience: {'romantic': False, 'intimate': False, 'classy': False, 'hipster': False, 'divey': False, 'touristy': False, 'trendy': False, 'upscale': False, 'casual': True}"", 'BusinessAcceptsCreditCards: True', ""BusinessParking: {'garage': False, 'street': False, 'validated': False, 'lot': True, 'valet': False}"", 'Caters: True', 'GoodForKids: True', ""GoodForMeal: {'dessert': False, 'latenight': False, 'lunch': True, 'dinner': True, 'breakfast': True, 'brunch': False}"", 'HasTV: False', 'NoiseLevel: quiet', 'OutdoorSeating: False', 'RestaurantsAttire: casual', 'RestaurantsDelivery: True', 'RestaurantsGoodForGroups: True', 'RestaurantsPriceRange2: 1', 'RestaurantsReservations: False', 'RestaurantsTableService: False', 'RestaurantsTakeOut: True']",-115.318872,"10220 W Charleston, Ste 2",89135,NV,0,RxZpGcmMmUUlLn8c6RTk8w,business
El Rodeo,Mentor,20,,,"['Mexican', 'Restaurants']",41.6831717,3.5,"['Alcohol: full_bar', ""Ambience: {'romantic': False, 'intimate': False, 'classy': False, 'hipster': False, 'divey': False, 'touristy': False, 'trendy': False, 'upscale': False, 'casual': True}"", 'BusinessAcceptsCreditCards: True', ""BusinessParking: {'garage': False, 'street': False, 'validated': False, 'lot': True, 'valet': False}"", 'Caters: False', 'GoodForKids: True', ""GoodForMeal: {'dessert': False, 'latenight': False, 'lunch': True, 'dinner': False, 'breakfast': False, 'brunch': False}"", 'HasTV: True', 'NoiseLevel: average', 'OutdoorSeating: True', 'RestaurantsAttire: casual', 'RestaurantsDelivery: False', 'RestaurantsGoodForGroups: True', 'RestaurantsPriceRange2: 1', 'RestaurantsReservations: False', 'RestaurantsTableService: True', 'RestaurantsTakeOut: True', 'WheelchairAccessible: True', 'WiFi: no']",-81.3400624,6900 Center St,44060,OH,1,lum45B-qKKAN0QtRJlKFuw,business
Wasabi Jane's Venetiaen,Las Vegas,6,,The Strip,"['Japanese', 'Restaurants']",36.121428,2.0,"[""Ambience: {'romantic': False, 'intimate': False, 'classy': False, 'hipster': False, 'divey': False, 'touristy': False, 'trendy': False, 'upscale': False, 'casual': False}"", 'BusinessAcceptsCreditCards: True', 'Caters: False', 'GoodForKids: True', ""GoodForMeal: {'dessert': False, 'latenight': False, 'lunch': False, 'dinner': False, 'breakfast': False, 'brunch': False}"", 'HasTV: False', 'NoiseLevel: average', 'OutdoorSeating: False', 'RestaurantsAttire: casual', 'RestaurantsDelivery: False', 'RestaurantsGoodForGroups: True', 'RestaurantsPriceRange2: 1', 'RestaurantsReservations: False', 'RestaurantsTableService: False', 'RestaurantsTakeOut: True']",-115.169617,3355 Las Vegas Blvd S,89109,NV,1,8cn8zqkyz-UpGKXcKeIRYA,business
Ristorante Italiano,Las Vegas,3,,The Strip,"['Restaurants', 'Italian']",36.1354133,3.0,"['BusinessAcceptsCreditCards: True', 'RestaurantsAttire: casual']",-115.1600836,"Riviera Hotel and Casino, 2901 Las Vegas Blvd S",89109,NV,1,F7E3qP0oz_SuVGZGL0D8Zw,business
Resto Cafe Chez Anas,Verdun,8,,Verdun,"['French', 'Restaurants']",45.4628716,2.0,"['BusinessAcceptsCreditCards: True', 'GoodForKids: True', 'RestaurantsGoodForGroups: True', 'RestaurantsPriceRange2: 2', 'RestaurantsTableService: True']",-73.5711955,"552, rue de l'Église",H4G 2M4,QC,1,pLu3rPwdD65FEeFMqYS-zQ,business
Reunion Island Coffee,Toronto,24,"['Monday 7:0-17:0', 'Tuesday 7:0-17:0', 'Wednesday 7:0-17:0', 'Thursday 7:0-17:0', 'Friday 7:0-17:0', 'Saturday 7:0-17:0', 'Sunday 7:0-17:0']",High Park,"['Coffee & Tea', 'Food', 'Coffee Roasteries', 'French', 'Reunion', 'Restaurants']",43.650552,3.5,"['BikeParking: True', 'BusinessAcceptsCreditCards: True', ""BusinessParking: {'garage': False, 'street': True, 'validated': False, 'lot': False, 'valet': False}"", 'OutdoorSeating: False', 'RestaurantsPriceRange2: 2', 'RestaurantsTakeOut: True', 'WiFi: free', ""GoodForMeal: {'dessert': False, 'latenight': False, 'lunch': False, 'dinner': False, 'breakfast': False, 'brunch': False}"", 'RestaurantsGoodForGroups: False', 'RestaurantsReservations: False']",-79.450453,385 Roncesvalles Avenue,M6R 2N1,ON,1,oTfBJGJORIfYJ_VxUMWW1Q,business
Ristorante Gravina,Vaughan,10,"['Tuesday 17:0-22:0', 'Wednesday 17:0-22:0', 'Thursday 12:0-15:0', 'Thursday 17:0-22:0', 'Friday 12:0-15:0', 'Friday 17:0-22:0', 'Saturday 16:30-22:0']",,"['Restaurants', 'Italian']",43.8550857873,4.0,"['Alcohol: full_bar', ""Ambience: {'romantic': False, 'intimate': False, 'classy': False, 'hipster': False, 'touristy': False, 'trendy': False, 'upscale': False, 'casual': False}"", 'BusinessAcceptsCreditCards: True', ""BusinessParking: {'garage': False, 'street': False, 'validated': False, 'lot': False, 'valet': False}"", 'GoodForKids: True', ""GoodForMeal: {'dessert': False, 'latenight': False, 'lunch': False, 'dinner': True, 'breakfast': False, 'brunch': False}"", 'HasTV: True', 'NoiseLevel: average', 'OutdoorSeating: False', 'RestaurantsAttire: casual', 'RestaurantsDelivery: False', 'RestaurantsGoodForGroups: True', 'RestaurantsPriceRange2: 3', 'RestaurantsReservations: True', 'RestaurantsTableService: True', 'RestaurantsTakeOut: True', 'WiFi: no']",-79.5624014711,10385 Weston Road,L4L 2V5,ON,1,E2e0ddxVL_G0EzsJaFVQKA,business
Trattoria Casa Mia,Montréal,4,,Rosemont-La Petite-Patrie,"['Pizza', 'Restaurants']",45.5331078,3.0,"[""Ambience: {'romantic': False, 'intimate': False, 'classy': False, 'hipster': False, 'touristy': False, 'trendy': False, 'upscale': False, 'casual': False}"", ""BusinessParking: {'garage': False, 'street': False, 'validated': False, 'lot': False, 'valet': False}"", ""GoodForMeal: {'dessert': False, 'latenight': False, 'lunch': False, 'dinner': False, 'breakfast': False, 'brunch': False}"", 'HasTV: True', 'NoiseLevel: quiet', 'OutdoorSeating: False', 'RestaurantsAttire: casual', 'RestaurantsPriceRange2: 2', 'RestaurantsTableService: True', 'RestaurantsTakeOut: True', 'WiFi: no']",-73.613192,48 Rue Dante,H2S 1J5,QC,1,SESxUf6mDI-Gw9AkY0Tsww,business
Boston Pizza,Toronto,16,,Etobicoke,"['Pizza', 'Restaurants']",43.618545,3.0,"['Alcohol: full_bar', ""Ambience: {'romantic': False, 'intimate': False, 'classy': False, 'hipster': False, 'touristy': False, 'trendy': False, 'upscale': False, 'casual': False}"", 'BikeParking: True', 'BusinessAcceptsCreditCards: True', ""BusinessParking: {'garage': False, 'street': False, 'validated': False, 'lot': False, 'valet': False}"", 'GoodForKids: True', ""GoodForMeal: {'dessert': False, 'latenight': False, 'lunch': False, 'dinner': False, 'breakfast': False, 'brunch': False}"", 'HasTV: True', 'OutdoorSeating: True', 'RestaurantsAttire: casual', 'RestaurantsDelivery: True', 'RestaurantsGoodForGroups: True', 'RestaurantsPriceRange2: 2', 'RestaurantsReservations: True', 'RestaurantsTableService: True', 'RestaurantsTakeOut: True', 'WiFi: free']",-79.5439442,1602 The Queensway,M8Z 1V1,ON,1,PqRfOvjPa0EqbcH4MQY7pw,business
Flesor's Candy Kitchen,Tuscola,39,"['Monday 6:0-17:0', 'Tuesday 6:0-17:0', 'Wednesday 6:0-17:0', 'Thursday 6:0-17:0', 'Friday 6:0-17:0', 'Saturday 6:0-17:0', 'Sunday 6:0-17:0']",,"['Food', 'Restaurants', 'Candy Stores', 'Specialty Food', 'Cafes', 'Breakfast & Brunch', 'Ice Cream & Frozen Yogurt']",39.7995753,4.0,"['Alcohol: none', ""Ambience: {'romantic': False, 'intimate': False, 'classy': False, 'hipster': False, 'divey': False, 'touristy': False, 'trendy': False, 'upscale': False, 'casual': True}"", 'BikeParking: True', 'BusinessAcceptsCreditCards: True', ""BusinessParking: {'garage': False, 'street': True, 'validated': False, 'lot': False, 'valet': False}"", 'Caters: True', 'GoodForKids: True', ""GoodForMeal: {'dessert': True, 'latenight': False, 'lunch': True, 'dinner': False, 'breakfast': False, 'brunch': False}"", 'HasTV: False', 'NoiseLevel: average', 'OutdoorSeating: False', 'RestaurantsAttire: casual', 'RestaurantsDelivery: False', 'RestaurantsGoodForGroups: True', 'RestaurantsPriceRange2: 1', 'RestaurantsReservations: False', 'RestaurantsTableService: True', 'RestaurantsTakeOut: True', 'WiFi: free']",-88.2878659,101 W Sale St,61953,IL,1,aokqWHt8vMf5iwj8KZZ5eg,business
3 Tomatoes & A Mozzarella,Peoria,10,"['Monday 7:0-0:0', 'Tuesday 7:0-0:0', 'Wednesday 7:0-0:0', 'Thursday 7:0-0:0', 'Friday 7:0-0:0', 'Saturday 7:0-0:0']",,"['Italian', 'Restaurants']",33.6102354,3.5,"['Alcohol: full_bar', 'BusinessAcceptsCreditCards: True', ""BusinessParking: {'garage': False, 'street': False, 'validated': False, 'lot': True, 'valet': False}"", 'GoodForKids: True', ""GoodForMeal: {'dessert': False, 'latenight': False, 'lunch': False, 'dinner': True, 'breakfast': False, 'brunch': False}"", 'OutdoorSeating: True', 'RestaurantsAttire: casual', 'RestaurantsDelivery: False', 'RestaurantsGoodForGroups: True', 'RestaurantsPriceRange2: 2', 'RestaurantsReservations: True', 'RestaurantsTableService: True', 'RestaurantsTakeOut: True', 'WheelchairAccessible: True']",-112.2369046,"8258 W Thunderbird Rd, Ste 206",85381,AZ,0,QYF4M9SsUpobp89RZ4vTuw,business
Iron Creek Bar Grille,Cuddy,5,"['Monday 11:0-2:0', 'Tuesday 11:0-2:0', 'Wednesday 11:0-2:0', 'Thursday 11:0-2:0', 'Friday 11:0-2:0', 'Saturday 14:0-2:0', 'Sunday 12:0-2:0']",,"['Nightlife', 'Bars', 'American (Traditional)', 'Sandwiches', 'Restaurants']",40.3481607,3.0,"['BikeParking: True', 'BusinessAcceptsCreditCards: True', 'GoodForKids: True', 'HappyHour: True', 'HasTV: True', 'OutdoorSeating: True', 'RestaurantsAttire: casual', 'RestaurantsDelivery: False', 'RestaurantsGoodForGroups: True', 'RestaurantsPriceRange2: 2', 'RestaurantsReservations: False', 'RestaurantsTakeOut: True', 'WiFi: free']",-80.1554604,611 Millers Run Rd,15031,PA,1,NLH1_yRHvmvmt5ywhmfNww,business
Barry Bagels,Avon,14,"['Monday 6:30-19:0', 'Tuesday 6:30-19:0', 'Wednesday 6:30-19:0', 'Thursday 6:30-19:0', 'Friday 6:30-19:0', 'Saturday 6:30-19:0', 'Sunday 8:0-15:0']",,"['Food', 'Bagels', 'Restaurants', 'Sandwiches', 'Salad']",41.4582393248,4.0,"['Alcohol: none', ""Ambience: {'romantic': False, 'intimate': False, 'classy': False, 'hipster': False, 'divey': False, 'touristy': False, 'trendy': False, 'upscale': False, 'casual': True}"", 'BikeParking: False', 'BusinessAcceptsCreditCards: True', 'Caters: True', 'GoodForKids: True', ""GoodForMeal: {'dessert': False, 'latenight': False, 'lunch': True, 'dinner': False, 'breakfast': True, 'brunch': False}"", 'HasTV: True', 'OutdoorSeating: False', 'RestaurantsAttire: casual', 'RestaurantsDelivery: False', 'RestaurantsGoodForGroups: True', 'RestaurantsPriceRange2: 1', 'RestaurantsReservations: False', 'RestaurantsTableService: False', 'RestaurantsTakeOut: True', 'WiFi: free', ""BusinessParking: {'garage': False, 'street': False, 'validated': False, 'lot': True, 'valet': False}"", 'NoiseLevel: average']",-82.0214197093,2100 Center Rd,44011,OH,1,wGZyEflGm4UKwhhNATkdtw,business
Honey Hut,Brunswick,8,"['Monday 15:0-21:0', 'Tuesday 15:0-21:0', 'Wednesday 15:0-21:0', 'Thursday 15:0-21:0', 'Friday 15:0-21:30', 'Saturday 12:0-21:30', 'Sunday 12:0-21:0']",,"['Restaurants', 'Food', 'Desserts', 'Specialty Food']",41.2500833664,4.5,"['BikeParking: True', 'BusinessAcceptsCreditCards: True', ""BusinessParking: {'garage': False, 'street': False, 'validated': False, 'lot': False, 'valet': False}"", 'RestaurantsPriceRange2: 2', 'RestaurantsTakeOut: True']",-81.842061444,922 Pearl Rd,44212,OH,1,Aczj1nrVaMKT4kBDltz5sA,business
Cactus Cafe,Las Vegas,4,"['Friday 6:0-22:0', 'Saturday 6:0-22:0', 'Sunday 6:0-22:0']",Westside,"['Restaurants', 'American (Traditional)', 'Persian/Iranian', 'Food Stands']",36.1517469,5.0,"['BusinessAcceptsCreditCards: True', 'RestaurantsDelivery: False', 'RestaurantsGoodForGroups: True', 'RestaurantsReservations: False', 'RestaurantsTakeOut: True']",-115.2053706,4875 West Oakey Boulevard,89102,NV,1,QVcSKzl47nrO_LWFzz5AJQ,business
Wendy's,Las Vegas,8,,Westside,"['Restaurants', 'Burgers', 'Fast Food']",36.1448952,2.0,"['Alcohol: none', ""Ambience: {'romantic': False, 'intimate': False, 'classy': False, 'hipster': False, 'divey': False, 'touristy': False, 'trendy': False, 'upscale': False, 'casual': False}"", 'BikeParking: False', 'BusinessAcceptsCreditCards: True', ""BusinessParking: {'garage': False, 'street': False, 'validated': False, 'lot': False, 'valet': False}"", 'Caters: False', 'DriveThru: True', 'GoodForKids: True', ""GoodForMeal: {'dessert': False, 'latenight': False, 'lunch': False, 'dinner': False, 'breakfast': False, 'brunch': False}"", 'HasTV: False', 'OutdoorSeating: False', 'RestaurantsAttire: casual', 'RestaurantsDelivery: False', 'RestaurantsGoodForGroups: True', 'RestaurantsPriceRange2: 1', 'RestaurantsReservations: False', 'RestaurantsTakeOut: True']",-115.2001708,4400 W Sahara Ave,89102,NV,1,1tNVPumjvFErYjvSXbOQ6Q,business
In-N-Out Burger,Chandler,52,"['Monday 10:30-1:0', 'Tuesday 10:30-1:0', 'Wednesday 10:30-1:0', 'Thursday 10:30-1:0', 'Friday 10:30-1:30', 'Saturday 10:30-1:30', 'Sunday 10:30-1:0']",,"['Restaurants', 'Burgers', 'Fast Food']",33.2811847,4.0,"['Alcohol: none', ""Ambience: {'romantic': False, 'intimate': False, 'classy': False, 'hipster': False, 'divey': False, 'touristy': False, 'trendy': False, 'upscale': False, 'casual': True}"", 'BikeParking: True', 'BusinessAcceptsCreditCards: True', ""BusinessParking: {'garage': False, 'street': False, 'validated': False, 'lot': True, 'valet': False}"", 'Caters: False', 'DriveThru: True', 'GoodForKids: True', 'HasTV: False', 'NoiseLevel: average', 'OutdoorSeating: True', 'RestaurantsAttire: casual', 'RestaurantsDelivery: False', 'RestaurantsGoodForGroups: True', 'RestaurantsPriceRange2: 1', 'RestaurantsReservations: False', 'RestaurantsTableService: False', 'RestaurantsTakeOut: True', 'WheelchairAccessible: True', 'WiFi: no', ""GoodForMeal: {'dessert': False, 'latenight': True, 'lunch': True, 'dinner': True, 'breakfast': False, 'brunch': False}""]",-111.7901918,2910 E Germann Rd,85249,AZ,1,105f7-pVm48HQDB2BGk11g,business
Yip's Kitchen,Toronto,4,"['Tuesday 8:0-18:0', 'Wednesday 8:0-18:0', 'Thursday 8:0-18:0', 'Friday 8:0-19:0', 'Saturday 8:0-17:0']",St. Lawrence,"['Restaurants', 'Canadian (New)', 'Asian Fusion', 'Chinese']",43.6496845,3.0,"['GoodForKids: True', 'RestaurantsDelivery: True', 'RestaurantsGoodForGroups: True', 'RestaurantsReservations: False', 'RestaurantsTakeOut: True']",-79.3719613,"St. Lawrence Market, 92 Front Street E, Lower Level",M5E 1C4,ON,1,OS5IyYEXgYV9_Z0iS4MkOw,business
Edo Japon,Montréal,5,,Ville-Marie,['Restaurants'],45.5027545,4.5,"['Alcohol: none', ""Ambience: {'romantic': False, 'intimate': False, 'classy': False, 'hipster': False, 'touristy': False, 'trendy': False, 'upscale': False, 'casual': False}"", 'BikeParking: True', 'BusinessAcceptsCreditCards: True', 'GoodForKids: True', ""GoodForMeal: {'dessert': False, 'latenight': False, 'lunch': False, 'dinner': False, 'breakfast': False, 'brunch': False}"", 'HasTV: True', 'NoiseLevel: average', 'OutdoorSeating: False', 'RestaurantsAttire: casual', 'RestaurantsDelivery: False', 'RestaurantsGoodForGroups: True', 'RestaurantsPriceRange2: 2', 'RestaurantsReservations: False', 'RestaurantsTableService: False', 'RestaurantsTakeOut: True', 'WiFi: free']",-73.5714715,705 Rue Sainte-Catherine O,H3B 4G5,QC,1,vZbcZDWqIvHmUtS3Pky1tA,business
Domino's Pizza,Chandler,3,,,"['Pizza', 'Restaurants']",33.3196702,2.0,"['Alcohol: none', 'BusinessAcceptsCreditCards: True', ""BusinessParking: {'garage': False, 'street': False, 'validated': False, 'lot': False, 'valet': False}"", ""GoodForMeal: {'dessert': False, 'latenight': False, 'lunch': False, 'dinner': False, 'breakfast': False, 'brunch': False}"", 'OutdoorSeating: False', 'RestaurantsAttire: casual', 'RestaurantsDelivery: True', 'RestaurantsGoodForGroups: False', 'RestaurantsPriceRange2: 1', 'RestaurantsReservations: False', 'RestaurantsTableService: False', 'RestaurantsTakeOut: True', 'WheelchairAccessible: True']",-111.8606666,940 N Alma School Rd,85224,AZ,0,7f2lYQac9MOZDSaQbMs-Vw,business
El Greco,Stuttgart,49,"['Tuesday 17:0-1:0', 'Wednesday 11:30-15:0', 'Wednesday 17:0-1:0', 'Thursday 11:30-15:0', 'Thursday 17:0-1:0', 'Friday 11:30-15:0', 'Friday 17:0-1:0', 'Saturday 11:30-15:0', 'Saturday 17:0-1:0', 'Sunday 11:30-1:0']",,"['Greek', 'Restaurants']",48.77735,4.0,"['Alcohol: full_bar', 'BikeParking: False', 'BusinessAcceptsCreditCards: True', ""BusinessParking: {'garage': False, 'street': False, 'validated': False, 'lot': False, 'valet': False}"", ""DietaryRestrictions: {'dairy-free': False, 'gluten-free': False, 'vegan': False, 'kosher': False, 'halal': False, 'soy-free': False, 'vegetarian': False}"", 'DogsAllowed: True', 'GoodForKids: True', ""GoodForMeal: {'dessert': False, 'latenight': False, 'lunch': False, 'dinner': True, 'breakfast': False, 'brunch': False}"", 'HasTV: False', 'NoiseLevel: average', 'OutdoorSeating: False', 'RestaurantsAttire: casual', 'RestaurantsDelivery: False', 'RestaurantsGoodForGroups: True', 'RestaurantsPriceRange2: 2', 'RestaurantsReservations: True', 'RestaurantsTableService: True', 'RestaurantsTakeOut: True', 'WheelchairAccessible: False', 'WiFi: no', ""Ambience: {'romantic': False, 'intimate': False, 'classy': False, 'hipster': False, 'touristy': False, 'trendy': False, 'upscale': False, 'casual': False}""]",9.16874,Leuschnerstr. 17,70174,BW,1,p4unZEvxVy53Stf6nscWEQ,business
Diner On 55th,Cleveland,15,"['Monday 6:0-15:0', 'Tuesday 6:0-15:0', 'Wednesday 6:0-15:0', 'Thursday 6:0-15:0', 'Friday 6:0-15:0', 'Saturday 7:0-14:0', 'Sunday 7:0-14:0']",Goodrich Kirtland,"['Diners', 'Restaurants', 'Breakfast & Brunch']",41.5228145,3.5,"['Alcohol: none', ""Ambience: {'romantic': False, 'intimate': False, 'classy': False, 'hipster': False, 'divey': False, 'touristy': False, 'trendy': False, 'upscale': False, 'casual': True}"", 'BikeParking: True', 'BusinessAcceptsCreditCards: True', ""BusinessParking: {'garage': False, 'street': False, 'validated': False, 'lot': True, 'valet': False}"", 'Caters: False', 'GoodForKids: True', ""GoodForMeal: {'dessert': False, 'latenight': False, 'lunch': False, 'dinner': False, 'breakfast': True, 'brunch': False}"", 'HasTV: False', 'NoiseLevel: average', 'OutdoorSeating: False', 'RestaurantsAttire: casual', 'RestaurantsDelivery: False', 'RestaurantsGoodForGroups: True', 'RestaurantsPriceRange2: 1', 'RestaurantsReservations: False', 'RestaurantsTableService: True', 'RestaurantsTakeOut: True', 'WiFi: no']",-81.6522455,1328 E 55th St,44103,OH,1,VyqC3N2iBtR6PczQGafe5w,business
Gil's Cafe,Library,11,,,['Restaurants'],40.2909757,2.5,"['Alcohol: full_bar', ""Ambience: {'romantic': False, 'intimate': False, 'classy': False, 'hipster': False, 'divey': False, 'touristy': False, 'trendy': False, 'upscale': False, 'casual': False}"", 'BikeParking: True', 'BusinessAcceptsCreditCards: True', ""BusinessParking: {'garage': False, 'street': False, 'validated': False, 'lot': False, 'valet': False}"", 'GoodForKids: True', ""GoodForMeal: {'dessert': False, 'latenight': False, 'lunch': True, 'dinner': True, 'breakfast': False, 'brunch': False}"", 'HasTV: True', 'NoiseLevel: average', 'OutdoorSeating: True', 'RestaurantsAttire: casual', 'RestaurantsDelivery: False', 'RestaurantsGoodForGroups: True', 'RestaurantsPriceRange2: 2', 'RestaurantsReservations: True', 'RestaurantsTableService: True', 'RestaurantsTakeOut: True']",-79.9973439,2700 Brownsville Rd,15129,PA,1,XOvQUSHUjE0KkUuwDUR5OA,business
"Ohya Sushi, Korean Kitchen & Bar",Glendale,342,"['Monday 11:0-1:0', 'Tuesday 11:0-1:0', 'Wednesday 11:0-1:0', 'Thursday 11:0-1:0', 'Friday 11:0-2:0', 'Saturday 11:0-2:0', 'Sunday 11:0-23:0']",,"['Japanese', 'Restaurants', 'Korean', 'Sushi Bars']",33.6116508043,3.5,"['Alcohol: full_bar', ""Ambience: {'romantic': False, 'intimate': False, 'classy': False, 'hipster': False, 'divey': False, 'touristy': False, 'trendy': False, 'upscale': False, 'casual': True}"", 'BYOB: False', 'BYOBCorkage: yes_free', 'BikeParking: True', 'BusinessAcceptsBitcoin: False', 'BusinessAcceptsCreditCards: True', ""BusinessParking: {'garage': False, 'street': False, 'validated': False, 'lot': True, 'valet': False}"", 'Caters: True', 'Corkage: False', 'DogsAllowed: False', 'GoodForKids: True', ""GoodForMeal: {'dessert': False, 'latenight': False, 'lunch': True, 'dinner': True, 'breakfast': False, 'brunch': False}"", 'HasTV: True', 'NoiseLevel: average', 'OutdoorSeating: False', 'RestaurantsAttire: casual', 'RestaurantsDelivery: False', 'RestaurantsGoodForGroups: True', 'RestaurantsPriceRange2: 2', 'RestaurantsReservations: True', 'RestaurantsTableService: True', 'RestaurantsTakeOut: True', 'WheelchairAccessible: True', 'WiFi: no']",-112.165567973,"4920 W Thunderbird Rd, Ste 117",85306,AZ,1,8Y5p2IQMLX6QjGPzxanexg,business
LaMar's Donuts & Coffee,Phoenix,157,"['Monday 5:30-14:0', 'Tuesday 5:30-14:0', 'Wednesday 5:30-14:0', 'Thursday 5:30-14:0', 'Friday 5:30-14:0', 'Saturday 5:30-14:0', 'Sunday 5:30-14:0']",,"['Donuts', 'Breakfast & Brunch', 'Restaurants', 'Food', 'Coffee & Tea']",33.6403418,4.5,"['Alcohol: none', 'BikeParking: True', 'BusinessAcceptsCreditCards: True', ""BusinessParking: {'garage': False, 'street': False, 'validated': False, 'lot': True, 'valet': False}"", 'Caters: False', 'HasTV: True', 'OutdoorSeating: False', 'RestaurantsDelivery: False', 'RestaurantsPriceRange2: 1', 'RestaurantsReservations: False', 'RestaurantsTableService: False', 'RestaurantsTakeOut: True', 'WheelchairAccessible: True', 'WiFi: free']",-112.1106724,2340 W Bell Rd,85023,AZ,1,5P7zzVhWvO8nXGPdy7xqhw,business
McDonalds,Surprise,6,,,"['Restaurants', 'Fast Food']",33.612475,1.5,"['BusinessAcceptsCreditCards: True', 'GoodForKids: False', 'RestaurantsDelivery: False', 'RestaurantsGoodForGroups: False', 'RestaurantsTakeOut: True']",-112.418489,Lp 303,85388,AZ,1,YSmh4Uv7gl9B6zHFPLRCNw,business
Applebee's,Westlake,5,,,"['Bars', 'Nightlife', 'Sports Bars', 'Burgers', 'Restaurants', 'American (Traditional)']",41.4604712,3.0,"['Alcohol: full_bar', ""Ambience: {'romantic': False, 'intimate': False, 'classy': False, 'hipster': False, 'divey': False, 'touristy': False, 'trendy': False, 'upscale': False, 'casual': False}"", 'BikeParking: False', 'BusinessAcceptsCreditCards: True', ""BusinessParking: {'garage': False, 'street': False, 'validated': False, 'lot': False, 'valet': False}"", 'Caters: False', 'GoodForKids: True', 'HasTV: True', 'NoiseLevel: quiet', 'OutdoorSeating: False', 'RestaurantsAttire: casual', 'RestaurantsDelivery: False', 'RestaurantsGoodForGroups: True', 'RestaurantsPriceRange2: 1', 'RestaurantsReservations: False', 'RestaurantsTableService: False', 'RestaurantsTakeOut: False', 'WheelchairAccessible: True', 'WiFi: no']",-81.949171,2033 Crocker Rd,44145,OH,0,7dlCzYnXDaubTAfvgAX6sQ,business
B Spot,Westlake,219,"['Monday 11:30-21:30', 'Tuesday 11:30-21:30', 'Wednesday 11:30-21:30', 'Thursday 11:30-21:30', 'Friday 11:30-22:30', 'Saturday 11:30-22:30', 'Sunday 11:30-21:0']",,"['Burgers', 'Restaurants']",41.4604659923,3.5,"['Alcohol: full_bar', ""Ambience: {'romantic': False, 'intimate': False, 'classy': False, 'hipster': False, 'divey': False, 'touristy': False, 'trendy': False, 'upscale': False, 'casual': True}"", 'BikeParking: True', 'BusinessAcceptsCreditCards: True', ""BusinessParking: {'garage': False, 'street': True, 'validated': False, 'lot': False, 'valet': False}"", 'Caters: False', 'DriveThru: False', 'GoodForKids: True', ""GoodForMeal: {'dessert': False, 'latenight': False, 'lunch': True, 'dinner': True, 'breakfast': False, 'brunch': False}"", 'HasTV: True', 'NoiseLevel: average', 'OutdoorSeating: True', 'RestaurantsAttire: casual', 'RestaurantsDelivery: False', 'RestaurantsGoodForGroups: True', 'RestaurantsPriceRange2: 2', 'RestaurantsReservations: False', 'RestaurantsTableService: True', 'RestaurantsTakeOut: True', 'WiFi: free']",-81.9525440737,20 Main St,44145,OH,1,KR2kRmHnRCaNzOUEGoB25w,business
McDonald's,Matthews,5,,,"['Fast Food', 'Burgers', 'Restaurants']",35.1363546138,2.5,"['BikeParking: False', 'BusinessAcceptsCreditCards: True', 'DriveThru: True', 'GoodForKids: True', ""GoodForMeal: {'dessert': False, 'latenight': False, 'lunch': False, 'dinner': False, 'breakfast': True, 'brunch': False}"", 'HasTV: False', 'OutdoorSeating: False', 'RestaurantsAttire: casual', 'RestaurantsDelivery: False', 'RestaurantsGoodForGroups: True', 'RestaurantsPriceRange2: 1', 'RestaurantsReservations: False', 'RestaurantsTakeOut: True', 'WiFi: free']",-80.7137239538,9607 E Independence Blvd,28105,NC,1,nbWhNr0CRep4tt9FFZ7s8A,business
Stuggi Burger,Stuttgart,10,"['Monday 11:0-22:0', 'Tuesday 11:0-22:0', 'Wednesday 11:0-22:0', 'Thursday 11:0-22:0', 'Friday 11:0-22:0', 'Saturday 12:0-22:0', 'Sunday 12:0-22:0']",,"['Restaurants', 'Burgers']",48.7749,3.5,"['Alcohol: beer_and_wine', ""Ambience: {'romantic': False, 'intimate': False, 'classy': False, 'hipster': False, 'touristy': False, 'trendy': False, 'upscale': False, 'casual': True}"", 'BusinessAcceptsCreditCards: False', ""BusinessParking: {'garage': False, 'street': True, 'validated': False, 'lot': False, 'valet': False}"", 'DriveThru: False', 'GoodForKids: True', ""GoodForMeal: {'dessert': False, 'latenight': False, 'lunch': True, 'dinner': False, 'breakfast': False, 'brunch': False}"", 'HasTV: True', 'NoiseLevel: loud', 'OutdoorSeating: False', 'RestaurantsAttire: casual', 'RestaurantsDelivery: False', 'RestaurantsGoodForGroups: True', 'RestaurantsPriceRange2: 1', 'RestaurantsReservations: False', 'RestaurantsTableService: False', 'RestaurantsTakeOut: True', 'WheelchairAccessible: False', 'WiFi: no']",9.15524,Bebelstr. 25,70193,BW,1,IYn-sU7cPWkwZLevrAsp_g,business
Olive Garden Italian Restaurant,Peoria,111,"['Monday 11:0-22:0', 'Tuesday 11:0-22:0', 'Wednesday 11:0-22:0', 'Thursday 11:0-22:0', 'Friday 11:0-23:0', 'Saturday 11:0-23:0', 'Sunday 11:0-22:0']",,"['Nightlife', 'Wine Bars', 'Restaurants', 'Bars', 'Salad', 'Italian']",33.6377418163,3.0,"['Alcohol: full_bar', ""Ambience: {'romantic': False, 'intimate': False, 'classy': False, 'hipster': False, 'divey': False, 'touristy': False, 'trendy': False, 'upscale': False, 'casual': True}"", ""BestNights: {'monday': False, 'tuesday': False, 'friday': False, 'wednesday': False, 'thursday': False, 'sunday': False, 'saturday': False}"", 'BusinessAcceptsCreditCards: True', ""BusinessParking: {'garage': False, 'street': False, 'validated': False, 'lot': True, 'valet': False}"", 'Caters: True', 'CoatCheck: False', 'DogsAllowed: False', 'GoodForDancing: False', 'GoodForKids: True', ""GoodForMeal: {'dessert': True, 'latenight': False, 'lunch': True, 'dinner': True, 'breakfast': False, 'brunch': False}"", 'HappyHour: True', 'HasTV: False', ""Music: {'dj': False, 'background_music': True, 'no_music': False, 'karaoke': False, 'live': False, 'video': False, 'jukebox': False}"", 'NoiseLevel: average', 'OutdoorSeating: False', 'RestaurantsAttire: casual', 'RestaurantsDelivery: False', 'RestaurantsGoodForGroups: True', 'RestaurantsPriceRange2: 2', 'RestaurantsReservations: True', 'RestaurantsTableService: True', 'RestaurantsTakeOut: True', 'Smoking: no', 'WheelchairAccessible: True', 'WiFi: no', 'BikeParking: True']",-112.227934548,7889 W Bell Rd,85382,AZ,1,d5n5CsoJNu-tKEbfI6U3tA,business
Koi Sushi Bar & Grill,Peoria,23,"['Tuesday 15:0-21:30', 'Wednesday 15:0-21:30', 'Thursday 15:0-21:30', 'Friday 11:30-23:0', 'Saturday 11:30-23:0', 'Sunday 11:30-21:0']",,"['Japanese', 'Sushi Bars', 'Restaurants']",33.630552,3.0,"['Alcohol: full_bar', ""Ambience: {'romantic': False, 'intimate': False, 'classy': False, 'hipster': False, 'divey': False, 'touristy': False, 'trendy': False, 'upscale': False, 'casual': True}"", 'BusinessAcceptsCreditCards: True', ""BusinessParking: {'garage': False, 'street': False, 'validated': False, 'lot': True, 'valet': False}"", 'GoodForKids: True', ""GoodForMeal: {'dessert': False, 'latenight': False, 'lunch': False, 'dinner': True, 'breakfast': False, 'brunch': False}"", 'HasTV: True', 'NoiseLevel: average', 'OutdoorSeating: True', 'RestaurantsAttire: casual', 'RestaurantsDelivery: False', 'RestaurantsGoodForGroups: True', 'RestaurantsPriceRange2: 2', 'RestaurantsReservations: True', 'RestaurantsTableService: True', 'RestaurantsTakeOut: True', 'WheelchairAccessible: True', 'WiFi: no']",-112.23811,16055 N Arrowhead Fountain,85382,AZ,0,4zIe-AXUNR0Bect1YH4_Pg,business
Greek Wraps,Peoria,434,"['Monday 11:0-20:0', 'Tuesday 11:0-20:0', 'Wednesday 11:0-20:0', 'Thursday 11:0-20:0', 'Friday 11:0-21:0', 'Saturday 11:0-21:0', 'Sunday 11:0-19:0']",,"['Greek', 'Restaurants', 'Mediterranean']",33.637659,4.5,"['Alcohol: none', ""Ambience: {'romantic': False, 'intimate': False, 'classy': False, 'hipster': False, 'divey': False, 'touristy': False, 'trendy': False, 'upscale': False, 'casual': True}"", 'BikeParking: True', 'BusinessAcceptsCreditCards: True', ""BusinessParking: {'garage': False, 'street': False, 'validated': False, 'lot': True, 'valet': False}"", 'Caters: True', 'GoodForKids: True', ""GoodForMeal: {'dessert': False, 'latenight': False, 'lunch': True, 'dinner': True, 'breakfast': False, 'brunch': False}"", 'HasTV: False', 'NoiseLevel: average', 'OutdoorSeating: True', 'RestaurantsAttire: casual', 'RestaurantsDelivery: False', 'RestaurantsGoodForGroups: True', 'RestaurantsPriceRange2: 1', 'RestaurantsReservations: False', 'RestaurantsTableService: False', 'RestaurantsTakeOut: True', 'WheelchairAccessible: True', 'WiFi: free']",-112.217436,7369 W Bell Rd,85382,AZ,1,FYa3GUro-ezTM9zvKiocFw,business
Furr's Buffet,Sun City,9,,,"['Buffets', 'Restaurants', 'American (Traditional)']",33.6000118,4.0,"['Alcohol: none', ""Ambience: {'romantic': False, 'intimate': False, 'classy': False, 'hipster': False, 'divey': False, 'touristy': False, 'trendy': False, 'upscale': False, 'casual': False}"", 'BusinessAcceptsCreditCards: True', ""BusinessParking: {'garage': False, 'street': False, 'validated': False, 'lot': False, 'valet': False}"", 'Caters: False', 'GoodForKids: True', ""GoodForMeal: {'dessert': False, 'latenight': False, 'lunch': False, 'dinner': False, 'breakfast': False, 'brunch': False}"", 'HasTV: False', 'NoiseLevel: average', 'OutdoorSeating: False', 'RestaurantsAttire: casual', 'RestaurantsDelivery: False', 'RestaurantsGoodForGroups: True', 'RestaurantsPriceRange2: 1', 'RestaurantsReservations: False', 'RestaurantsTableService: True', 'RestaurantsTakeOut: True', 'WheelchairAccessible: True', 'WiFi: no']",-112.2825659,10415 Grand Ave,85351,AZ,0,9Z_srra9YNfwhyDGxVI_Tg,business
L'Oeufrier - Saint-Henri,Montréal,6,"['Monday 6:0-15:0', 'Tuesday 6:0-15:0', 'Wednesday 6:0-15:0', 'Thursday 6:0-15:0', 'Friday 6:0-15:0', 'Saturday 7:0-16:0', 'Sunday 7:0-16:0']",Sud-Ouest,"['Restaurants', 'Cafes', 'Breakfast & Brunch', 'Salad', 'Sandwiches']",45.479123,4.0,"['Alcohol: none', ""Ambience: {'romantic': False, 'intimate': False, 'classy': False, 'hipster': False, 'touristy': False, 'trendy': False, 'upscale': False, 'casual': False}"", 'BikeParking: True', 'BusinessAcceptsCreditCards: True', ""BusinessParking: {'garage': False, 'street': True, 'validated': False, 'lot': False, 'valet': False}"", 'Caters: False', 'DogsAllowed: False', 'GoodForKids: True', 'HasTV: False', 'NoiseLevel: average', 'OutdoorSeating: False', 'RestaurantsAttire: casual', 'RestaurantsDelivery: False', 'RestaurantsGoodForGroups: True', 'RestaurantsPriceRange2: 2', 'RestaurantsReservations: True', 'RestaurantsTableService: True', 'RestaurantsTakeOut: True', 'WheelchairAccessible: True', 'WiFi: free', ""GoodForMeal: {'dessert': False, 'latenight': False, 'lunch': False, 'dinner': False, 'breakfast': True, 'brunch': True}""]",-73.581528,3714 Rue Notre-Dame O,H4C 1P7,QC,1,LrrUpVdt6t2cnSJDId9ziw,business
Shawarma Plus,Henderson,25,"['Monday 10:0-21:0', 'Tuesday 10:0-21:0', 'Wednesday 10:0-21:0', 'Thursday 10:0-21:0', 'Friday 10:0-21:0', 'Saturday 11:0-19:0']",Anthem,"['Lebanese', 'Restaurants', 'American (New)', 'Mediterranean', 'Middle Eastern']",36.0059007,4.0,"['Alcohol: none', ""Ambience: {'romantic': False, 'intimate': False, 'classy': False, 'hipster': False, 'divey': False, 'touristy': False, 'trendy': False, 'upscale': False, 'casual': True}"", 'BikeParking: True', 'BusinessAcceptsBitcoin: False', 'BusinessAcceptsCreditCards: True', ""BusinessParking: {'garage': False, 'street': False, 'validated': False, 'lot': True, 'valet': False}"", 'Caters: True', 'DogsAllowed: False', 'GoodForKids: True', ""GoodForMeal: {'dessert': False, 'latenight': False, 'lunch': True, 'dinner': False, 'breakfast': False, 'brunch': False}"", 'HasTV: True', 'NoiseLevel: quiet', 'OutdoorSeating: False', 'RestaurantsAttire: casual', 'RestaurantsDelivery: True', 'RestaurantsGoodForGroups: True', 'RestaurantsPriceRange2: 1', 'RestaurantsReservations: False', 'RestaurantsTableService: False', 'RestaurantsTakeOut: True', 'WheelchairAccessible: True', 'WiFi: free']",-115.1118635,"10100 S Eastern Ave, Ste 120",89052,NV,0,syNB957bkdanLVhC0f28nw,business
Burger King Canada,Mississauga,3,,,"['Burgers', 'Restaurants', 'Fast Food', 'Hot Dogs']",43.5978814,2.5,"['BusinessAcceptsCreditCards: True', 'RestaurantsGoodForGroups: True', 'RestaurantsReservations: False', 'RestaurantsTakeOut: True']",-79.7348735,6465 Mississauga Road,L5N 1A6,ON,1,zl4T9WtZi0TiIo2RFvc4Zw,business
Pizza Pinocchio,Hemmingen,3,,,"['Restaurants', 'Pizza']",52.3018315,3.5,,9.7405221,Göttingerstr. 77,30966,NI,1,NipDhT1vHgpfH1Gtd-IUqA,business
Irish Embassy Pub & Grill,Toronto,113,"['Monday 11:30-2:0', 'Tuesday 11:30-2:0', 'Wednesday 11:30-2:0', 'Thursday 11:30-2:0', 'Friday 11:30-2:0', 'Saturday 11:0-2:0', 'Sunday 11:0-2:0']",St. Lawrence,"['Nightlife', 'Restaurants', 'Irish', 'Bars', 'Pubs']",43.6480491,3.0,"['Alcohol: full_bar', ""Ambience: {'romantic': False, 'intimate': False, 'classy': False, 'hipster': False, 'touristy': False, 'trendy': False, 'upscale': False, 'casual': True}"", ""BestNights: {'monday': False, 'tuesday': False, 'friday': True, 'wednesday': False, 'thursday': True, 'sunday': False, 'saturday': True}"", 'BikeParking: True', 'BusinessAcceptsCreditCards: True', ""BusinessParking: {'garage': False, 'street': True, 'validated': False, 'lot': False, 'valet': False}"", 'Caters: False', 'CoatCheck: False', 'DogsAllowed: False', 'GoodForDancing: False', 'GoodForKids: False', ""GoodForMeal: {'dessert': False, 'latenight': False, 'lunch': False, 'dinner': True, 'breakfast': False, 'brunch': False}"", 'HappyHour: True', 'HasTV: True', ""Music: {'dj': False, 'background_music': False, 'no_music': False, 'karaoke': False, 'live': False, 'video': False, 'jukebox': False}"", 'NoiseLevel: average', 'OutdoorSeating: False', 'RestaurantsAttire: casual', 'RestaurantsDelivery: False', 'RestaurantsGoodForGroups: True', 'RestaurantsPriceRange2: 2', 'RestaurantsReservations: True', 'RestaurantsTableService: True', 'RestaurantsTakeOut: True', 'Smoking: no', 'WheelchairAccessible: False', 'WiFi: free']",-79.3771535,49 Yonge St,M5E 1J1,ON,1,3dG6AB7o5QMVQzga0zotiA,business
A Panda Buffet,South Euclid,11,,,"['Chinese', 'Buffets', 'Restaurants']",41.5199389,3.5,"['Alcohol: none', ""Ambience: {'romantic': False, 'intimate': False, 'classy': False, 'hipster': False, 'divey': False, 'touristy': False, 'trendy': False, 'upscale': False, 'casual': False}"", 'BikeParking: True', 'BusinessAcceptsCreditCards: True', ""BusinessParking: {'garage': False, 'street': False, 'validated': False, 'lot': False, 'valet': False}"", 'Caters: False', 'GoodForKids: True', ""GoodForMeal: {'dessert': False, 'latenight': False, 'lunch': True, 'dinner': True, 'breakfast': False, 'brunch': False}"", 'HasTV: True', 'NoiseLevel: quiet', 'OutdoorSeating: False', 'RestaurantsAttire: casual', 'RestaurantsDelivery: False', 'RestaurantsGoodForGroups: True', 'RestaurantsPriceRange2: 1', 'RestaurantsReservations: True', 'RestaurantsTableService: True', 'RestaurantsTakeOut: True', 'WiFi: no']",-81.5182749,4503 Mayfield Rd,44121,OH,0,1qw65j15MqKqYkljH_iSyA,business
Le Filet,Montréal,74,"['Tuesday 18:0-23:0', 'Wednesday 18:0-23:0', 'Thursday 18:0-23:0', 'Friday 18:0-23:0', 'Saturday 18:0-23:0']",Plateau-Mont-Royal,"['Restaurants', 'Seafood']",45.5179642,4.5,"['Alcohol: full_bar', ""Ambience: {'romantic': False, 'intimate': False, 'classy': False, 'hipster': False, 'touristy': False, 'trendy': True, 'upscale': False, 'casual': False}"", 'BikeParking: True', 'BusinessAcceptsCreditCards: True', ""BusinessParking: {'garage': False, 'street': True, 'validated': False, 'lot': False, 'valet': False}"", 'Caters: False', 'GoodForKids: False', ""GoodForMeal: {'dessert': False, 'latenight': False, 'lunch': False, 'dinner': True, 'breakfast': False, 'brunch': False}"", 'HasTV: False', 'NoiseLevel: average', 'OutdoorSeating: True', 'RestaurantsAttire: dressy', 'RestaurantsDelivery: False', 'RestaurantsGoodForGroups: True', 'RestaurantsPriceRange2: 3', 'RestaurantsReservations: True', 'RestaurantsTableService: True', 'RestaurantsTakeOut: False', 'WiFi: no']",-73.5885491,219 Ave du Mont Royal W,H2T 2Y6,QC,1,cemMv5hvZZPj-_1V4xT9rQ,business
Kam Shing Chinese Restaurant,Montréal,5,,Côte-des-Neiges,"['Restaurants', 'Chinese']",45.4947875,3.0,"['Alcohol: beer_and_wine', ""Ambience: {'romantic': False, 'intimate': False, 'classy': False, 'hipster': False, 'touristy': False, 'trendy': False, 'upscale': False, 'casual': True}"", 'BikeParking: False', 'BusinessAcceptsCreditCards: True', ""BusinessParking: {'garage': False, 'street': False, 'validated': False, 'lot': False, 'valet': False}"", 'GoodForKids: True', ""GoodForMeal: {'dessert': False, 'latenight': False, 'lunch': False, 'dinner': False, 'breakfast': False, 'brunch': False}"", 'HasTV: False', 'NoiseLevel: average', 'OutdoorSeating: False', 'RestaurantsAttire: casual', 'RestaurantsDelivery: True', 'RestaurantsGoodForGroups: True', 'RestaurantsPriceRange2: 2', 'RestaurantsReservations: True', 'RestaurantsTableService: True', 'RestaurantsTakeOut: True', 'WiFi: no']",-73.6374905,4771 Avenue Van Horne,H3W 1H8,QC,1,O6y47a9UtySaWg3QMx41iQ,business
Kantina,Cleveland,5,"['Monday 11:0-21:0', 'Tuesday 11:0-21:0', 'Wednesday 11:0-21:0', 'Thursday 11:0-21:0', 'Friday 11:0-14:0', 'Sunday 11:0-21:0']",University,"['Restaurants', 'Kosher']",41.508602,5.0,"['BikeParking: True', 'BusinessAcceptsCreditCards: True', 'GoodForKids: True', 'OutdoorSeating: True', 'RestaurantsAttire: casual', 'RestaurantsDelivery: False', 'RestaurantsGoodForGroups: True', 'RestaurantsReservations: True', 'RestaurantsTakeOut: True', 'RestaurantsPriceRange2: 1']",-81.6063549,"Uptown Hillel, 11303 Euclid Ave",44106,OH,1,AdhoiyQD1sELIJNNE3npDQ,business
McDonald's,Gilbert,25,,,"['Fast Food', 'Burgers', 'Restaurants']",33.2972145081,2.5,"['Alcohol: none', ""Ambience: {'romantic': False, 'intimate': False, 'classy': False, 'hipster': False, 'divey': False, 'touristy': False, 'trendy': False, 'upscale': False, 'casual': True}"", 'BikeParking: True', 'BusinessAcceptsCreditCards: True', ""BusinessParking: {'garage': False, 'street': False, 'validated': False, 'lot': False, 'valet': False}"", 'Caters: True', 'DriveThru: True', 'GoodForKids: True', ""GoodForMeal: {'dessert': False, 'latenight': False, 'lunch': False, 'dinner': False, 'breakfast': True, 'brunch': False}"", 'HasTV: True', 'OutdoorSeating: False', 'RestaurantsAttire: casual', 'RestaurantsDelivery: False', 'RestaurantsGoodForGroups: True', 'RestaurantsPriceRange2: 1', 'RestaurantsReservations: False', 'RestaurantsTableService: False', 'RestaurantsTakeOut: True', 'WiFi: free']",-111.755630493,3021 S Val Vista Dr,85295,AZ,1,E_eZJP4DEj2euBT0VuO2tQ,business
Jardin De Jade Poon Kai Restaurant,Montréal,47,,Ville-Marie,"['Chinese', 'Restaurants', 'Buffets']",45.507439,2.0,"['Alcohol: full_bar', ""Ambience: {'romantic': False, 'intimate': False, 'classy': False, 'hipster': False, 'touristy': False, 'trendy': False, 'upscale': False, 'casual': True}"", 'BikeParking: False', 'BusinessAcceptsCreditCards: True', ""BusinessParking: {'garage': False, 'street': True, 'validated': False, 'lot': False, 'valet': False}"", 'Caters: False', 'GoodForKids: True', ""GoodForMeal: {'dessert': False, 'latenight': False, 'lunch': True, 'dinner': True, 'breakfast': False, 'brunch': False}"", 'HasTV: True', 'NoiseLevel: average', 'OutdoorSeating: True', 'RestaurantsAttire: casual', 'RestaurantsDelivery: False', 'RestaurantsGoodForGroups: True', 'RestaurantsPriceRange2: 2', 'RestaurantsReservations: False', 'RestaurantsTableService: True', 'RestaurantsTakeOut: True', 'WheelchairAccessible: True', 'WiFi: no']",-73.560607,67 Rue De La Gauchetiere W,H2Z 1C2,QC,1,cEFnJrDaz7BLO0xOCJlF6A,business
Romito's Pizza & Restaurant,Northfield,4,,,"['Pizza', 'Restaurants']",41.3423244,3.0,"['BusinessAcceptsCreditCards: True', ""BusinessParking: {'garage': False, 'street': False, 'validated': False, 'lot': False, 'valet': False}"", 'GoodForKids: True', ""GoodForMeal: {'dessert': False, 'latenight': False, 'lunch': False, 'dinner': False, 'breakfast': False, 'brunch': False}"", 'OutdoorSeating: False', 'RestaurantsAttire: casual', 'RestaurantsPriceRange2: 1', 'RestaurantsTableService: True', 'RestaurantsTakeOut: True']",-81.5295431,10418 Northfield Rd,44067,OH,0,hO-jnwzDsCREL__UZWJBQA,business
Tandoor,Toronto,3,,,"['Indian', 'Restaurants', 'Pakistani']",43.6723367,1.0,"['BusinessAcceptsCreditCards: True', 'GoodForKids: False', ""GoodForMeal: {'dessert': False, 'latenight': False, 'lunch': False, 'dinner': False, 'breakfast': False, 'brunch': False}"", 'RestaurantsDelivery: True', 'RestaurantsPriceRange2: 2', 'RestaurantsTakeOut: True']",-79.3222824,1430 Gerrard St E,M4L 1Z6,ON,1,H0f7DAWYWia929TO0spgmw,business
Cheddar's Scratch Kitchen,Gastonia,60,"['Monday 11:0-22:30', 'Tuesday 11:0-22:30', 'Wednesday 11:0-22:30', 'Thursday 11:0-22:30', 'Friday 11:0-23:30', 'Saturday 11:0-23:30', 'Sunday 11:0-22:30']",,"['American (Traditional)', 'Cafes', 'Comfort Food', 'Restaurants']",35.2609158768,3.0,"['Alcohol: full_bar', ""Ambience: {'romantic': False, 'intimate': False, 'classy': False, 'hipster': False, 'divey': False, 'touristy': False, 'trendy': False, 'upscale': False, 'casual': True}"", 'BikeParking: True', 'BusinessAcceptsCreditCards: True', ""BusinessParking: {'garage': False, 'street': False, 'validated': False, 'lot': True, 'valet': False}"", 'Caters: False', 'GoodForKids: True', 'HasTV: True', 'NoiseLevel: average', 'OutdoorSeating: True', 'RestaurantsAttire: casual', 'RestaurantsDelivery: False', 'RestaurantsGoodForGroups: True', 'RestaurantsPriceRange2: 2', 'RestaurantsTableService: True', 'RestaurantsTakeOut: True', 'WiFi: no', ""GoodForMeal: {'dessert': False, 'latenight': False, 'lunch': True, 'dinner': True, 'breakfast': False, 'brunch': False}"", 'RestaurantsReservations: False']",-81.1424550271,2051 E Franklin Blvd,28054,NC,1,1ddi7j3nph9tuU3J3TK6LA,business
3 Amigos,Montréal,143,"['Monday 11:0-0:0', 'Tuesday 11:0-0:0', 'Wednesday 11:0-0:0', 'Thursday 11:0-0:0', 'Friday 11:0-0:0', 'Saturday 11:0-0:0', 'Sunday 11:0-0:0']",Ville-Marie,"['Restaurants', 'Mexican', 'Tex-Mex']",45.4944263,2.5,"['Alcohol: full_bar', ""Ambience: {'romantic': False, 'intimate': False, 'classy': False, 'hipster': False, 'touristy': False, 'trendy': False, 'upscale': False, 'casual': True}"", 'BikeParking: True', 'BusinessAcceptsCreditCards: True', ""BusinessParking: {'garage': False, 'street': True, 'validated': False, 'lot': False, 'valet': False}"", 'Caters: False', 'GoodForKids: True', ""GoodForMeal: {'dessert': False, 'latenight': False, 'lunch': True, 'dinner': True, 'breakfast': False, 'brunch': False}"", 'HasTV: True', 'OutdoorSeating: True', 'RestaurantsAttire: casual', 'RestaurantsDelivery: False', 'RestaurantsGoodForGroups: True', 'RestaurantsPriceRange2: 2', 'RestaurantsReservations: True', 'RestaurantsTableService: True', 'RestaurantsTakeOut: True', 'WiFi: free', 'NoiseLevel: loud']",-73.5790666,"1657, Rue Sainte-Catherine Ouest",H3H 1L9,QC,1,MmU8ak-uG-s1RbqXu13m0Q,business
Burger King,Phoenix,7,"['Monday 5:0-22:0', 'Tuesday 5:0-22:0', 'Wednesday 5:0-22:0', 'Thursday 5:0-22:0', 'Friday 5:0-22:0', 'Saturday 5:0-22:0', 'Sunday 6:0-22:0']",,"['Fast Food', 'Restaurants', 'Burgers']",33.465786,1.0,"['Alcohol: none', ""Ambience: {'romantic': False, 'intimate': False, 'classy': False, 'hipster': False, 'divey': False, 'touristy': False, 'trendy': False, 'upscale': False, 'casual': False}"", 'BikeParking: True', 'BusinessAcceptsCreditCards: True', ""BusinessParking: {'garage': False, 'street': False, 'validated': False, 'lot': False, 'valet': False}"", 'Caters: False', 'DriveThru: True', 'GoodForKids: True', ""GoodForMeal: {'dessert': False, 'latenight': False, 'lunch': False, 'dinner': False, 'breakfast': True, 'brunch': False}"", 'HasTV: True', 'NoiseLevel: average', 'OutdoorSeating: False', 'RestaurantsAttire: casual', 'RestaurantsDelivery: False', 'RestaurantsGoodForGroups: True', 'RestaurantsPriceRange2: 1', 'RestaurantsReservations: False', 'RestaurantsTableService: False', 'RestaurantsTakeOut: True', 'WiFi: free']",-112.2386037,1610 N 83rd Ave,85035,AZ,1,TY7V8x6wm7pwghJtO_31kA,business
Wendy's,Elyria,6,,,"['Burgers', 'Fast Food', 'Restaurants']",41.400567,2.5,"[""Ambience: {'romantic': False, 'intimate': False, 'classy': False, 'hipster': False, 'divey': False, 'touristy': False, 'trendy': False, 'upscale': False, 'casual': False}"", 'BusinessAcceptsCreditCards: True', 'GoodForKids: True', ""GoodForMeal: {'dessert': False, 'latenight': False, 'lunch': False, 'dinner': False, 'breakfast': False, 'brunch': False}"", 'RestaurantsAttire: casual', 'RestaurantsDelivery: False', 'RestaurantsGoodForGroups: False', 'RestaurantsPriceRange2: 1', 'RestaurantsReservations: False', 'RestaurantsTakeOut: True']",-82.107802,310 Griswold Rd,44035,OH,1,_cnEt-zbF3WnDt9ZapaCIQ,business
Golden Corral,Elyria,10,,,"['American (Traditional)', 'Restaurants', 'Buffets']",41.3944298,2.5,"['Alcohol: none', ""Ambience: {'romantic': False, 'intimate': False, 'classy': False, 'hipster': False, 'divey': False, 'touristy': False, 'trendy': False, 'upscale': False, 'casual': False}"", 'BusinessAcceptsCreditCards: True', ""BusinessParking: {'garage': False, 'street': False, 'validated': False, 'lot': True, 'valet': False}"", 'Caters: False', 'GoodForKids: True', ""GoodForMeal: {'dessert': False, 'latenight': False, 'lunch': True, 'dinner': False, 'breakfast': False, 'brunch': False}"", 'HasTV: False', 'NoiseLevel: average', 'OutdoorSeating: False', 'RestaurantsAttire: casual', 'RestaurantsDelivery: False', 'RestaurantsGoodForGroups: True', 'RestaurantsPriceRange2: 1', 'RestaurantsReservations: True', 'RestaurantsTableService: True', 'RestaurantsTakeOut: False', 'WiFi: no']",-82.1058993,1519 W River Rd N,44035,OH,1,JPibG9A388pDWfd5fb2D6A,business
Churrasco of Portugal,Ajax,17,"['Tuesday 11:0-20:0', 'Wednesday 11:0-20:0', 'Thursday 11:0-20:0', 'Friday 11:0-21:0', 'Saturday 11:0-21:0', 'Sunday 11:0-18:0']",,"['Portuguese', 'Food', 'Restaurants', 'Barbeque']",43.8971681626,3.5,"['Alcohol: full_bar', ""Ambience: {'romantic': False, 'intimate': False, 'classy': False, 'hipster': False, 'touristy': False, 'trendy': False, 'upscale': False, 'casual': False}"", 'BikeParking: True', 'BusinessAcceptsCreditCards: True', ""BusinessParking: {'garage': False, 'street': False, 'validated': False, 'lot': True, 'valet': False}"", 'Caters: True', 'DogsAllowed: False', 'GoodForKids: True', ""GoodForMeal: {'dessert': False, 'latenight': False, 'lunch': False, 'dinner': False, 'breakfast': False, 'brunch': False}"", 'HasTV: True', 'NoiseLevel: average', 'OutdoorSeating: False', 'RestaurantsAttire: casual', 'RestaurantsDelivery: True', 'RestaurantsGoodForGroups: True', 'RestaurantsPriceRange2: 2', 'RestaurantsReservations: True', 'RestaurantsTableService: True', 'RestaurantsTakeOut: True', 'WheelchairAccessible: True', 'WiFi: free']",-79.033591604,4-95 Middlecote Drive,L1T 0A9,ON,1,w3lFTW91cTRgso2xr__T2Q,business
Rose Garden Chinese Restaurant,Henderson,36,"['Monday 11:0-21:0', 'Tuesday 11:0-21:0', 'Wednesday 11:0-21:0', 'Thursday 11:0-21:0', 'Friday 11:0-21:30', 'Saturday 11:0-21:0', 'Sunday 11:0-21:0']",,"['Restaurants', 'Chinese']",36.0335051305,4.0,"['Alcohol: beer_and_wine', ""Ambience: {'romantic': False, 'intimate': False, 'classy': False, 'hipster': False, 'divey': False, 'touristy': False, 'trendy': False, 'upscale': False, 'casual': True}"", 'BikeParking: True', 'BusinessAcceptsCreditCards: True', ""BusinessParking: {'garage': False, 'street': True, 'validated': False, 'lot': False, 'valet': False}"", 'Caters: True', 'GoodForKids: True', ""GoodForMeal: {'dessert': False, 'latenight': False, 'lunch': True, 'dinner': True, 'breakfast': False, 'brunch': False}"", 'HasTV: False', 'NoiseLevel: quiet', 'OutdoorSeating: False', 'RestaurantsAttire: casual', 'RestaurantsDelivery: True', 'RestaurantsGoodForGroups: True', 'RestaurantsPriceRange2: 1', 'RestaurantsReservations: True', 'RestaurantsTableService: True', 'RestaurantsTakeOut: True', 'WheelchairAccessible: False', 'WiFi: no']",-114.985688059,14 W Pacific Ave,89015,NV,1,01aNlDhbMObjc9OdAHuNpQ,business
Kojax Souflaki,Dollard-des-Ormeaux,4,,Dollard-des-Ormeaux,"['Fast Food', 'Restaurants']",45.4851300984,4.0,,-73.7962864107,3343 Boulevard des Sources,H9B 1Z8,QC,1,k2DR7Fu7bZOQpLPOEWP6zw,business
Crofters,Edinburgh,3,"['Monday 11:0-23:0', 'Tuesday 11:0-23:0', 'Wednesday 11:0-23:0', 'Thursday 11:0-23:0', 'Friday 11:0-23:0', 'Saturday 11:0-23:0', 'Sunday 12:30-23:0']",,"['Nightlife', 'Bars', 'Pubs', 'Burgers', 'Steakhouses', 'Restaurants']",55.9229354,3.5,"['Alcohol: none', ""Ambience: {'romantic': False, 'intimate': False, 'classy': False, 'hipster': False, 'touristy': False, 'trendy': False, 'upscale': False, 'casual': False}"", 'BusinessAcceptsCreditCards: True', 'GoodForDancing: False', 'HappyHour: True', 'HasTV: True', 'OutdoorSeating: True', 'RestaurantsGoodForGroups: True', 'RestaurantsPriceRange2: 2']",-3.2886882,1 Sighthill Court,EH11 4BW,EDH,1,m5CY1jy3dvBw8J4iiCBlXw,business
Biryani House,Tempe,18,"['Monday 11:0-22:0', 'Tuesday 11:0-22:0', 'Wednesday 11:0-22:0', 'Thursday 11:0-22:0', 'Friday 11:0-22:0', 'Saturday 9:0-23:0', 'Sunday 9:0-23:0']",,"['Pakistani', 'Restaurants', 'Halal', 'Indian']",33.4153283,3.5,"['RestaurantsTakeOut: True', 'BusinessAcceptsCreditCards: True', 'GoodForKids: True', 'RestaurantsGoodForGroups: True', 'NoiseLevel: quiet']",-111.9182786,"1250 E Apache Blvd, Ste 113",85281,AZ,1,UBv8heCQR0RPnUQG0zkXIQ,business
Even Stevens,Gilbert,62,"['Monday 7:0-22:0', 'Tuesday 7:0-22:0', 'Wednesday 7:0-22:0', 'Thursday 7:0-22:0', 'Friday 7:0-22:0', 'Saturday 7:0-22:0', 'Sunday 9:0-16:0']",,"['Gluten-Free', 'Salad', 'Sandwiches', 'Restaurants', 'Breakfast & Brunch']",33.3568181,4.5,"['Alcohol: beer_and_wine', ""Ambience: {'romantic': False, 'intimate': False, 'classy': False, 'hipster': True, 'divey': False, 'touristy': False, 'trendy': True, 'upscale': False, 'casual': True}"", 'BikeParking: True', 'BusinessAcceptsCreditCards: True', ""BusinessParking: {'garage': True, 'street': True, 'validated': False, 'lot': False, 'valet': False}"", 'Caters: True', 'GoodForKids: True', ""GoodForMeal: {'dessert': False, 'latenight': False, 'lunch': True, 'dinner': False, 'breakfast': True, 'brunch': True}"", 'HasTV: False', 'NoiseLevel: average', 'OutdoorSeating: False', 'RestaurantsAttire: casual', 'RestaurantsDelivery: False', 'RestaurantsGoodForGroups: True', 'RestaurantsPriceRange2: 1', 'RestaurantsReservations: False', 'RestaurantsTableService: False', 'RestaurantsTakeOut: True', 'WheelchairAccessible: True', 'WiFi: free', 'BusinessAcceptsBitcoin: False']",-111.7897728,"384 N Gilbert Rd, Ste 104",85234,AZ,1,HFDZeMrm13xX5yJvpaRaIQ,business
Trattoria D'Amico,Phoenix,131,"['Monday 11:0-21:0', 'Tuesday 11:0-21:0', 'Wednesday 11:0-21:0', 'Thursday 11:0-21:0', 'Friday 11:0-22:0', 'Saturday 15:0-22:0', 'Sunday 15:0-21:0']",,"['American (New)', 'Event Planning & Services', 'Caterers', 'Italian', 'Wine Bars', 'Bars', 'Restaurants', 'Nightlife']",33.3322725363,4.0,"['Alcohol: full_bar', ""Ambience: {'romantic': True, 'intimate': False, 'classy': False, 'hipster': False, 'divey': False, 'touristy': False, 'trendy': False, 'upscale': False, 'casual': False}"", 'BYOB: False', 'BYOBCorkage: yes_free', ""BestNights: {'monday': True, 'tuesday': False, 'friday': True, 'wednesday': False, 'thursday': False, 'sunday': False, 'saturday': True}"", 'BikeParking: False', 'BusinessAcceptsBitcoin: False', 'BusinessAcceptsCreditCards: True', ""BusinessParking: {'garage': False, 'street': False, 'validated': False, 'lot': True, 'valet': False}"", 'Caters: True', 'CoatCheck: False', 'Corkage: False', 'DogsAllowed: False', 'GoodForDancing: False', 'GoodForKids: False', ""GoodForMeal: {'dessert': False, 'latenight': False, 'lunch': False, 'dinner': True, 'breakfast': False, 'brunch': False}"", 'HappyHour: True', 'HasTV: True', ""Music: {'dj': False, 'background_music': False, 'no_music': False, 'karaoke': False, 'live': False, 'video': False, 'jukebox': False}"", 'NoiseLevel: average', 'OutdoorSeating: False', 'RestaurantsAttire: casual', 'RestaurantsDelivery: True', 'RestaurantsGoodForGroups: True', 'RestaurantsReservations: True', 'RestaurantsTableService: True', 'RestaurantsTakeOut: True', 'Smoking: no', 'WheelchairAccessible: True', 'WiFi: free', 'RestaurantsPriceRange2: 2']",-111.979005025,4902 E Warner Rd,85044,AZ,1,cpkBJhBujpBFZ0rOItE-4g,business
Phyllo Bar Melina's,Montréal,18,"['Monday 8:0-20:0', 'Tuesday 8:0-20:0', 'Wednesday 8:0-20:0', 'Thursday 8:0-20:0', 'Friday 8:0-20:0', 'Saturday 10:0-20:0', 'Sunday 10:0-19:0']",Plateau-Mont-Royal,"['Restaurants', 'Greek']",45.5236777,5.0,"['Alcohol: none', ""Ambience: {'romantic': False, 'intimate': False, 'classy': False, 'hipster': False, 'touristy': False, 'trendy': False, 'upscale': False, 'casual': True}"", 'BikeParking: False', 'BusinessAcceptsCreditCards: True', ""BusinessParking: {'garage': False, 'street': True, 'validated': False, 'lot': False, 'valet': False}"", 'Caters: True', 'GoodForKids: True', ""GoodForMeal: {'dessert': False, 'latenight': False, 'lunch': False, 'dinner': False, 'breakfast': False, 'brunch': False}"", 'HasTV: False', 'NoiseLevel: quiet', 'OutdoorSeating: True', 'RestaurantsAttire: casual', 'RestaurantsDelivery: False', 'RestaurantsGoodForGroups: False', 'RestaurantsPriceRange2: 1', 'RestaurantsReservations: False', 'RestaurantsTableService: False', 'RestaurantsTakeOut: True', 'WiFi: free']",-73.605135,5733 Avenue Du Parc,H2V 4H2,QC,1,EjS8cFHBK_rvgXqfEU4jKw,business
MotorMouth Food Truck,Cleveland,13,,Ohio City,"['Restaurants', 'American (New)', 'Food Stands']",41.4857101,4.0,"['Alcohol: none', 'BusinessAcceptsCreditCards: True', 'HasTV: False', 'RestaurantsAttire: casual', 'RestaurantsDelivery: False', 'RestaurantsGoodForGroups: True', 'RestaurantsReservations: False', 'RestaurantsTableService: False', 'WiFi: no']",-81.6966306,,44113,OH,1,drecpkFkgxAuvSglTIo9wQ,business
Siam Garden,Charlotte,99,"['Monday 11:0-22:0', 'Tuesday 11:0-22:0', 'Wednesday 11:0-22:0', 'Thursday 11:0-22:0', 'Friday 11:0-23:0', 'Saturday 11:0-23:0', 'Sunday 11:0-22:0']",Steele Creek,"['Restaurants', 'Thai']",35.1517973,3.5,"['Alcohol: beer_and_wine', ""Ambience: {'romantic': False, 'intimate': False, 'classy': False, 'hipster': False, 'divey': False, 'touristy': False, 'trendy': False, 'upscale': False, 'casual': True}"", 'BikeParking: True', 'BusinessAcceptsCreditCards: True', ""BusinessParking: {'garage': False, 'street': False, 'validated': False, 'lot': True, 'valet': False}"", 'GoodForKids: True', 'HasTV: True', 'NoiseLevel: average', 'OutdoorSeating: False', 'RestaurantsAttire: casual', 'RestaurantsDelivery: False', 'RestaurantsGoodForGroups: True', 'RestaurantsPriceRange2: 2', 'RestaurantsReservations: True', 'RestaurantsTableService: True', 'RestaurantsTakeOut: True', 'WheelchairAccessible: True', 'WiFi: no', ""GoodForMeal: {'dessert': False, 'latenight': False, 'lunch': True, 'dinner': True, 'breakfast': False, 'brunch': False}""]",-80.9507926,"3607 Whitehall Park Dr, Ste X",28273,NC,1,nPJqwNZWIxHd-vfE-E3XQQ,business
Kimmies,Fountain Hills,18,,,"['Breakfast & Brunch', 'American (New)', 'Restaurants', 'Diners']",33.604856,2.0,"['Alcohol: full_bar', ""Ambience: {'romantic': False, 'intimate': False, 'classy': False, 'hipster': False, 'divey': False, 'touristy': False, 'trendy': False, 'upscale': False, 'casual': False}"", 'BusinessAcceptsCreditCards: True', ""BusinessParking: {'garage': False, 'street': False, 'validated': False, 'lot': True, 'valet': False}"", 'Caters: False', 'GoodForKids: True', ""GoodForMeal: {'dessert': False, 'latenight': False, 'lunch': False, 'dinner': False, 'breakfast': False, 'brunch': False}"", 'HasTV: True', 'NoiseLevel: quiet', 'OutdoorSeating: True', 'RestaurantsAttire: casual', 'RestaurantsDelivery: False', 'RestaurantsGoodForGroups: True', 'RestaurantsPriceRange2: 2', 'RestaurantsReservations: True', 'RestaurantsTableService: True', 'RestaurantsTakeOut: True', 'WiFi: free']",-111.715082,13014 N Saguaro Blvd,85268,AZ,0,XWfpcqwNl2Op8CrDhCE8pQ,business
Davisville Diner,Toronto,4,,Mount Pleasant and Davisville,"['Diners', 'Restaurants']",43.7013098,2.0,"[""Ambience: {'romantic': False, 'intimate': False, 'classy': False, 'hipster': False, 'touristy': False, 'trendy': False, 'upscale': False, 'casual': False}"", 'BusinessAcceptsCreditCards: True', ""BusinessParking: {'garage': False, 'street': False, 'validated': False, 'lot': False, 'valet': False}"", 'GoodForKids: True', 'OutdoorSeating: False', 'RestaurantsAttire: casual', 'RestaurantsGoodForGroups: True', 'RestaurantsPriceRange2: 2', 'RestaurantsReservations: False', 'RestaurantsTableService: True', 'RestaurantsTakeOut: True']",-79.3974301,2038 Yonge St,M4S 1Z9,ON,0,Bx6mt28dfQxPNMUXF35U_w,business
Taco Bell,Las Vegas,27,"['Monday 7:0-1:0', 'Tuesday 7:0-1:0', 'Wednesday 7:0-1:0', 'Thursday 7:0-1:0', 'Friday 7:0-2:0', 'Saturday 7:0-2:0', 'Sunday 7:0-1:0']",Southwest,"['Fast Food', 'Mexican', 'Tex-Mex', 'Restaurants']",36.05545,3.0,"['Alcohol: none', ""Ambience: {'romantic': False, 'intimate': False, 'classy': False, 'hipster': False, 'divey': False, 'touristy': False, 'trendy': False, 'upscale': False, 'casual': True}"", 'BikeParking: True', 'BusinessAcceptsCreditCards: True', ""BusinessParking: {'garage': False, 'street': False, 'validated': False, 'lot': True, 'valet': False}"", 'Caters: False', 'DriveThru: True', 'GoodForKids: True', ""GoodForMeal: {'dessert': False, 'latenight': False, 'lunch': True, 'dinner': False, 'breakfast': False, 'brunch': False}"", 'HasTV: False', 'NoiseLevel: average', 'OutdoorSeating: False', 'RestaurantsAttire: casual', 'RestaurantsDelivery: False', 'RestaurantsGoodForGroups: True', 'RestaurantsPriceRange2: 1', 'RestaurantsReservations: False', 'RestaurantsTableService: False', 'RestaurantsTakeOut: True', 'WiFi: no']",-115.27919,8520 W. Warm Springs Road,89113,NV,1,cJ5i4V6_VKjkOeEHD4ENeQ,business
Rocky Rococo Pan Style Pizza - Sun Prairie,Sun Prairie,11,"['Monday 10:30-22:0', 'Tuesday 10:30-22:0', 'Wednesday 10:30-22:0', 'Thursday 10:30-22:0', 'Friday 10:30-23:0', 'Saturday 10:30-23:0', 'Sunday 11:0-22:0']",,"['Pizza', 'Restaurants']",43.166656,2.5,"['Alcohol: beer_and_wine', ""Ambience: {'romantic': False, 'intimate': False, 'classy': False, 'hipster': False, 'divey': False, 'touristy': False, 'trendy': False, 'upscale': False, 'casual': False}"", 'BusinessAcceptsCreditCards: True', ""BusinessParking: {'garage': False, 'street': False, 'validated': False, 'lot': False, 'valet': False}"", 'Caters: True', 'GoodForKids: True', ""GoodForMeal: {'dessert': False, 'latenight': False, 'lunch': True, 'dinner': False, 'breakfast': False, 'brunch': False}"", 'HasTV: True', 'NoiseLevel: average', 'OutdoorSeating: False', 'RestaurantsAttire: casual', 'RestaurantsDelivery: False', 'RestaurantsGoodForGroups: True', 'RestaurantsPriceRange2: 1', 'RestaurantsReservations: False', 'RestaurantsTableService: False', 'RestaurantsTakeOut: True', 'WiFi: free']",-89.266473,2828 Prairie Lakes Dr,53590,WI,1,mMoOtnrOEKqRrcWJikM9xg,business
Nubo Sushi,Bois-Des-Filion,3,,,"['Restaurants', 'Sushi Bars']",45.6676136872,3.0,"['RestaurantsDelivery: False', 'RestaurantsGoodForGroups: True', 'RestaurantsReservations: True', 'RestaurantsTakeOut: True']",-73.7566170581,404 Adolphe Chapleau,J6Z 1H7,QC,1,V629-yaXMAaqerbwoVVWXA,business
Tim Hortons,Richmond Hill,4,,,"['Restaurants', 'Delis', 'Sandwiches']",43.8977842,2.0,"['Alcohol: none', 'OutdoorSeating: False', 'RestaurantsDelivery: False', 'RestaurantsGoodForGroups: True', 'RestaurantsReservations: False', 'RestaurantsTableService: False']",-79.3963538,1485 Elgin Mills Road E,L4S 1M8,ON,1,2lruCh5TWBAaGZSj99_2aA,business
Kien Giang Food 2 Go,Charlotte,16,"['Monday 9:30-21:30', 'Wednesday 9:30-21:30', 'Thursday 9:30-21:30', 'Friday 9:30-21:30', 'Saturday 9:30-21:30', 'Sunday 9:30-21:30']",Plaza Midwood,"['Vietnamese', 'Restaurants']",35.2191059,4.0,"['Alcohol: none', ""Ambience: {'romantic': False, 'intimate': False, 'classy': False, 'hipster': False, 'divey': False, 'touristy': False, 'trendy': False, 'upscale': False, 'casual': True}"", 'BusinessAcceptsCreditCards: True', ""BusinessParking: {'garage': False, 'street': False, 'validated': False, 'lot': False, 'valet': False}"", 'Caters: False', 'GoodForKids: True', ""GoodForMeal: {'dessert': False, 'latenight': False, 'lunch': True, 'dinner': True, 'breakfast': False, 'brunch': False}"", 'HasTV: False', 'NoiseLevel: average', 'OutdoorSeating: False', 'RestaurantsAttire: casual', 'RestaurantsDelivery: False', 'RestaurantsGoodForGroups: False', 'RestaurantsPriceRange2: 1', 'RestaurantsReservations: False', 'RestaurantsTableService: False', 'RestaurantsTakeOut: True', 'WiFi: no']",-80.7970519,2719 Central Ave,28205,NC,0,hFZX4EKI77iLYRjMb4kN7g,business
Burger King,Cleveland,3,"['Monday 6:0-22:0', 'Tuesday 6:0-22:0', 'Wednesday 6:0-22:0', 'Thursday 6:0-22:0', 'Friday 6:0-22:0', 'Saturday 6:0-22:0', 'Sunday 7:0-22:0']",Detroit-Shoreway,"['Fast Food', 'Burgers', 'Restaurants']",41.4827075,2.5,"['BusinessAcceptsCreditCards: True', 'DriveThru: True', 'NoiseLevel: average', 'OutdoorSeating: False', 'RestaurantsDelivery: False', 'RestaurantsGoodForGroups: True', 'RestaurantsReservations: False', 'RestaurantsTableService: False']",-81.7368152,7500 Detroit Ave,44102,OH,1,nZ4uuPHq0QLM5DwI52aO3Q,business
Los Colibris,Toronto,105,"['Monday 11:30-14:0', 'Tuesday 11:30-14:0', 'Wednesday 11:30-14:0', 'Thursday 11:30-14:0', 'Friday 11:30-14:0', 'Saturday 16:0-22:30']",Entertainment District,"['Mexican', 'Restaurants']",43.6473279707,4.0,"['Alcohol: full_bar', ""Ambience: {'romantic': False, 'intimate': True, 'classy': True, 'hipster': False, 'touristy': False, 'trendy': False, 'upscale': False, 'casual': False}"", 'BikeParking: True', 'BusinessAcceptsCreditCards: True', ""BusinessParking: {'garage': False, 'street': False, 'validated': False, 'lot': False, 'valet': False}"", 'Caters: False', 'GoodForKids: False', ""GoodForMeal: {'dessert': False, 'latenight': False, 'lunch': False, 'dinner': True, 'breakfast': False, 'brunch': False}"", 'HasTV: False', 'NoiseLevel: average', 'OutdoorSeating: False', 'RestaurantsAttire: dressy', 'RestaurantsDelivery: False', 'RestaurantsGoodForGroups: True', 'RestaurantsPriceRange2: 3', 'RestaurantsReservations: True', 'RestaurantsTableService: True', 'RestaurantsTakeOut: False', 'WiFi: free']",-79.3871869343,220 King Street W,M5H 1K4,ON,1,pEH8XwiyGOe1t7GlboAgGw,business
Mama Maria's Mexican Restaurant,Las Vegas,120,"['Monday 11:0-21:0', 'Tuesday 10:0-21:0', 'Wednesday 10:0-21:0', 'Thursday 10:0-21:0', 'Friday 10:0-21:0', 'Saturday 10:0-21:0', 'Sunday 10:0-20:0']",Sunrise,"['Restaurants', 'Mexican']",36.1955918,4.5,"['Alcohol: beer_and_wine', ""Ambience: {'romantic': False, 'intimate': False, 'classy': False, 'hipster': False, 'divey': False, 'touristy': False, 'trendy': False, 'upscale': False, 'casual': True}"", 'BikeParking: True', 'BusinessAcceptsCreditCards: True', ""BusinessParking: {'garage': False, 'street': False, 'validated': False, 'lot': True, 'valet': False}"", 'Caters: False', 'GoodForKids: True', ""GoodForMeal: {'dessert': False, 'latenight': False, 'lunch': True, 'dinner': True, 'breakfast': False, 'brunch': False}"", 'HasTV: True', 'NoiseLevel: quiet', 'OutdoorSeating: False', 'RestaurantsAttire: casual', 'RestaurantsDelivery: False', 'RestaurantsGoodForGroups: True', 'RestaurantsPriceRange2: 1', 'RestaurantsReservations: False', 'RestaurantsTableService: True', 'RestaurantsTakeOut: True', 'WheelchairAccessible: True', 'WiFi: no']",-115.04046,6055 E Lake Mead Blvd,89156,NV,1,tstimHoMcYbkSC4eBA1wEg,business
Rajdhani Sweets & Restaurant,Etobicoke,17,,Etobicoke,"['Restaurants', 'Indian']",43.7385543,4.0,"['Alcohol: none', ""Ambience: {'romantic': False, 'intimate': False, 'classy': False, 'hipster': False, 'touristy': False, 'trendy': False, 'upscale': False, 'casual': False}"", 'BikeParking: False', 'BusinessAcceptsCreditCards: True', ""BusinessParking: {'garage': False, 'street': False, 'validated': False, 'lot': False, 'valet': False}"", 'Caters: True', 'GoodForKids: True', ""GoodForMeal: {'dessert': False, 'latenight': False, 'lunch': False, 'dinner': False, 'breakfast': False, 'brunch': False}"", 'HasTV: True', 'NoiseLevel: average', 'OutdoorSeating: False', 'RestaurantsAttire: casual', 'RestaurantsDelivery: False', 'RestaurantsGoodForGroups: True', 'RestaurantsPriceRange2: 1', 'RestaurantsReservations: False', 'RestaurantsTableService: False', 'RestaurantsTakeOut: True', 'WiFi: no']",-79.5659556,2658 Islington Ave,M9V 2X5,ON,1,f6T2YaTfGoSyQV-l4jzrjw,business
Volcano Buffet,Mesa,43,,,"['Japanese', 'Chinese', 'Buffets', 'Restaurants']",33.4304474,3.0,"['Alcohol: none', ""Ambience: {'romantic': False, 'intimate': False, 'classy': False, 'hipster': False, 'divey': False, 'touristy': False, 'trendy': False, 'upscale': False, 'casual': True}"", 'BusinessAcceptsCreditCards: True', ""BusinessParking: {'garage': False, 'street': False, 'validated': False, 'lot': True, 'valet': False}"", 'Caters: False', 'GoodForKids: True', ""GoodForMeal: {'dessert': False, 'latenight': False, 'lunch': False, 'dinner': True, 'breakfast': False, 'brunch': False}"", 'HasTV: True', 'NoiseLevel: average', 'OutdoorSeating: False', 'RestaurantsAttire: casual', 'RestaurantsDelivery: False', 'RestaurantsGoodForGroups: True', 'RestaurantsPriceRange2: 2', 'RestaurantsReservations: False', 'RestaurantsTableService: True', 'RestaurantsTakeOut: True', 'WheelchairAccessible: True', 'WiFi: no']",-111.8737232,805 N Dobson Rd,85201,AZ,0,NO-kZ9See-AXcZDtssJMmw,business
Tango Cocktails,Laval,7,"['Monday 10:0-0:0', 'Tuesday 10:0-0:0', 'Wednesday 10:0-0:0', 'Thursday 10:0-0:0', 'Friday 10:0-1:0', 'Saturday 10:0-1:0', 'Sunday 10:0-0:0']",Laval,"['Restaurants', 'Creperies', 'Nightlife', 'Salad', 'Bars', 'Ice Cream & Frozen Yogurt', 'Cocktail Bars', 'Lounges', 'Food']",45.5612388,2.5,"['BikeParking: True', 'BusinessAcceptsCreditCards: True', 'GoodForKids: False', 'HasTV: True', 'RestaurantsAttire: casual', 'RestaurantsDelivery: True', 'RestaurantsGoodForGroups: True', 'RestaurantsPriceRange2: 2', 'RestaurantsReservations: True', 'RestaurantsTakeOut: True', 'WheelchairAccessible: True', 'WiFi: free']",-73.7455709,205 Promenade Centropolis,H7T 0B3,QC,1,Cr2KB269nchYC2uc-ntHgA,business
Chipotle Mexican Grill,Gilbert,44,"['Monday 10:45-22:0', 'Tuesday 10:45-22:0', 'Wednesday 10:45-22:0', 'Thursday 10:45-22:0', 'Friday 10:45-22:0', 'Saturday 10:45-22:0', 'Sunday 10:45-22:0']",,"['Restaurants', 'Mexican', 'Fast Food', 'Tex-Mex']",33.3779463,3.5,"['Alcohol: beer_and_wine', ""Ambience: {'romantic': False, 'intimate': False, 'classy': False, 'hipster': False, 'divey': False, 'touristy': False, 'trendy': False, 'upscale': False, 'casual': True}"", 'BikeParking: True', 'BusinessAcceptsCreditCards: True', ""BusinessParking: {'garage': False, 'street': False, 'validated': False, 'lot': True, 'valet': False}"", 'Caters: True', 'DriveThru: False', 'GoodForKids: True', ""GoodForMeal: {'dessert': False, 'latenight': False, 'lunch': True, 'dinner': False, 'breakfast': False, 'brunch': False}"", 'HasTV: False', 'NoiseLevel: average', 'OutdoorSeating: True', 'RestaurantsAttire: casual', 'RestaurantsDelivery: False', 'RestaurantsGoodForGroups: True', 'RestaurantsPriceRange2: 1', 'RestaurantsReservations: False', 'RestaurantsTableService: False', 'RestaurantsTakeOut: True', 'WheelchairAccessible: True', 'WiFi: no']",-111.8076469,1546 N Cooper Rd,85233,AZ,1,BHMY0sZXJ-6bjTT0V1ubEw,business
Boston Pizza,North York,34,"['Monday 11:0-1:0', 'Tuesday 11:0-1:0', 'Wednesday 11:0-1:0', 'Thursday 11:0-1:0', 'Friday 11:0-2:0', 'Saturday 11:0-2:0', 'Sunday 11:0-0:0']",Willowdale,"['Restaurants', 'Pizza']",43.7620368,2.5,"['Alcohol: full_bar', ""Ambience: {'romantic': False, 'intimate': False, 'classy': False, 'hipster': False, 'touristy': False, 'trendy': False, 'upscale': False, 'casual': True}"", 'BikeParking: True', 'BusinessAcceptsCreditCards: True', ""BusinessParking: {'garage': True, 'street': False, 'validated': False, 'lot': False, 'valet': False}"", 'Caters: True', 'GoodForKids: True', ""GoodForMeal: {'dessert': False, 'latenight': False, 'lunch': False, 'dinner': True, 'breakfast': False, 'brunch': False}"", 'HasTV: True', 'NoiseLevel: average', 'OutdoorSeating: True', 'RestaurantsAttire: casual', 'RestaurantsDelivery: True', 'RestaurantsGoodForGroups: True', 'RestaurantsPriceRange2: 2', 'RestaurantsReservations: True', 'RestaurantsTableService: True', 'RestaurantsTakeOut: True', 'WheelchairAccessible: True', 'WiFi: free']",-79.4103214,"4841 Yonge Street, Unit 117",M2N 5X2,ON,0,HwHvRU1o_tEGokWrjVBdSw,business
BT's Burger Joint,Charlotte,62,"['Monday 11:0-21:0', 'Tuesday 11:0-21:0', 'Wednesday 11:0-21:0', 'Thursday 11:0-21:0', 'Friday 11:0-22:0', 'Saturday 11:0-22:0', 'Sunday 11:0-21:0']",Steele Creek,"['Burgers', 'American (New)', 'Food', 'Salad', 'Restaurants']",35.1026689211,3.5,"['Alcohol: beer_and_wine', ""Ambience: {'romantic': False, 'intimate': False, 'classy': False, 'hipster': False, 'divey': False, 'touristy': False, 'trendy': False, 'upscale': False, 'casual': True}"", 'BikeParking: True', 'BusinessAcceptsCreditCards: True', ""BusinessParking: {'garage': False, 'street': False, 'validated': False, 'lot': True, 'valet': False}"", 'Caters: True', 'DriveThru: False', 'GoodForKids: True', ""GoodForMeal: {'dessert': False, 'latenight': False, 'lunch': True, 'dinner': False, 'breakfast': False, 'brunch': False}"", 'HasTV: True', 'NoiseLevel: average', 'OutdoorSeating: True', 'RestaurantsAttire: casual', 'RestaurantsDelivery: False', 'RestaurantsGoodForGroups: True', 'RestaurantsPriceRange2: 2', 'RestaurantsReservations: False', 'RestaurantsTableService: False', 'RestaurantsTakeOut: True', 'WheelchairAccessible: True', 'WiFi: free']",-80.98548535,14130 Rivergate Pkwy,28273,NC,0,64MxB_OZQ_2JCklRm1LYxw,business
Papa Murphy's,Phoenix,26,,,"['Pizza', 'Restaurants']",33.6555665,3.5,"['Alcohol: none', ""Ambience: {'romantic': False, 'intimate': False, 'classy': False, 'hipster': False, 'divey': False, 'touristy': False, 'trendy': False, 'upscale': False, 'casual': True}"", 'BikeParking: True', 'BusinessAcceptsCreditCards: True', ""BusinessParking: {'garage': False, 'street': False, 'validated': False, 'lot': True, 'valet': False}"", 'Caters: False', 'GoodForKids: True', ""GoodForMeal: {'dessert': False, 'latenight': False, 'lunch': False, 'dinner': True, 'breakfast': False, 'brunch': False}"", 'HasTV: False', 'NoiseLevel: quiet', 'OutdoorSeating: False', 'RestaurantsAttire: casual', 'RestaurantsDelivery: False', 'RestaurantsGoodForGroups: True', 'RestaurantsPriceRange2: 2', 'RestaurantsReservations: False', 'RestaurantsTableService: False', 'RestaurantsTakeOut: True', 'WheelchairAccessible: True', 'WiFi: no']",-112.011998892,3230 E Union Hills Phoenix,85050,AZ,1,bBM6OguT_lLYSlq4NaMuzw,business
Curry Twist Restaurant,Toronto,90,"['Tuesday 17:0-22:30', 'Wednesday 17:0-22:30', 'Thursday 17:0-22:30', 'Friday 17:0-22:30', 'Saturday 17:0-22:30', 'Sunday 17:0-22:30']",The Junction,"['Restaurants', 'Indian']",43.6656754,4.0,"['Alcohol: beer_and_wine', ""Ambience: {'romantic': False, 'intimate': False, 'classy': False, 'hipster': False, 'touristy': False, 'trendy': False, 'upscale': False, 'casual': True}"", 'BikeParking: True', 'BusinessAcceptsCreditCards: True', ""BusinessParking: {'garage': False, 'street': True, 'validated': False, 'lot': False, 'valet': False}"", 'Caters: False', 'GoodForKids: True', ""GoodForMeal: {'dessert': False, 'latenight': False, 'lunch': False, 'dinner': True, 'breakfast': False, 'brunch': False}"", 'HasTV: False', 'NoiseLevel: average', 'OutdoorSeating: False', 'RestaurantsAttire: casual', 'RestaurantsDelivery: False', 'RestaurantsGoodForGroups: True', 'RestaurantsPriceRange2: 2', 'RestaurantsReservations: True', 'RestaurantsTableService: True', 'RestaurantsTakeOut: True', 'WheelchairAccessible: True']",-79.470539,3034 Dundas Street W,M6P 1Z3,ON,1,3OknFx5ox_1O9nmP5DSFBA,business
Pho Pad Thai,Markham,41,,Buttonville,"['Restaurants', 'Vietnamese', 'Thai']",43.857594,3.5,"[""Ambience: {'romantic': False, 'intimate': False, 'classy': False, 'hipster': False, 'touristy': False, 'trendy': False, 'upscale': False, 'casual': True}"", 'BikeParking: True', 'BusinessAcceptsCreditCards: True', ""BusinessParking: {'garage': False, 'street': False, 'validated': False, 'lot': True, 'valet': False}"", 'GoodForKids: True', ""GoodForMeal: {'dessert': False, 'latenight': False, 'lunch': True, 'dinner': True, 'breakfast': False, 'brunch': False}"", 'NoiseLevel: average', 'OutdoorSeating: False', 'RestaurantsAttire: casual', 'RestaurantsDelivery: False', 'RestaurantsGoodForGroups: True', 'RestaurantsPriceRange2: 2', 'RestaurantsReservations: True', 'RestaurantsTableService: True', 'RestaurantsTakeOut: True', 'WiFi: no', 'Alcohol: none', 'HasTV: False']",-79.357332,"20 Apple Creek Boulevard, Unit 2",L3R 5Z1,ON,1,5CdMd2cmONeVqkWx_DNfAA,business
Starlite Lounge,Pittsburgh,24,,,"['Bars', 'Lounges', 'American (Traditional)', 'Restaurants', 'Nightlife']",40.493969,3.5,"['Alcohol: full_bar', ""Ambience: {'romantic': False, 'intimate': False, 'classy': False, 'hipster': False, 'divey': True, 'touristy': False, 'trendy': False, 'upscale': False, 'casual': False}"", ""BestNights: {'monday': False, 'tuesday': True, 'friday': True, 'wednesday': False, 'thursday': False, 'sunday': False, 'saturday': True}"", 'BikeParking: False', 'BusinessAcceptsCreditCards: True', ""BusinessParking: {'garage': False, 'street': True, 'validated': False, 'lot': False, 'valet': False}"", 'Caters: True', 'CoatCheck: False', 'GoodForDancing: False', 'GoodForKids: False', ""GoodForMeal: {'dessert': False, 'latenight': False, 'lunch': False, 'dinner': True, 'breakfast': False, 'brunch': False}"", 'HappyHour: True', 'HasTV: True', ""Music: {'dj': False, 'background_music': False, 'no_music': False, 'karaoke': False, 'live': True, 'video': False, 'jukebox': False}"", 'NoiseLevel: average', 'OutdoorSeating: False', 'RestaurantsAttire: casual', 'RestaurantsDelivery: False', 'RestaurantsGoodForGroups: True', 'RestaurantsPriceRange2: 2', 'RestaurantsReservations: False', 'RestaurantsTableService: True', 'RestaurantsTakeOut: True', 'Smoking: yes', 'WiFi: no']",-79.860283,364 Freeport Rd,15238,PA,1,r6YlsmM53fDwbRNlNl-OUQ,business
Pizza Bellagio,Pittsburgh,3,"['Monday 10:0-22:0', 'Tuesday 10:0-22:0', 'Wednesday 10:0-22:0', 'Thursday 10:0-22:0', 'Friday 10:0-22:0', 'Saturday 10:0-22:0', 'Sunday 10:0-22:0']",,"['Food Delivery Services', 'Restaurants', 'Pizza', 'Food']",40.4926429,2.5,,-79.8630525,254 Freeport Rd,15238,PA,1,fUB_aqie86DKI2tTAkG72w,business
Little Caesars Pizza,Phoenix,10,,,"['Restaurants', 'Pizza']",33.5081735,3.0,"['Alcohol: none', ""Ambience: {'romantic': False, 'intimate': False, 'classy': False, 'hipster': False, 'divey': False, 'touristy': False, 'trendy': False, 'upscale': False, 'casual': False}"", 'BikeParking: False', 'BusinessAcceptsCreditCards: True', ""BusinessParking: {'garage': False, 'street': False, 'validated': False, 'lot': False, 'valet': False}"", 'Caters: False', 'GoodForKids: False', ""GoodForMeal: {'dessert': False, 'latenight': False, 'lunch': False, 'dinner': False, 'breakfast': False, 'brunch': False}"", 'HasTV: False', 'NoiseLevel: average', 'OutdoorSeating: False', 'RestaurantsAttire: casual', 'RestaurantsDelivery: False', 'RestaurantsGoodForGroups: False', 'RestaurantsPriceRange2: 1', 'RestaurantsReservations: False', 'RestaurantsTableService: False', 'RestaurantsTakeOut: True', 'WiFi: no']",-112.0947772,"1615 W Camelback Rd, Ste 108",85015,AZ,1,-jKhfsXol4FxbRjK8aUsLA,business
Papa John's Pizza,Phoenix,7,,,"['Pizza', 'Italian', 'Restaurants']",33.4664677,1.5,"['BusinessAcceptsCreditCards: True', 'Caters: False', 'OutdoorSeating: False', 'RestaurantsDelivery: True', 'RestaurantsGoodForGroups: False', 'RestaurantsReservations: False', 'RestaurantsTakeOut: True', 'WheelchairAccessible: False']",-112.1884245,5930 W McDowell Rd,85035,AZ,1,pbSFMktF1XLd0LX_wIiRLw,business
Amir,Montréal,5,,Ahunstic-Cartierville,"['Middle Eastern', 'Restaurants', 'Lebanese']",45.5340578668,2.5,"[""BusinessParking: {'garage': False, 'street': False, 'validated': False, 'lot': False, 'valet': False}"", 'RestaurantsGoodForGroups: True']",-73.6606914888,9490 De L'acadie Boulevard,H4N 1L7,QC,1,Mnf5YGIkiSgiLbqL5bvxkg,business
Panini's Bar & Grill,Westlake,23,"['Monday 11:0-0:0', 'Tuesday 11:0-0:0', 'Wednesday 11:0-0:0', 'Thursday 11:0-2:0', 'Friday 11:0-2:0', 'Saturday 11:0-2:0', 'Sunday 11:0-0:0']",,"['Restaurants', 'Sandwiches', 'Bars', 'American (Traditional)', 'Nightlife']",41.4720497131,3.0,"['Alcohol: full_bar', ""Ambience: {'romantic': False, 'intimate': False, 'classy': False, 'hipster': False, 'divey': False, 'touristy': False, 'trendy': False, 'upscale': False, 'casual': True}"", ""BestNights: {'monday': False, 'tuesday': False, 'friday': True, 'wednesday': False, 'thursday': False, 'sunday': False, 'saturday': True}"", 'BikeParking: True', 'BusinessAcceptsCreditCards: True', ""BusinessParking: {'garage': False, 'street': False, 'validated': False, 'lot': True, 'valet': False}"", 'Caters: False', 'CoatCheck: False', 'GoodForDancing: False', 'GoodForKids: True', ""GoodForMeal: {'dessert': False, 'latenight': False, 'lunch': True, 'dinner': False, 'breakfast': False, 'brunch': False}"", 'HappyHour: True', 'HasTV: True', ""Music: {'dj': True, 'background_music': False, 'no_music': False, 'karaoke': False, 'live': False, 'video': False, 'jukebox': False}"", 'NoiseLevel: loud', 'OutdoorSeating: True', 'RestaurantsAttire: casual', 'RestaurantsDelivery: False', 'RestaurantsGoodForGroups: True', 'RestaurantsPriceRange2: 2', 'RestaurantsReservations: False', 'RestaurantsTableService: True', 'RestaurantsTakeOut: True', 'Smoking: outdoor', 'WheelchairAccessible: True', 'WiFi: no']",-81.8832244873,23800 Detroit Rd,44145,OH,0,axBhslRvyBiWlcX_Q0EKGQ,business
Ray's Pizzeria and Restaurant,Las Vegas,12,,Westside,"['Restaurants', 'Pizza']",36.1714276,2.5,"['BikeParking: True', 'BusinessAcceptsCreditCards: True', 'GoodForKids: False', 'HasTV: True', 'OutdoorSeating: False', 'RestaurantsAttire: casual', 'RestaurantsDelivery: True', 'RestaurantsGoodForGroups: True', 'RestaurantsPriceRange2: 2', 'RestaurantsReservations: False', 'RestaurantsTakeOut: True', 'WiFi: free']",-115.2450798,238 S Rainbow Blvd,89145,NV,1,FZDcm4f7aOvYK7aD7aBtvA,business
Milestones Restaurants,Toronto,78,"['Monday 11:0-0:0', 'Tuesday 11:0-0:0', 'Wednesday 11:0-0:0', 'Thursday 11:0-0:0', 'Friday 11:0-1:0', 'Saturday 10:0-1:0', 'Sunday 10:0-0:0']",Entertainment District,"['American (New)', 'Bars', 'Canadian (New)', 'Comfort Food', 'Restaurants', 'Nightlife']",43.64864,3.0,"['Alcohol: full_bar', ""Ambience: {'romantic': False, 'intimate': False, 'classy': False, 'hipster': False, 'touristy': True, 'trendy': False, 'upscale': False, 'casual': False}"", 'BikeParking: True', 'BusinessAcceptsCreditCards: True', ""BusinessParking: {'garage': False, 'street': True, 'validated': False, 'lot': False, 'valet': False}"", 'Caters: False', 'GoodForDancing: False', 'GoodForKids: True', 'HasTV: True', 'NoiseLevel: loud', 'OutdoorSeating: True', 'RestaurantsAttire: casual', 'RestaurantsDelivery: False', 'RestaurantsGoodForGroups: True', 'RestaurantsPriceRange2: 2', 'RestaurantsReservations: True', 'RestaurantsTableService: True', 'RestaurantsTakeOut: True', 'WheelchairAccessible: False', 'WiFi: no', ""GoodForMeal: {'dessert': False, 'latenight': False, 'lunch': True, 'dinner': True, 'breakfast': False, 'brunch': False}""]",-79.3910111,132 John St,M5V 2E3,ON,1,sHXIiGercy22UVpwMMmYng,business
Culver's,Madison,13,"['Monday 10:0-22:0', 'Tuesday 10:0-22:0', 'Wednesday 10:0-22:0', 'Thursday 10:0-22:30', 'Friday 10:0-22:30', 'Saturday 10:0-22:30', 'Sunday 10:0-22:0']",Elvehjem,"['Fast Food', 'Restaurants', 'Ice Cream & Frozen Yogurt', 'Burgers', 'Food']",43.0837436,3.5,"['Alcohol: none', ""Ambience: {'romantic': False, 'intimate': False, 'classy': False, 'hipster': False, 'divey': False, 'touristy': False, 'trendy': False, 'upscale': False, 'casual': True}"", 'BikeParking: True', 'BusinessAcceptsCreditCards: True', ""BusinessParking: {'garage': False, 'street': False, 'validated': False, 'lot': True, 'valet': False}"", 'Caters: False', 'DriveThru: True', 'GoodForKids: True', ""GoodForMeal: {'dessert': True, 'latenight': False, 'lunch': True, 'dinner': False, 'breakfast': False, 'brunch': False}"", 'HasTV: True', 'NoiseLevel: average', 'OutdoorSeating: True', 'RestaurantsAttire: casual', 'RestaurantsDelivery: False', 'RestaurantsGoodForGroups: True', 'RestaurantsPriceRange2: 1', 'RestaurantsReservations: False', 'RestaurantsTableService: False', 'RestaurantsTakeOut: True', 'WiFi: free']",-89.3078087,4401 Cottage Grove Rd,53716,WI,1,R8L9VLO5jHfzPA5rHiujIA,business
Bac Ky Vietnamese Canteen,Toronto,35,"['Monday 11:0-22:0', 'Tuesday 11:0-22:0', 'Wednesday 11:0-22:0', 'Thursday 11:0-22:0', 'Friday 11:0-22:0', 'Saturday 12:0-22:0', 'Sunday 12:0-19:0']",,"['Juice Bars & Smoothies', 'Restaurants', 'Food', 'Vietnamese']",43.6444276,3.5,"['Alcohol: none', ""Ambience: {'romantic': False, 'intimate': False, 'classy': False, 'hipster': False, 'touristy': False, 'trendy': False, 'upscale': False, 'casual': True}"", 'BikeParking: True', 'BusinessAcceptsCreditCards: True', ""BusinessParking: {'garage': False, 'street': True, 'validated': False, 'lot': False, 'valet': False}"", 'Caters: True', 'GoodForKids: True', ""GoodForMeal: {'dessert': False, 'latenight': False, 'lunch': True, 'dinner': False, 'breakfast': False, 'brunch': False}"", 'HasTV: False', 'NoiseLevel: average', 'OutdoorSeating: False', 'RestaurantsAttire: casual', 'RestaurantsDelivery: True', 'RestaurantsGoodForGroups: True', 'RestaurantsPriceRange2: 2', 'RestaurantsReservations: False', 'RestaurantsTableService: True', 'RestaurantsTakeOut: True', 'WiFi: no']",-79.3994346,567 King Street W,M5V 1M1,ON,1,-IXNFjtECsn8fqF047tYFw,business
Desi Hut Takeout & Catering,Toronto,3,"['Monday 11:0-20:0', 'Tuesday 11:0-20:0', 'Wednesday 11:0-20:0', 'Thursday 11:0-20:0', 'Friday 11:0-20:0', 'Saturday 11:0-20:0', 'Sunday 11:0-20:0']",Scarborough,"['Indian', 'Pakistani', 'Restaurants', 'Halal']",43.758688,4.5,"['Alcohol: none', ""Ambience: {'romantic': False, 'intimate': False, 'classy': False, 'hipster': False, 'touristy': False, 'trendy': False, 'upscale': False, 'casual': False}"", 'BikeParking: True', 'BusinessAcceptsCreditCards: True', 'Caters: True', 'GoodForKids: True', ""GoodForMeal: {'dessert': False, 'latenight': False, 'lunch': False, 'dinner': False, 'breakfast': False, 'brunch': False}"", 'HasTV: True', 'NoiseLevel: quiet', 'OutdoorSeating: False', 'RestaurantsAttire: casual', 'RestaurantsDelivery: False', 'RestaurantsGoodForGroups: True', 'RestaurantsPriceRange2: 1', 'RestaurantsReservations: True', 'RestaurantsTableService: True', 'RestaurantsTakeOut: True', 'WiFi: free']",-79.2889502,"1515 Birchmount Road, Unit 5",M1P 2G7,ON,0,oreF3CPWsX2lHq0V4AZQKg,business
Restaurant Shish-Taouk,Montréal,4,,Plateau-Mont-Royal,"['Middle Eastern', 'Restaurants']",45.5143787,2.5,"['BusinessAcceptsCreditCards: False', 'GoodForKids: True', 'RestaurantsAttire: casual', 'RestaurantsPriceRange2: 1', 'RestaurantsReservations: False', 'RestaurantsTakeOut: True']",-73.5731703,3633 Boul Saint-Laurent,H2X 2V5,QC,1,9DOcSwj1I-vzCj1GwGZ-Uw,business
Mi Pueblo Taco Shop,Las Vegas,40,"['Monday 9:0-21:0', 'Tuesday 9:0-21:0', 'Wednesday 9:0-21:0', 'Thursday 9:0-21:0', 'Friday 9:0-21:0', 'Saturday 9:0-21:0', 'Sunday 9:0-17:0']",,"['Restaurants', 'Mexican']",36.1947007117,5.0,"['Alcohol: none', ""Ambience: {'romantic': False, 'intimate': False, 'classy': False, 'hipster': False, 'divey': False, 'touristy': False, 'trendy': False, 'upscale': False, 'casual': True}"", 'BikeParking: False', 'BusinessAcceptsCreditCards: True', ""BusinessParking: {'garage': False, 'street': False, 'validated': False, 'lot': False, 'valet': False}"", 'Caters: True', 'GoodForKids: True', 'HasTV: True', 'NoiseLevel: average', 'OutdoorSeating: False', 'RestaurantsAttire: casual', 'RestaurantsDelivery: False', 'RestaurantsGoodForGroups: True', 'RestaurantsPriceRange2: 1', 'RestaurantsReservations: False', 'RestaurantsTableService: True', 'RestaurantsTakeOut: True', 'WiFi: no', ""GoodForMeal: {'dessert': True, 'latenight': False, 'lunch': True, 'dinner': True, 'breakfast': False, 'brunch': True}""]",-115.205170581,1920 N Decatur Blvd,89108,NV,1,OQcvO5P3gH0cuJ-bPXwfQQ,business
Méchant Café,Montréal,8,"['Monday 7:0-19:0', 'Tuesday 7:0-19:0', 'Wednesday 7:0-19:0', 'Thursday 7:0-19:0', 'Friday 7:0-19:0', 'Saturday 9:0-19:0', 'Sunday 9:0-20:0']",Côte-des-Neiges,"['Cafes', 'Restaurants']",45.4973562,4.5,"['Alcohol: none', ""Ambience: {'romantic': False, 'intimate': False, 'classy': False, 'hipster': True, 'touristy': False, 'trendy': False, 'upscale': False, 'casual': False}"", 'BikeParking: True', 'BusinessAcceptsCreditCards: True', ""BusinessParking: {'garage': False, 'street': True, 'validated': False, 'lot': False, 'valet': False}"", 'Caters: False', 'DogsAllowed: True', 'GoodForKids: True', ""GoodForMeal: {'dessert': False, 'latenight': False, 'lunch': False, 'dinner': False, 'breakfast': False, 'brunch': False}"", 'HasTV: False', 'NoiseLevel: average', 'OutdoorSeating: True', 'RestaurantsAttire: casual', 'RestaurantsDelivery: False', 'RestaurantsGoodForGroups: True', 'RestaurantsPriceRange2: 2', 'RestaurantsReservations: False', 'RestaurantsTableService: False', 'RestaurantsTakeOut: False', 'WheelchairAccessible: False', 'WiFi: free']",-73.6231528,3525 Avenue Lacombe,H3T 1L9,QC,0,pDVx_XJCLJct8adK7gKoIQ,business
West Shefford,Montréal,5,,Plateau-Mont-Royal,"['Brasseries', 'Bars', 'Nightlife', 'Pubs', 'Restaurants']",45.5316344,4.0,"[""Ambience: {'romantic': False, 'intimate': False, 'classy': False, 'hipster': False, 'touristy': False, 'trendy': False, 'upscale': False, 'casual': False}"", 'GoodForKids: False', 'HasTV: False', 'OutdoorSeating: True', 'RestaurantsAttire: casual', 'RestaurantsDelivery: False', 'RestaurantsPriceRange2: 1', 'RestaurantsGoodForGroups: True', 'RestaurantsTakeOut: False']",-73.5755843,1562 Avenue du Mont-Royal Est,H2J 1Z2,QC,1,cTm9pJXTYCfA4RtQ2dnwdA,business
Al Quds,Montréal,5,,Pierrefonds-Roxboro,"['Restaurants', 'Middle Eastern']",45.5095728,3.0,"[""Ambience: {'romantic': False, 'intimate': False, 'classy': False, 'hipster': False, 'touristy': False, 'trendy': False, 'upscale': False, 'casual': False}"", 'BusinessAcceptsCreditCards: True', ""BusinessParking: {'garage': False, 'street': False, 'validated': False, 'lot': False, 'valet': False}"", 'GoodForKids: True', ""GoodForMeal: {'dessert': False, 'latenight': False, 'lunch': False, 'dinner': False, 'breakfast': False, 'brunch': False}"", 'RestaurantsAttire: casual', 'RestaurantsDelivery: True', 'RestaurantsPriceRange2: 1', 'RestaurantsReservations: False', 'RestaurantsTakeOut: True']",-73.8027632,10380 Rue Gouin Ouest,H8Y 1S3,QC,1,MS7RuztL8TzWL2KuvTXZ7w,business
iCheese Pizza & Sub,Las Vegas,22,"['Monday 11:0-20:0', 'Tuesday 11:0-20:0', 'Wednesday 11:0-20:0', 'Thursday 11:0-20:0', 'Friday 11:0-20:0']",University,"['Restaurants', 'Sandwiches', 'Fast Food', 'Pizza']",36.1050259,4.5,"['Alcohol: none', ""Ambience: {'romantic': False, 'intimate': False, 'classy': False, 'hipster': False, 'divey': False, 'touristy': False, 'trendy': False, 'upscale': False, 'casual': True}"", 'BikeParking: True', 'BusinessAcceptsCreditCards: True', ""BusinessParking: {'garage': False, 'street': False, 'validated': False, 'lot': False, 'valet': False}"", 'Caters: True', 'DriveThru: False', 'GoodForKids: True', ""GoodForMeal: {'dessert': False, 'latenight': False, 'lunch': True, 'dinner': False, 'breakfast': False, 'brunch': False}"", 'HasTV: True', 'NoiseLevel: quiet', 'OutdoorSeating: True', 'RestaurantsAttire: casual', 'RestaurantsDelivery: True', 'RestaurantsGoodForGroups: True', 'RestaurantsPriceRange2: 1', 'RestaurantsReservations: False', 'RestaurantsTableService: False', 'RestaurantsTakeOut: True', 'WheelchairAccessible: True', 'WiFi: free']",-115.1359481,"4632 S Maryland Pkwy, Ste 12",89119,NV,0,8jj6dYkZtxTCsq_Y-C_DtQ,business
My Big Fat Greek,Glendale,9,,,"['Restaurants', 'Food', 'Greek']",33.6383514,3.5,"['Alcohol: none', ""Ambience: {'romantic': False, 'intimate': False, 'classy': False, 'hipster': False, 'divey': False, 'touristy': False, 'trendy': False, 'upscale': False, 'casual': False}"", 'BikeParking: False', 'BusinessAcceptsCreditCards: True', ""BusinessParking: {'garage': False, 'street': False, 'validated': False, 'lot': False, 'valet': False}"", 'GoodForKids: True', ""GoodForMeal: {'dessert': False, 'latenight': False, 'lunch': False, 'dinner': False, 'breakfast': False, 'brunch': False}"", 'HasTV: False', 'OutdoorSeating: False', 'RestaurantsAttire: casual', 'RestaurantsDelivery: False', 'RestaurantsGoodForGroups: True', 'RestaurantsPriceRange2: 1', 'RestaurantsReservations: False', 'RestaurantsTakeOut: True', 'WiFi: free']",-112.2246093,7700 W Bell Rd,85308,AZ,0,F_7fCrSLZXb9Tas7DIhOIg,business
Jug 'n Barrel Wine Shop,Glendale,5,,,"['Food', 'Restaurants', 'Beer', 'Wine & Spirits']",33.6538701,4.5,"['Alcohol: beer_and_wine', 'BYOBCorkage: yes_corkage', 'BusinessAcceptsCreditCards: True', ""BusinessParking: {'garage': False, 'street': False, 'validated': False, 'lot': True, 'valet': False}"", 'GoodForKids: False', ""GoodForMeal: {'dessert': False, 'latenight': False, 'lunch': False, 'dinner': True, 'breakfast': False, 'brunch': False}"", 'OutdoorSeating: False', 'RestaurantsAttire: casual', 'RestaurantsDelivery: False', 'RestaurantsGoodForGroups: True', 'RestaurantsPriceRange2: 2', 'RestaurantsTableService: True', 'WheelchairAccessible: True']",-112.1862714,18555 N 59th Ave,85308,AZ,0,8Qz2nxwkjwhRxkeReQtcSw,business
Outback Steakhouse,Glendale,99,"['Monday 11:0-22:0', 'Tuesday 11:0-22:0', 'Wednesday 11:0-22:0', 'Thursday 11:0-22:0', 'Friday 11:0-22:0', 'Saturday 11:0-22:0', 'Sunday 11:0-21:30']",,"['Restaurants', 'Steakhouses']",33.6384672631,3.5,"['Alcohol: full_bar', ""Ambience: {'romantic': False, 'intimate': False, 'classy': False, 'hipster': False, 'divey': False, 'touristy': False, 'trendy': False, 'upscale': False, 'casual': True}"", 'BikeParking: True', 'BusinessAcceptsCreditCards: True', ""BusinessParking: {'garage': False, 'street': False, 'validated': False, 'lot': True, 'valet': False}"", 'Caters: False', 'GoodForKids: True', ""GoodForMeal: {'dessert': False, 'latenight': False, 'lunch': False, 'dinner': True, 'breakfast': False, 'brunch': False}"", 'HasTV: True', 'NoiseLevel: average', 'OutdoorSeating: True', 'RestaurantsAttire: casual', 'RestaurantsDelivery: False', 'RestaurantsGoodForGroups: True', 'RestaurantsPriceRange2: 2', 'RestaurantsReservations: True', 'RestaurantsTableService: True', 'RestaurantsTakeOut: True', 'WheelchairAccessible: True', 'WiFi: no']",-112.179621458,5605 W Bell Rd,85308,AZ,1,pvpS3RkO8Qsl759-Xz7YZg,business
Flor de Sal,Toronto,26,"['Monday 17:0-21:30', 'Tuesday 12:0-14:30', 'Wednesday 12:0-14:30', 'Wednesday 17:0-21:30', 'Thursday 12:0-14:30', 'Thursday 17:0-21:30', 'Friday 12:0-14:30', 'Friday 17:0-21:30', 'Saturday 17:0-21:30']",South Hill,"['Modern European', 'Mediterranean', 'Restaurants']",43.6775873,4.0,"['Alcohol: full_bar', ""Ambience: {'romantic': False, 'intimate': False, 'classy': False, 'hipster': False, 'touristy': False, 'trendy': False, 'upscale': False, 'casual': False}"", 'BikeParking: False', 'BusinessAcceptsCreditCards: True', ""BusinessParking: {'garage': False, 'street': True, 'validated': False, 'lot': False, 'valet': False}"", 'Caters: True', 'DogsAllowed: False', 'GoodForKids: False', 'HasTV: False', 'OutdoorSeating: True', 'RestaurantsAttire: dressy', 'RestaurantsDelivery: False', 'RestaurantsGoodForGroups: True', 'RestaurantsPriceRange2: 3', 'RestaurantsReservations: True', 'RestaurantsTableService: True', 'RestaurantsTakeOut: True', 'WheelchairAccessible: True', 'WiFi: free']",-79.4070502,501 Davenport Road,M4V 1B8,ON,1,4cIUCLqLuV2Y1ZlKfjjTPA,business
The Cleveland Corned Beef Company,Goodyear,3,"['Tuesday 10:0-22:0', 'Wednesday 10:0-22:0', 'Thursday 10:0-22:0', 'Friday 10:0-22:0', 'Saturday 10:0-22:0']",,"['Food Trucks', 'Chicken Wings', 'Street Vendors', 'Food', 'Restaurants']",33.4754919,3.0,"['BusinessAcceptsCreditCards: True', 'GoodForKids: True', 'RestaurantsGoodForGroups: True', 'RestaurantsReservations: True', 'RestaurantsTakeOut: True']",-112.3924311,,85395,AZ,1,SOYUSUhdKK8jUUJkSQa6lQ,business
Korean Restaurant OUR,Toronto,22,"['Monday 11:0-22:0', 'Tuesday 11:0-22:0', 'Wednesday 11:0-22:0', 'Thursday 11:0-22:0', 'Friday 11:0-0:0', 'Saturday 11:0-0:0', 'Sunday 11:0-22:0']",Scarborough,"['Restaurants', 'Korean']",43.8029564086,2.5,"['Alcohol: none', ""Ambience: {'romantic': False, 'intimate': False, 'classy': False, 'hipster': False, 'touristy': False, 'trendy': False, 'upscale': False, 'casual': True}"", 'BikeParking: True', 'BusinessAcceptsCreditCards: False', ""BusinessParking: {'garage': False, 'street': False, 'validated': False, 'lot': True, 'valet': False}"", 'Caters: False', 'GoodForKids: True', ""GoodForMeal: {'dessert': False, 'latenight': False, 'lunch': False, 'dinner': True, 'breakfast': False, 'brunch': False}"", 'HasTV: True', 'NoiseLevel: loud', 'OutdoorSeating: False', 'RestaurantsAttire: casual', 'RestaurantsDelivery: False', 'RestaurantsGoodForGroups: False', 'RestaurantsPriceRange2: 2', 'RestaurantsReservations: False', 'RestaurantsTableService: True', 'RestaurantsTakeOut: True', 'WiFi: no']",-79.2937258565,4186 Finch Avenue E,M1S 4T5,ON,1,4i28EAuhdEvefJnM74ihpA,business
Lisa Marie,Toronto,130,"['Tuesday 18:30-22:0', 'Wednesday 18:0-23:0', 'Thursday 17:0-0:0', 'Friday 17:0-2:0', 'Saturday 11:0-2:0', 'Sunday 11:0-16:0']",West Queen West,"['Canadian (New)', 'Food', 'Restaurants']",43.6469223,3.5,"['Alcohol: full_bar', ""Ambience: {'romantic': False, 'intimate': False, 'classy': False, 'hipster': True, 'touristy': False, 'trendy': False, 'upscale': False, 'casual': False}"", 'BikeParking: True', 'BusinessAcceptsCreditCards: True', ""BusinessParking: {'garage': False, 'street': True, 'validated': False, 'lot': False, 'valet': False}"", 'Caters: True', 'GoodForKids: False', ""GoodForMeal: {'dessert': False, 'latenight': False, 'lunch': False, 'dinner': False, 'breakfast': False, 'brunch': True}"", 'HasTV: False', 'NoiseLevel: loud', 'OutdoorSeating: False', 'RestaurantsAttire: casual', 'RestaurantsDelivery: False', 'RestaurantsGoodForGroups: True', 'RestaurantsPriceRange2: 2', 'RestaurantsReservations: True', 'RestaurantsTableService: True', 'RestaurantsTakeOut: True', 'WiFi: no']",-79.4060226,638 Queen Street W,M6J 1E3,ON,1,eqg6UyuVLwzAplUvN9UkSw,business
Sincerely Yogurt,Pittsburgh,4,"['Monday 12:0-21:30', 'Tuesday 12:0-21:30', 'Wednesday 12:0-21:30', 'Thursday 12:0-21:30', 'Friday 12:0-21:30', 'Saturday 12:0-21:30', 'Sunday 12:0-21:30']",,"['Ice Cream & Frozen Yogurt', 'American (New)', 'Restaurants', 'Food']",40.357482,5.0,"[""BusinessParking: {'garage': False, 'street': False, 'validated': False, 'lot': False, 'valet': False}"", 'RestaurantsPriceRange2: 1']",-80.002086,5301 Grove Rd,15236,PA,1,gypeQSuD8-09CtzkZSWfxw,business
Desi Bar & Grill,Mississauga,51,"['Monday 11:30-0:0', 'Tuesday 17:30-0:0', 'Wednesday 11:30-0:0', 'Thursday 11:30-0:0', 'Friday 11:30-2:0', 'Saturday 11:30-2:0', 'Sunday 11:30-0:0']",Mississauga Valley,"['Delis', 'Chinese', 'Indian', 'Seafood', 'Restaurants', 'Bars', 'Nightlife', 'Halal', 'Canadian (New)', 'Pakistani', 'DJs', 'Sports Bars', 'Pubs', 'Event Planning & Services']",43.6160832,4.0,"['Alcohol: full_bar', ""Ambience: {'romantic': False, 'intimate': False, 'classy': False, 'hipster': False, 'touristy': False, 'trendy': True, 'upscale': False, 'casual': False}"", 'BikeParking: True', 'BusinessAcceptsCreditCards: True', ""BusinessParking: {'garage': False, 'street': False, 'validated': False, 'lot': True, 'valet': False}"", 'Caters: True', 'GoodForDancing: True', 'GoodForKids: True', ""GoodForMeal: {'dessert': False, 'latenight': True, 'lunch': True, 'dinner': True, 'breakfast': False, 'brunch': False}"", 'HappyHour: True', 'HasTV: True', 'NoiseLevel: average', 'OutdoorSeating: True', 'RestaurantsAttire: casual', 'RestaurantsDelivery: True', 'RestaurantsGoodForGroups: True', 'RestaurantsPriceRange2: 2', 'RestaurantsReservations: True', 'RestaurantsTableService: True', 'RestaurantsTakeOut: True', 'WheelchairAccessible: True', 'WiFi: free', ""Music: {'dj': True, 'background_music': False, 'no_music': False, 'karaoke': False, 'live': False, 'video': False, 'jukebox': False}""]",-79.6175759,925 Rathburn Road E,L4W 4C3,ON,1,KeQ1cK564cL5C_hBTFrqnA,business
Table 274,Charlotte,52,"['Monday 11:0-21:0', 'Tuesday 11:0-22:0', 'Wednesday 11:0-22:0', 'Thursday 11:0-22:0', 'Friday 11:0-23:0', 'Saturday 11:0-23:0', 'Sunday 10:0-21:0']",Cotswold,"['American (New)', 'Restaurants']",35.176496,3.5,"['Alcohol: full_bar', ""Ambience: {'romantic': False, 'intimate': False, 'classy': False, 'hipster': False, 'divey': False, 'touristy': False, 'trendy': False, 'upscale': False, 'casual': True}"", 'BusinessAcceptsCreditCards: True', ""BusinessParking: {'garage': False, 'street': False, 'validated': False, 'lot': True, 'valet': False}"", 'Caters: True', 'GoodForKids: True', ""GoodForMeal: {'dessert': False, 'latenight': False, 'lunch': False, 'dinner': True, 'breakfast': False, 'brunch': False}"", 'HasTV: True', 'NoiseLevel: average', 'OutdoorSeating: True', 'RestaurantsAttire: casual', 'RestaurantsDelivery: False', 'RestaurantsGoodForGroups: True', 'RestaurantsPriceRange2: 2', 'RestaurantsReservations: True', 'RestaurantsTableService: True', 'RestaurantsTakeOut: True', 'WiFi: no']",-80.802224,274 S Sharon Amity Rd,28211,NC,0,6iJ8yrsueJ8QH3HceGstxw,business
The Las Vegas Grille,Las Vegas,82,,Westside,"['Chicken Wings', 'Barbeque', 'Restaurants']",36.1434735,4.5,"['Alcohol: beer_and_wine', ""Ambience: {'romantic': False, 'intimate': False, 'classy': False, 'hipster': False, 'divey': False, 'touristy': False, 'trendy': False, 'upscale': False, 'casual': True}"", 'BusinessAcceptsCreditCards: True', ""BusinessParking: {'garage': False, 'street': False, 'validated': False, 'lot': True, 'valet': False}"", 'Caters: True', 'GoodForKids: True', ""GoodForMeal: {'dessert': False, 'latenight': False, 'lunch': True, 'dinner': True, 'breakfast': False, 'brunch': False}"", 'HasTV: True', 'NoiseLevel: average', 'OutdoorSeating: True', 'RestaurantsAttire: casual', 'RestaurantsDelivery: True', 'RestaurantsGoodForGroups: True', 'RestaurantsPriceRange2: 2', 'RestaurantsReservations: True', 'RestaurantsTableService: False', 'RestaurantsTakeOut: True', 'WheelchairAccessible: True', 'WiFi: free']",-115.2622382,7865 W Sahara Ave,89117,NV,0,DO3FefiMYiPYsEl6O8W2dw,business
McDonald's,Mississauga,7,,East Credit,"['Restaurants', 'Burgers', 'Fast Food']",43.6123835411,2.5,"['Alcohol: none', ""Ambience: {'romantic': False, 'intimate': False, 'classy': False, 'hipster': False, 'touristy': False, 'trendy': False, 'upscale': False, 'casual': False}"", 'BikeParking: True', 'BusinessAcceptsCreditCards: True', ""BusinessParking: {'garage': False, 'street': False, 'validated': False, 'lot': False, 'valet': False}"", 'Caters: False', 'DriveThru: True', 'GoodForKids: True', ""GoodForMeal: {'dessert': False, 'latenight': False, 'lunch': False, 'dinner': False, 'breakfast': True, 'brunch': False}"", 'HasTV: False', 'NoiseLevel: very_loud', 'OutdoorSeating: False', 'RestaurantsAttire: casual', 'RestaurantsDelivery: False', 'RestaurantsGoodForGroups: True', 'RestaurantsPriceRange2: 1', 'RestaurantsReservations: False', 'RestaurantsTableService: False', 'RestaurantsTakeOut: True', 'WiFi: free']",-79.6947049033,5995 Mavis Road,L5R 3T7,ON,1,NvSJGiGwNBwjYi3m0hP38g,business
Swiss Chalet,Scarborough,12,"['Monday 11:30-22:0', 'Tuesday 11:30-22:0', 'Wednesday 11:30-22:0', 'Thursday 11:30-22:0', 'Friday 11:30-22:0', 'Saturday 11:30-22:0', 'Sunday 11:0-21:30']",Scarborough,"['Restaurants', 'Canadian (New)', 'Sandwiches', 'Food', 'Desserts']",43.7756724,3.0,"['Alcohol: beer_and_wine', ""Ambience: {'romantic': False, 'intimate': False, 'classy': False, 'hipster': False, 'touristy': False, 'trendy': False, 'upscale': False, 'casual': False}"", 'BikeParking: False', 'BusinessAcceptsCreditCards: True', ""BusinessParking: {'garage': False, 'street': False, 'validated': False, 'lot': False, 'valet': False}"", 'Caters: False', 'GoodForKids: True', ""GoodForMeal: {'dessert': False, 'latenight': False, 'lunch': True, 'dinner': False, 'breakfast': False, 'brunch': False}"", 'HasTV: False', 'NoiseLevel: average', 'OutdoorSeating: False', 'RestaurantsAttire: casual', 'RestaurantsDelivery: True', 'RestaurantsGoodForGroups: True', 'RestaurantsPriceRange2: 2', 'RestaurantsReservations: True', 'RestaurantsTableService: True', 'RestaurantsTakeOut: True', 'WiFi: no']",-79.2581928,"300 Borough Drive, Unit 1002",M1P 4P5,ON,1,hf18cVfzyJrsymisfi5mYA,business
Toucan Tacos,Toronto,14,,Riverdale,"['Restaurants', 'Mexican']",43.6587449,2.5,"['Alcohol: full_bar', ""Ambience: {'romantic': False, 'intimate': False, 'classy': False, 'hipster': False, 'touristy': False, 'trendy': False, 'upscale': False, 'casual': False}"", 'BusinessAcceptsCreditCards: True', ""BusinessParking: {'garage': False, 'street': False, 'validated': False, 'lot': False, 'valet': False}"", 'GoodForKids: True', ""GoodForMeal: {'dessert': False, 'latenight': False, 'lunch': False, 'dinner': False, 'breakfast': False, 'brunch': False}"", 'HasTV: False', 'NoiseLevel: quiet', 'OutdoorSeating: True', 'RestaurantsAttire: casual', 'RestaurantsDelivery: False', 'RestaurantsGoodForGroups: True', 'RestaurantsPriceRange2: 2', 'RestaurantsReservations: True', 'RestaurantsTableService: True', 'RestaurantsTakeOut: True']",-79.3507401,686 Queen Street E,M4M 1G6,ON,0,4ZNr_HOSCXMCzY4xN4WACA,business
Cabin Fever,Toronto,25,"['Monday 16:0-2:0', 'Tuesday 18:0-2:0', 'Wednesday 18:0-2:0', 'Thursday 18:0-2:0', 'Friday 18:0-2:0', 'Saturday 16:0-2:0', 'Sunday 16:0-2:0']",High Park,"['Food', 'Cafes', 'Restaurants', 'Arts & Entertainment', 'Coffee & Tea', 'Shopping', 'Arcades', 'Vinyl Records', 'Art Galleries', 'Pubs', 'Nightlife', 'Bars', 'Books', 'Mags', 'Music & Video']",43.6553501508,4.5,"['Alcohol: full_bar', ""Ambience: {'romantic': False, 'intimate': False, 'classy': False, 'hipster': False, 'touristy': False, 'trendy': False, 'upscale': False, 'casual': False}"", 'BikeParking: True', 'BusinessAcceptsCreditCards: True', ""BusinessParking: {'garage': False, 'street': True, 'validated': False, 'lot': False, 'valet': False}"", 'CoatCheck: False', 'DogsAllowed: False', 'GoodForDancing: False', 'GoodForKids: False', 'HappyHour: False', 'HasTV: False', ""Music: {'dj': True, 'background_music': False, 'no_music': False, 'karaoke': False, 'live': False, 'video': False, 'jukebox': False}"", 'NoiseLevel: average', 'OutdoorSeating: False', 'RestaurantsGoodForGroups: True', 'RestaurantsPriceRange2: 1', 'RestaurantsReservations: False', 'Smoking: no', 'WheelchairAccessible: False', 'WiFi: no']",-79.4567192927,1669 Bloor Street W,M6P 1A6,ON,1,-n27mJ_jQWGCuIukTvg9Mg,business
Shogun Japanese Steak House,Monroeville,25,"['Monday 11:0-14:30', 'Monday 17:0-21:0', 'Tuesday 11:0-14:30', 'Tuesday 17:0-21:0', 'Wednesday 11:0-14:30', 'Thursday 11:0-14:30', 'Thursday 17:0-21:0', 'Friday 11:0-14:30', 'Friday 17:0-22:0', 'Saturday 11:0-14:30', 'Saturday 15:0-22:0', 'Sunday 12:0-21:0']",,"['Restaurants', 'Japanese']",40.432545,3.0,"['Alcohol: full_bar', ""Ambience: {'romantic': False, 'intimate': False, 'classy': False, 'hipster': False, 'divey': False, 'touristy': False, 'trendy': False, 'upscale': False, 'casual': False}"", 'BikeParking: False', 'BusinessAcceptsCreditCards: True', ""BusinessParking: {'garage': False, 'street': False, 'validated': False, 'lot': True, 'valet': False}"", 'GoodForKids: True', ""GoodForMeal: {'dessert': False, 'latenight': False, 'lunch': False, 'dinner': True, 'breakfast': False, 'brunch': False}"", 'HasTV: False', 'NoiseLevel: average', 'OutdoorSeating: False', 'RestaurantsAttire: casual', 'RestaurantsDelivery: False', 'RestaurantsGoodForGroups: True', 'RestaurantsPriceRange2: 3', 'RestaurantsReservations: True', 'RestaurantsTableService: True', 'RestaurantsTakeOut: True', 'WheelchairAccessible: True']",-79.783247,8 Tech Center Dr,15146,PA,1,aaPncz0ICB85up3HUl2TEg,business
Mavis Winkle's Irish Pub,Twinsburg,44,"['Monday 11:30-21:0', 'Tuesday 11:30-21:0', 'Wednesday 11:30-21:0', 'Thursday 11:30-21:0', 'Friday 11:0-23:0', 'Saturday 11:0-23:0']",,"['Pubs', 'Bars', 'Restaurants', 'Nightlife', 'Irish']",41.3073038,3.0,"['Alcohol: full_bar', ""Ambience: {'romantic': False, 'intimate': False, 'classy': False, 'hipster': False, 'divey': False, 'touristy': False, 'trendy': False, 'upscale': False, 'casual': True}"", ""BestNights: {'monday': False, 'tuesday': False, 'friday': True, 'wednesday': False, 'thursday': True, 'sunday': False, 'saturday': True}"", 'BikeParking: True', 'BusinessAcceptsCreditCards: True', ""BusinessParking: {'garage': False, 'street': False, 'validated': False, 'lot': True, 'valet': False}"", 'Caters: True', 'CoatCheck: False', 'GoodForDancing: False', 'GoodForKids: True', ""GoodForMeal: {'dessert': False, 'latenight': False, 'lunch': True, 'dinner': True, 'breakfast': False, 'brunch': False}"", 'HappyHour: True', 'HasTV: True', ""Music: {'dj': False, 'background_music': False, 'no_music': False, 'karaoke': False, 'live': False, 'video': False, 'jukebox': True}"", 'NoiseLevel: average', 'OutdoorSeating: True', 'RestaurantsAttire: casual', 'RestaurantsDelivery: True', 'RestaurantsGoodForGroups: True', 'RestaurantsPriceRange2: 2', 'RestaurantsReservations: True', 'RestaurantsTableService: True', 'RestaurantsTakeOut: True', 'Smoking: no', 'WheelchairAccessible: True', 'WiFi: free']",-81.4419172,8870 Darrow Rd,44087,OH,1,kfbBBxJg-oatbY-YHf7qpw,business
Inatei Japanese Cuisine,Richmond Hill,113,"['Monday 11:30-14:30', 'Monday 17:30-22:30', 'Wednesday 11:30-14:30', 'Wednesday 17:30-22:30', 'Thursday 11:30-14:30', 'Thursday 17:30-22:30', 'Friday 11:30-14:30', 'Friday 17:30-22:30', 'Saturday 11:30-14:30', 'Saturday 17:30-22:30', 'Sunday 11:30-14:30', 'Sunday 17:30-22:30']",,"['Seafood', 'Japanese', 'Sushi Bars', 'Restaurants']",43.849522969,4.0,"['Alcohol: full_bar', ""Ambience: {'romantic': False, 'intimate': False, 'classy': False, 'hipster': False, 'touristy': False, 'trendy': False, 'upscale': False, 'casual': True}"", 'BikeParking: True', 'BusinessAcceptsCreditCards: True', ""BusinessParking: {'garage': False, 'street': False, 'validated': False, 'lot': True, 'valet': False}"", 'Caters: False', 'GoodForKids: True', ""GoodForMeal: {'dessert': False, 'latenight': False, 'lunch': True, 'dinner': True, 'breakfast': False, 'brunch': False}"", 'HasTV: False', 'NoiseLevel: average', 'OutdoorSeating: False', 'RestaurantsAttire: casual', 'RestaurantsDelivery: False', 'RestaurantsGoodForGroups: True', 'RestaurantsPriceRange2: 2', 'RestaurantsReservations: True', 'RestaurantsTableService: True', 'RestaurantsTakeOut: True', 'WheelchairAccessible: True', 'WiFi: no']",-79.381646709,9021 Leslie Street,L4B 0B2,ON,1,LPCFfrQow0kl7EABuM7VDA,business
I Went To Philly,Toronto,49,"['Monday 11:0-22:0', 'Tuesday 11:0-22:0', 'Wednesday 11:0-22:0', 'Thursday 11:0-4:0', 'Friday 11:0-4:0', 'Saturday 11:0-4:0']",Downtown Core,"['American (New)', 'Restaurants', 'Diners']",43.6618632,4.0,"['Alcohol: none', ""Ambience: {'romantic': False, 'intimate': False, 'classy': False, 'hipster': False, 'touristy': False, 'trendy': False, 'upscale': False, 'casual': True}"", 'BusinessAcceptsCreditCards: True', ""BusinessParking: {'garage': False, 'street': True, 'validated': False, 'lot': False, 'valet': False}"", 'Caters: True', 'DogsAllowed: False', 'GoodForKids: True', ""GoodForMeal: {'dessert': False, 'latenight': False, 'lunch': True, 'dinner': False, 'breakfast': False, 'brunch': False}"", 'HasTV: True', 'NoiseLevel: average', 'OutdoorSeating: False', 'RestaurantsAttire: casual', 'RestaurantsDelivery: False', 'RestaurantsGoodForGroups: True', 'RestaurantsPriceRange2: 2', 'RestaurantsReservations: True', 'RestaurantsTableService: False', 'RestaurantsTakeOut: True', 'WheelchairAccessible: True', 'WiFi: free']",-79.3833046,462 Yonge Street,M4Y 1S9,ON,0,TRxDx0JhUX49iL-QUHEm0A,business
Island Pacific Seafood Market,Las Vegas,48,"['Monday 7:0-22:0', 'Tuesday 7:0-22:0', 'Wednesday 7:0-22:0', 'Thursday 7:0-22:0', 'Friday 7:0-22:0', 'Saturday 7:0-22:0', 'Sunday 7:0-22:0']",Spring Valley,"['Ethnic Grocery', 'Specialty Food', 'Food', 'International Grocery', 'Ethnic Food', 'Imported Food', 'Filipino', 'Restaurants', 'Grocery', 'Seafood']",36.1010606055,3.5,"['Alcohol: none', ""Ambience: {'romantic': False, 'intimate': False, 'classy': False, 'hipster': False, 'divey': False, 'touristy': False, 'trendy': False, 'upscale': False, 'casual': False}"", 'BikeParking: True', 'BusinessAcceptsCreditCards: True', 'Caters: True', 'GoodForKids: True', ""GoodForMeal: {'dessert': False, 'latenight': False, 'lunch': False, 'dinner': False, 'breakfast': False, 'brunch': True}"", 'HasTV: False', 'NoiseLevel: average', 'OutdoorSeating: False', 'RestaurantsAttire: casual', 'RestaurantsDelivery: False', 'RestaurantsGoodForGroups: True', 'RestaurantsPriceRange2: 1', 'RestaurantsReservations: False', 'RestaurantsTableService: False', 'RestaurantsTakeOut: True', 'WiFi: no', ""BusinessParking: {'garage': False, 'street': False, 'validated': False, 'lot': True, 'valet': False}""]",-115.280462827,8650 W Tropicana Ave,89147,NV,1,ICWQfTi_Dvo723ZJicR8Vw,business
Imsiam Thai Restaurant and Noodle,Las Vegas,21,"['Monday 10:0-2:0', 'Tuesday 10:0-2:0', 'Wednesday 10:0-2:0', 'Thursday 10:0-2:0', 'Friday 10:0-2:0', 'Saturday 10:0-2:0', 'Sunday 10:0-2:0']",Westside,"['Thai', 'Restaurants', 'Noodles']",36.1440225,4.5,"['BikeParking: False', 'BusinessAcceptsCreditCards: True', 'GoodForKids: True', ""GoodForMeal: {'dessert': False, 'latenight': False, 'lunch': True, 'dinner': False, 'breakfast': False, 'brunch': True}"", 'OutdoorSeating: False', 'RestaurantsAttire: casual', 'RestaurantsGoodForGroups: True', 'RestaurantsPriceRange2: 1', 'HasTV: False', 'RestaurantsReservations: True', 'Alcohol: beer_and_wine', ""Ambience: {'romantic': False, 'intimate': False, 'classy': False, 'hipster': False, 'divey': True, 'touristy': True, 'trendy': False, 'upscale': False, 'casual': False}""]",-115.195896,4105 W Sahara Ave,89102,NV,1,q4i-GbjeSp6ucBDXGE9DqA,business
Kaleidoscope Juice,Phoenix,51,"['Monday 7:0-16:0', 'Tuesday 7:0-16:0', 'Wednesday 7:0-16:0', 'Thursday 7:0-16:0', 'Friday 7:0-16:0', 'Saturday 8:0-16:0']",,"['Salad', 'Sandwiches', 'Juice Bars & Smoothies', 'Restaurants', 'Food', 'Coffee & Tea', 'Vegan', 'Specialty Food', 'Health Markets']",33.4484361,4.5,"[""Ambience: {'romantic': False, 'intimate': False, 'classy': False, 'hipster': False, 'divey': False, 'touristy': False, 'trendy': True, 'upscale': False, 'casual': False}"", 'BikeParking: True', 'BusinessAcceptsCreditCards: True', ""BusinessParking: {'garage': False, 'street': True, 'validated': False, 'lot': False, 'valet': False}"", 'GoodForKids: True', ""GoodForMeal: {'dessert': False, 'latenight': False, 'lunch': False, 'dinner': False, 'breakfast': False, 'brunch': True}"", 'HasTV: False', 'NoiseLevel: average', 'OutdoorSeating: False', 'RestaurantsAttire: casual', 'RestaurantsDelivery: False', 'RestaurantsGoodForGroups: True', 'RestaurantsPriceRange2: 2', 'RestaurantsReservations: False', 'RestaurantsTakeOut: True', 'WheelchairAccessible: True', 'WiFi: free', 'Alcohol: full_bar', 'RestaurantsTableService: False', 'Caters: True', 'DogsAllowed: True']",-112.0723352,1 N 1st St,85004,AZ,1,91FlIjn-FabJYjJ819gwbQ,business
Sky Blue Sky Sandwiches,Toronto,81,"['Monday 11:0-21:0', 'Tuesday 11:0-21:0', 'Wednesday 11:0-21:0', 'Thursday 11:0-21:0', 'Friday 11:0-21:0', 'Saturday 11:0-20:0']",Koreatown,"['Restaurants', 'Sandwiches']",43.664569,4.0,"['Alcohol: none', ""Ambience: {'romantic': False, 'intimate': False, 'classy': False, 'hipster': False, 'touristy': False, 'trendy': False, 'upscale': False, 'casual': True}"", 'BikeParking: True', 'BusinessAcceptsCreditCards: True', ""BusinessParking: {'garage': False, 'street': True, 'validated': False, 'lot': False, 'valet': False}"", 'Caters: True', 'GoodForKids: True', ""GoodForMeal: {'dessert': False, 'latenight': False, 'lunch': True, 'dinner': False, 'breakfast': False, 'brunch': False}"", 'HasTV: False', 'NoiseLevel: average', 'OutdoorSeating: False', 'RestaurantsAttire: casual', 'RestaurantsDelivery: False', 'RestaurantsGoodForGroups: True', 'RestaurantsPriceRange2: 1', 'RestaurantsReservations: False', 'RestaurantsTableService: True', 'RestaurantsTakeOut: True', 'WheelchairAccessible: False', 'WiFi: no']",-79.4131014,605 Bloor Street W,M6G 1K5,ON,1,rATlMkHZdcwqQ12aIWg10w,business
El Mejor,Toronto,6,,Upper Beach,"['Mexican', 'Restaurants']",43.6808808,3.5,"['Alcohol: full_bar', ""Ambience: {'romantic': False, 'intimate': False, 'classy': False, 'hipster': False, 'touristy': False, 'trendy': False, 'upscale': False, 'casual': True}"", 'BikeParking: True', 'BusinessAcceptsCreditCards: True', 'GoodForKids: True', ""GoodForMeal: {'dessert': False, 'latenight': False, 'lunch': False, 'dinner': False, 'breakfast': False, 'brunch': False}"", 'HasTV: False', 'NoiseLevel: quiet', 'OutdoorSeating: False', 'RestaurantsAttire: casual', 'RestaurantsGoodForGroups: True', 'RestaurantsPriceRange2: 1', 'RestaurantsReservations: False', 'RestaurantsTableService: False', 'RestaurantsTakeOut: True', 'WiFi: free']",-79.2845966,1036 Kingston Road,M4E 1T5,ON,0,p29R4kMODw155BAEZNtD7A,business
The Shmooz,Toronto,12,"['Monday 8:0-20:30', 'Tuesday 8:0-20:30', 'Wednesday 8:0-20:30', 'Thursday 8:0-20:30', 'Friday 8:0-20:30', 'Saturday 9:0-20:30', 'Sunday 9:0-19:0']",Riverdale,"['Cafes', 'Food', 'Tea Rooms', 'Restaurants', 'Coffee & Tea']",43.6751912,4.5,"['Alcohol: none', ""Ambience: {'romantic': False, 'intimate': False, 'classy': False, 'hipster': False, 'touristy': False, 'trendy': False, 'upscale': False, 'casual': True}"", 'BikeParking: True', 'Caters: False', 'DogsAllowed: False', 'GoodForKids: True', 'HasTV: False', 'NoiseLevel: loud', 'OutdoorSeating: True', 'RestaurantsAttire: casual', 'RestaurantsDelivery: False', 'RestaurantsPriceRange2: 2', 'RestaurantsReservations: False', 'RestaurantsTableService: False', 'RestaurantsTakeOut: True', 'WheelchairAccessible: False', 'WiFi: free', ""GoodForMeal: {'dessert': False, 'latenight': False, 'lunch': False, 'dinner': False, 'breakfast': False, 'brunch': True}"", 'RestaurantsGoodForGroups: False', ""BusinessParking: {'garage': False, 'street': False, 'validated': False, 'lot': False, 'valet': False}""]",-79.3434759,590 Pape Avenue,M4K 3R8,ON,1,UqcCjCbN2SIiAGm9YyaNwg,business
O Fuzion,Montréal,5,"['Monday 15:0-20:0', 'Tuesday 15:0-20:0', 'Wednesday 12:0-20:0', 'Thursday 12:0-21:0', 'Friday 12:0-21:0', 'Saturday 14:30-21:0', 'Sunday 14:30-20:0']",Rosemont-La Petite-Patrie,"['Restaurants', 'Asian Fusion', 'Chinese', 'Thai']",45.550040767,3.0,['RestaurantsDelivery: True'],-73.5829375684,2862 Boulevard Rosemont,H1Y 1L7,QC,1,ZcMRFFuvFt5gH2hdnpyigg,business
Red Hot & Blue,West Homestead,5,,Homestead,"['Barbeque', 'Restaurants']",40.4071242,2.0,"['BusinessAcceptsCreditCards: True', 'RestaurantsAttire: casual', 'RestaurantsDelivery: False', 'RestaurantsPriceRange2: 2', 'RestaurantsTableService: False']",-79.9164495,299 W Bridge St,15120,PA,0,XT16NlJ97M6pFKtN_SOQKQ,business
The Panini People,Phoenix,8,,,"['Food', 'Food Trucks', 'Restaurants', 'Sandwiches']",33.2761422,4.5,"['Alcohol: none', 'BikeParking: False', 'BusinessAcceptsCreditCards: True', 'Caters: True', ""GoodForMeal: {'dessert': False, 'latenight': False, 'lunch': False, 'dinner': False, 'breakfast': False, 'brunch': False}"", 'RestaurantsDelivery: False', 'RestaurantsPriceRange2: 2', 'RestaurantsTakeOut: True']",-112.28609,,85339,AZ,1,QPmeZrxpWkKBV_p8RW_lnA,business
BluBurger Grille,Scottsdale,6,,,"['Burgers', 'Restaurants']",33.7268828,4.5,"['Alcohol: full_bar', 'BusinessAcceptsCreditCards: True', ""BusinessParking: {'garage': False, 'street': False, 'validated': False, 'lot': True, 'valet': False}"", 'GoodForKids: True', ""GoodForMeal: {'dessert': False, 'latenight': False, 'lunch': True, 'dinner': True, 'breakfast': False, 'brunch': False}"", 'OutdoorSeating: True', 'RestaurantsAttire: casual', 'RestaurantsDelivery: False', 'RestaurantsGoodForGroups: True', 'RestaurantsPriceRange2: 2', 'RestaurantsReservations: False', 'RestaurantsTableService: True', 'RestaurantsTakeOut: True', 'WheelchairAccessible: True']",-111.8543179,"The Villages at Pinnacle Peak, 10428 E Jomax Rd, Ste 101",85262,AZ,0,AVokLFkV8Y_QmpQhgdIRTg,business
Sushi Xtra,Toronto,54,"['Monday 12:0-23:0', 'Tuesday 12:0-23:0', 'Wednesday 12:0-23:0', 'Thursday 12:0-23:0', 'Friday 12:0-0:0', 'Saturday 12:0-0:0', 'Sunday 12:0-23:0']",Entertainment District,"['Restaurants', 'Sushi Bars']",43.6487356,3.0,"['Alcohol: beer_and_wine', ""Ambience: {'romantic': False, 'intimate': False, 'classy': False, 'hipster': False, 'touristy': False, 'trendy': False, 'upscale': False, 'casual': True}"", 'BikeParking: True', 'BusinessAcceptsCreditCards: True', ""BusinessParking: {'garage': False, 'street': True, 'validated': False, 'lot': False, 'valet': False}"", 'Caters: True', 'GoodForKids: True', ""GoodForMeal: {'dessert': False, 'latenight': False, 'lunch': True, 'dinner': False, 'breakfast': False, 'brunch': False}"", 'HasTV: True', 'NoiseLevel: quiet', 'OutdoorSeating: False', 'RestaurantsAttire: casual', 'RestaurantsDelivery: True', 'RestaurantsGoodForGroups: True', 'RestaurantsPriceRange2: 2', 'RestaurantsReservations: True', 'RestaurantsTableService: True', 'RestaurantsTakeOut: True', 'WheelchairAccessible: True', 'WiFi: no']",-79.3952314,423 Queen Street West,M5V 2A5,ON,0,LuBj6jfwKsbpKy441wkRlQ,business
Café Maurizio,Montréal,22,"['Monday 9:30-23:0', 'Tuesday 9:30-23:0', 'Wednesday 9:30-23:0', 'Thursday 9:30-1:0', 'Friday 9:30-1:0', 'Saturday 9:30-1:0', 'Sunday 9:30-23:0']",Plateau-Mont-Royal,"['Restaurants', 'Italian']",45.5133458,3.0,"['Alcohol: full_bar', 'BikeParking: True', 'BusinessAcceptsCreditCards: True', ""BusinessParking: {'garage': False, 'street': True, 'validated': False, 'lot': False, 'valet': False}"", 'GoodForKids: True', ""GoodForMeal: {'dessert': False, 'latenight': False, 'lunch': False, 'dinner': False, 'breakfast': False, 'brunch': False}"", 'HasTV: True', 'NoiseLevel: average', 'OutdoorSeating: True', 'RestaurantsAttire: casual', 'RestaurantsDelivery: True', 'RestaurantsGoodForGroups: True', 'RestaurantsPriceRange2: 2', 'RestaurantsReservations: True', 'RestaurantsTableService: True', 'RestaurantsTakeOut: True', 'WiFi: no']",-73.5710262,3509 Boulevard Saint-Laurent,H2X 2T6,QC,1,dj4UB_e5xYF3IMQucIIYsQ,business
Subway,Las Vegas,15,,Southwest,"['Sandwiches', 'Restaurants', 'Fast Food']",36.0554554752,3.0,"['Alcohol: none', ""Ambience: {'romantic': False, 'intimate': False, 'classy': False, 'hipster': False, 'divey': False, 'touristy': False, 'trendy': False, 'upscale': False, 'casual': False}"", 'BikeParking: True', 'BusinessAcceptsCreditCards: True', ""BusinessParking: {'garage': False, 'street': False, 'validated': False, 'lot': False, 'valet': False}"", 'Caters: True', 'DriveThru: False', 'GoodForKids: True', ""GoodForMeal: {'dessert': False, 'latenight': False, 'lunch': False, 'dinner': False, 'breakfast': False, 'brunch': False}"", 'HasTV: False', 'OutdoorSeating: False', 'RestaurantsAttire: casual', 'RestaurantsDelivery: False', 'RestaurantsGoodForGroups: True', 'RestaurantsPriceRange2: 1', 'RestaurantsReservations: False', 'RestaurantsTakeOut: True', 'WiFi: no']",-115.241407124,"7320 S Rainbow Blvd, Ste 105",89139,NV,1,sM43AJF72Lv7RVsy3jEuIg,business
Buccis,Middleburg Heights,10,,,"['Steakhouses', 'Restaurants', 'Italian']",41.3700873,3.0,"['Alcohol: full_bar', ""Ambience: {'romantic': False, 'intimate': False, 'classy': False, 'hipster': False, 'divey': False, 'touristy': False, 'trendy': False, 'upscale': False, 'casual': False}"", 'BikeParking: True', 'BusinessAcceptsCreditCards: True', ""BusinessParking: {'garage': False, 'street': False, 'validated': False, 'lot': False, 'valet': False}"", 'Caters: True', 'GoodForKids: True', ""GoodForMeal: {'dessert': False, 'latenight': False, 'lunch': False, 'dinner': True, 'breakfast': False, 'brunch': False}"", 'HasTV: True', 'NoiseLevel: quiet', 'OutdoorSeating: False', 'RestaurantsAttire: casual', 'RestaurantsDelivery: True', 'RestaurantsGoodForGroups: True', 'RestaurantsPriceRange2: 2', 'RestaurantsReservations: True', 'RestaurantsTableService: True', 'RestaurantsTakeOut: True', 'WheelchairAccessible: True', 'WiFi: free']",-81.8255857,7230 Engle Rd,44130,OH,0,f79mtjCKvrBtd5aEtaMTYQ,business
Matthews' Hibachi Grill,Matthews,4,,Arboretum,"['Restaurants', 'Chinese']",35.1231419,3.0,"['Alcohol: beer_and_wine', ""Ambience: {'romantic': False, 'intimate': False, 'classy': False, 'hipster': False, 'divey': False, 'touristy': False, 'trendy': False, 'upscale': False, 'casual': False}"", 'BusinessAcceptsCreditCards: True', ""BusinessParking: {'garage': False, 'street': False, 'validated': False, 'lot': False, 'valet': False}"", 'Caters: True', 'GoodForKids: True', ""GoodForMeal: {'dessert': False, 'latenight': False, 'lunch': False, 'dinner': False, 'breakfast': False, 'brunch': False}"", 'HasTV: True', 'NoiseLevel: quiet', 'OutdoorSeating: False', 'RestaurantsAttire: casual', 'RestaurantsGoodForGroups: True', 'RestaurantsPriceRange2: 2', 'RestaurantsReservations: False', 'RestaurantsTableService: True', 'RestaurantsTakeOut: True']",-80.7299119,11100-A Monroe Rd,28105,NC,0,CCwBfrC0Y3EJVe6byA1LrQ,business
Sushi Garden,Toronto,15,"['Monday 10:0-22:0', 'Tuesday 10:0-22:0', 'Wednesday 10:0-22:0', 'Thursday 10:0-22:0', 'Friday 10:0-22:0', 'Saturday 10:0-22:0', 'Sunday 10:0-22:0']",Downtown Core,"['Restaurants', 'Sushi Bars']",43.6647862459,3.0,"['Alcohol: none', ""Ambience: {'romantic': False, 'intimate': False, 'classy': False, 'hipster': False, 'touristy': False, 'trendy': False, 'upscale': False, 'casual': False}"", 'BikeParking: True', 'BusinessAcceptsCreditCards: True', ""BusinessParking: {'garage': False, 'street': False, 'validated': False, 'lot': False, 'valet': False}"", 'GoodForKids: True', ""GoodForMeal: {'dessert': False, 'latenight': False, 'lunch': False, 'dinner': False, 'breakfast': False, 'brunch': False}"", 'HasTV: False', 'NoiseLevel: quiet', 'OutdoorSeating: False', 'RestaurantsAttire: casual', 'RestaurantsDelivery: True', 'RestaurantsGoodForGroups: True', 'RestaurantsPriceRange2: 2', 'RestaurantsReservations: True', 'RestaurantsTableService: True', 'RestaurantsTakeOut: True', 'WheelchairAccessible: False', 'WiFi: no']",-79.3848576496,3 Wellesley Street W,M4Y 1E8,ON,1,JuSSgBQMhjJek4GUDzD8IQ,business
L'Express St Zotique,Montréal,6,"['Monday 10:0-19:0', 'Tuesday 10:0-19:0', 'Wednesday 10:0-19:0', 'Thursday 10:0-19:0', 'Friday 10:0-19:0', 'Saturday 10:0-19:0']",Rosemont-La Petite-Patrie,"['Food', 'Sandwiches', 'Restaurants', 'Convenience Stores', 'Juice Bars & Smoothies', 'Salad']",45.5369439,5.0,"['BikeParking: True', 'BusinessAcceptsCreditCards: True', ""BusinessParking: {'garage': False, 'street': True, 'validated': False, 'lot': False, 'valet': False}"", 'GoodForKids: True', 'RestaurantsAttire: casual', 'RestaurantsDelivery: True', 'RestaurantsGoodForGroups: True', 'RestaurantsPriceRange2: 2', 'RestaurantsReservations: False', 'RestaurantsTakeOut: True']",-73.6074006,555 Saint-Zotique Rue Est,H2S 1M2,QC,1,0R8eMs5RATyUEKLUTY_4YQ,business
Nacho Libre,Montréal,38,"['Monday 17:0-1:0', 'Tuesday 17:0-3:0', 'Wednesday 17:0-3:0', 'Thursday 17:0-3:0', 'Friday 17:0-3:0', 'Saturday 17:0-3:0', 'Sunday 17:0-1:0']",Rosemont-La Petite-Patrie,"['Bars', 'Mexican', 'Dive Bars', 'Nightlife', 'Restaurants']",45.5367372,3.5,"['Alcohol: full_bar', ""Ambience: {'romantic': False, 'intimate': False, 'classy': False, 'hipster': False, 'touristy': False, 'trendy': False, 'upscale': False, 'casual': True}"", ""BestNights: {'monday': False, 'tuesday': False, 'friday': False, 'wednesday': False, 'thursday': False, 'sunday': False, 'saturday': False}"", 'BikeParking: True', 'BusinessAcceptsCreditCards: True', ""BusinessParking: {'garage': False, 'street': True, 'validated': False, 'lot': False, 'valet': False}"", 'Caters: False', 'CoatCheck: False', 'GoodForDancing: False', 'GoodForKids: False', ""GoodForMeal: {'dessert': False, 'latenight': True, 'lunch': False, 'dinner': False, 'breakfast': False, 'brunch': False}"", 'HappyHour: False', 'HasTV: True', ""Music: {'dj': True, 'background_music': True, 'no_music': False, 'karaoke': False, 'live': False, 'video': False, 'jukebox': False}"", 'NoiseLevel: loud', 'OutdoorSeating: False', 'RestaurantsAttire: casual', 'RestaurantsDelivery: False', 'RestaurantsGoodForGroups: True', 'RestaurantsPriceRange2: 2', 'RestaurantsReservations: True', 'RestaurantsTableService: True', 'RestaurantsTakeOut: False', 'Smoking: outdoor', 'WiFi: no']",-73.6025263,913 Rue Beaubien E,H2S 2K6,QC,1,P8rCpSJ4uWNE__pypJsgGA,business
Mai Xiang Yuan,Montréal,304,"['Monday 11:0-21:0', 'Tuesday 11:0-21:0', 'Wednesday 11:0-21:0', 'Thursday 11:0-21:0', 'Friday 11:0-21:0', 'Saturday 11:0-21:0', 'Sunday 11:0-21:0']",Ville-Marie,"['Chinese', 'Restaurants']",45.50831,4.0,"['Alcohol: none', ""Ambience: {'romantic': False, 'intimate': False, 'classy': False, 'hipster': False, 'touristy': False, 'trendy': False, 'upscale': False, 'casual': True}"", 'BikeParking: True', 'BusinessAcceptsCreditCards: True', ""BusinessParking: {'garage': False, 'street': True, 'validated': False, 'lot': False, 'valet': False}"", 'Caters: False', 'GoodForKids: True', 'HasTV: False', 'NoiseLevel: average', 'OutdoorSeating: False', 'RestaurantsAttire: casual', 'RestaurantsDelivery: False', 'RestaurantsGoodForGroups: False', 'RestaurantsPriceRange2: 1', 'RestaurantsReservations: False', 'RestaurantsTableService: True', 'RestaurantsTakeOut: True', 'WiFi: no', ""GoodForMeal: {'dessert': False, 'latenight': False, 'lunch': True, 'dinner': True, 'breakfast': False, 'brunch': False}""]",-73.560778,1082 Boulevard Saint-Laurent,H2Z 1J5,QC,1,1uPQTz5XZSWr0ti7kUpaDw,business
Lean Lifestyle,Scottsdale,20,"['Monday 9:0-17:0', 'Tuesday 9:0-17:0', 'Wednesday 9:0-17:0', 'Thursday 9:0-17:0', 'Friday 9:0-17:0']",,"['Food', 'Food Delivery Services', 'Breakfast & Brunch', 'Restaurants']",33.601973,4.0,"['BikeParking: False', 'BusinessAcceptsCreditCards: True', 'RestaurantsPriceRange2: 1', 'RestaurantsTakeOut: True']",-111.88792,,85260,AZ,1,edH8L6RxSfQ78R_51QoDWA,business
Ouzeri,Toronto,122,"['Monday 12:0-22:0', 'Tuesday 12:0-22:0', 'Wednesday 12:0-22:0', 'Thursday 12:0-22:0', 'Friday 12:0-23:0', 'Saturday 12:0-23:0', 'Sunday 12:0-22:0']",The Danforth,"['Greek', 'Mediterranean', 'Restaurants']",43.6782159,3.5,"['Alcohol: full_bar', ""Ambience: {'romantic': False, 'intimate': False, 'classy': False, 'hipster': False, 'touristy': False, 'trendy': False, 'upscale': False, 'casual': True}"", 'BikeParking: True', 'BusinessAcceptsCreditCards: True', ""BusinessParking: {'garage': False, 'street': True, 'validated': False, 'lot': False, 'valet': False}"", 'Caters: True', 'GoodForKids: True', ""GoodForMeal: {'dessert': False, 'latenight': False, 'lunch': False, 'dinner': True, 'breakfast': False, 'brunch': False}"", 'HasTV: True', 'NoiseLevel: average', 'OutdoorSeating: True', 'RestaurantsAttire: casual', 'RestaurantsDelivery: False', 'RestaurantsGoodForGroups: True', 'RestaurantsPriceRange2: 2', 'RestaurantsReservations: True', 'RestaurantsTableService: True', 'RestaurantsTakeOut: True', 'WheelchairAccessible: False', 'WiFi: no']",-79.3488696,500 Danforth Avenue,M4K 1P6,ON,1,bGoGHSWHvhftHMWWxQXYbw,business
Jerusalem,Chandler,11,"['Monday 9:0-21:0', 'Tuesday 9:0-21:0', 'Wednesday 9:0-21:0', 'Thursday 9:0-21:0', 'Friday 9:0-21:0', 'Saturday 9:0-21:0', 'Sunday 10:0-21:0']",,"['Restaurants', 'Middle Eastern']",33.3205369,3.0,"['Alcohol: none', 'BusinessAcceptsCreditCards: True', ""BusinessParking: {'garage': False, 'street': False, 'validated': False, 'lot': False, 'valet': False}"", 'GoodForKids: True', 'HasTV: True', 'NoiseLevel: quiet', 'RestaurantsGoodForGroups: True', 'RestaurantsPriceRange2: 1', 'RestaurantsTableService: True']",-111.8582011,961 W Ray Rd,85225,AZ,0,UmH-4R6MvR2qBvW7AxU7tQ,business
Pho VT,Concord,5,,,"['Restaurants', 'Vietnamese']",43.7826623,4.0,"['Alcohol: full_bar', ""Ambience: {'romantic': False, 'intimate': False, 'classy': False, 'hipster': False, 'touristy': False, 'trendy': False, 'upscale': False, 'casual': False}"", 'BusinessAcceptsCreditCards: True', ""BusinessParking: {'garage': False, 'street': False, 'validated': False, 'lot': False, 'valet': False}"", 'GoodForKids: True', ""GoodForMeal: {'dessert': False, 'latenight': False, 'lunch': False, 'dinner': False, 'breakfast': False, 'brunch': False}"", 'HasTV: False', 'NoiseLevel: average', 'OutdoorSeating: False', 'RestaurantsAttire: casual', 'RestaurantsDelivery: False', 'RestaurantsGoodForGroups: True', 'RestaurantsPriceRange2: 1', 'RestaurantsTableService: True', 'RestaurantsTakeOut: True', 'WiFi: no']",-79.4900102,2100 Steeles Avenue West,L4K 2V1,ON,0,JZtKm3OcAyvtU3jypqx19w,business
Nazca Bar & Grill,Eastlake,51,"['Monday 11:30-22:0', 'Tuesday 17:0-2:30', 'Wednesday 17:0-2:30', 'Thursday 17:0-2:30', 'Friday 17:0-2:30', 'Saturday 17:0-2:30', 'Sunday 11:0-22:0']",,"['Restaurants', 'Peruvian', 'Nightlife', 'Latin American', 'Bars']",41.434188,3.5,"['Alcohol: full_bar', ""Ambience: {'romantic': False, 'intimate': False, 'classy': False, 'hipster': False, 'divey': False, 'touristy': False, 'trendy': False, 'upscale': False, 'casual': True}"", 'BikeParking: False', 'BusinessAcceptsBitcoin: False', 'BusinessAcceptsCreditCards: True', ""BusinessParking: {'garage': False, 'street': False, 'validated': False, 'lot': True, 'valet': False}"", 'Caters: True', 'DogsAllowed: False', 'GoodForKids: True', ""GoodForMeal: {'dessert': False, 'latenight': False, 'lunch': False, 'dinner': True, 'breakfast': False, 'brunch': False}"", 'HasTV: True', 'NoiseLevel: average', 'OutdoorSeating: False', 'RestaurantsAttire: casual', 'RestaurantsDelivery: False', 'RestaurantsGoodForGroups: True', 'RestaurantsPriceRange2: 2', 'RestaurantsReservations: True', 'RestaurantsTableService: True', 'RestaurantsTakeOut: True', 'WheelchairAccessible: True', 'WiFi: free']",-81.498748,35700 Lakeland Blvd,44095,OH,1,J_h3PRl7_6xmOy2C7dvs-Q,business
Furama Cake and Desserts Garden,Toronto,32,,Alexandra Park,"['Bakeries', 'Restaurants', 'Food', 'Chinese']",43.6516252,3.0,"['Alcohol: none', ""Ambience: {'romantic': False, 'intimate': False, 'classy': False, 'hipster': False, 'touristy': False, 'trendy': False, 'upscale': False, 'casual': False}"", 'BikeParking: True', 'BusinessAcceptsCreditCards: False', ""BusinessParking: {'garage': False, 'street': False, 'validated': False, 'lot': False, 'valet': False}"", 'ByAppointmentOnly: False', 'Caters: False', 'GoodForKids: True', ""GoodForMeal: {'dessert': False, 'latenight': False, 'lunch': False, 'dinner': False, 'breakfast': False, 'brunch': False}"", 'HasTV: False', 'NoiseLevel: average', 'OutdoorSeating: False', 'RestaurantsAttire: casual', 'RestaurantsDelivery: False', 'RestaurantsGoodForGroups: False', 'RestaurantsPriceRange2: 1', 'RestaurantsReservations: False', 'RestaurantsTableService: False', 'RestaurantsTakeOut: True', 'WiFi: no']",-79.3977707,248 Spadina Avenue,M5T,ON,1,9OD0pQ0QYa_7dO-LbOBFZQ,business
Fiesta Chips & Salsa,Las Vegas,38,"['Monday 11:0-22:0', 'Tuesday 11:0-22:0', 'Wednesday 11:0-22:0', 'Thursday 11:0-22:0', 'Friday 11:0-22:0', 'Saturday 9:0-22:0', 'Sunday 9:0-22:0']",,"['Mexican', 'Restaurants']",36.1915723,3.0,"['Alcohol: full_bar', ""Ambience: {'romantic': False, 'intimate': False, 'classy': False, 'hipster': False, 'divey': False, 'touristy': False, 'trendy': False, 'upscale': False, 'casual': True}"", 'BikeParking: True', 'BusinessAcceptsCreditCards: True', ""BusinessParking: {'garage': False, 'street': False, 'validated': False, 'lot': True, 'valet': False}"", 'Caters: True', 'GoodForKids: True', ""GoodForMeal: {'dessert': False, 'latenight': False, 'lunch': True, 'dinner': False, 'breakfast': False, 'brunch': False}"", 'HasTV: True', 'NoiseLevel: average', 'OutdoorSeating: True', 'RestaurantsAttire: casual', 'RestaurantsDelivery: False', 'RestaurantsGoodForGroups: True', 'RestaurantsPriceRange2: 2', 'RestaurantsReservations: False', 'RestaurantsTableService: True', 'RestaurantsTakeOut: True', 'WiFi: no']",-115.2593102,1780 N Buffalo Dr,89128,NV,0,BmyRJmbVm4jGlkXg4ncLJQ,business
Sirna's Cafe,Bedford,4,,,"['Restaurants', 'American (Traditional)']",41.389636,4.0,"['Alcohol: full_bar', ""Ambience: {'romantic': False, 'intimate': False, 'classy': False, 'hipster': False, 'divey': False, 'touristy': False, 'trendy': False, 'upscale': False, 'casual': False}"", 'BikeParking: True', 'BusinessAcceptsCreditCards: True', ""BusinessParking: {'garage': False, 'street': False, 'validated': False, 'lot': False, 'valet': False}"", 'GoodForKids: True', ""GoodForMeal: {'dessert': False, 'latenight': False, 'lunch': False, 'dinner': False, 'breakfast': False, 'brunch': False}"", 'HasTV: True', 'NoiseLevel: average', 'OutdoorSeating: False', 'RestaurantsAttire: casual', 'RestaurantsDelivery: False', 'RestaurantsGoodForGroups: True', 'RestaurantsPriceRange2: 2', 'RestaurantsReservations: False', 'RestaurantsTableService: True', 'RestaurantsTakeOut: True', 'WiFi: no']",-81.532559,795 Broadway Ave,44146,OH,1,yo1g2aXjBL_7FNo1jctKfQ,business
Subway,Phoenix,3,,,"['Restaurants', 'Fast Food', 'Sandwiches']",33.5555964,2.5,"['BikeParking: False', 'BusinessAcceptsCreditCards: True', 'Caters: True', 'DriveThru: False', 'GoodForKids: True', 'HasTV: False', 'NoiseLevel: quiet', 'OutdoorSeating: False', 'RestaurantsAttire: casual', 'RestaurantsDelivery: False', 'RestaurantsGoodForGroups: True', 'RestaurantsPriceRange2: 1', 'RestaurantsReservations: False', 'RestaurantsTakeOut: True']",-112.133732,8129 N 35th Avenue,85051,AZ,1,GRR61NwIkgpzPjQVjx5LAA,business
Sage,Las Vegas,917,"['Monday 17:30-22:30', 'Tuesday 17:30-22:30', 'Wednesday 17:30-22:30', 'Thursday 17:30-22:30', 'Friday 17:30-22:30', 'Saturday 17:30-22:30', 'Sunday 18:0-22:30']",The Strip,"['Mediterranean', 'Restaurants', 'American (New)']",36.1081923221,4.0,"['Alcohol: full_bar', ""Ambience: {'romantic': False, 'intimate': False, 'classy': True, 'hipster': False, 'divey': False, 'touristy': False, 'trendy': False, 'upscale': False, 'casual': False}"", 'BikeParking: False', 'BusinessAcceptsCreditCards: True', ""BusinessParking: {'garage': True, 'street': False, 'validated': False, 'lot': False, 'valet': True}"", 'Caters: False', 'GoodForKids: False', ""GoodForMeal: {'dessert': False, 'latenight': False, 'lunch': False, 'dinner': True, 'breakfast': False, 'brunch': False}"", 'HasTV: False', 'NoiseLevel: average', 'OutdoorSeating: False', 'RestaurantsAttire: dressy', 'RestaurantsDelivery: False', 'RestaurantsGoodForGroups: True', 'RestaurantsPriceRange2: 4', 'RestaurantsReservations: True', 'RestaurantsTableService: True', 'RestaurantsTakeOut: False', 'WheelchairAccessible: True', 'WiFi: no']",-115.176013461,3732 Las Vegas Blvd S,89109,NV,1,f9sU31meK0bqAD7922sCog,business
Drugstore Cafe,Las Vegas,148,"['Monday 0:0-0:0', 'Tuesday 0:0-0:0', 'Wednesday 0:0-0:0', 'Thursday 0:0-0:0', 'Friday 0:0-0:0', 'Saturday 0:0-0:0', 'Sunday 0:0-0:0']",The Strip,"['Restaurants', 'Desserts', 'Coffee & Tea', 'Food', 'Sandwiches', 'Delis', 'Cafes']",36.1265953,3.5,"['Alcohol: none', ""Ambience: {'romantic': False, 'intimate': False, 'classy': False, 'hipster': False, 'divey': False, 'touristy': False, 'trendy': False, 'upscale': False, 'casual': True}"", 'BYOB: False', 'BYOBCorkage: no', 'BikeParking: False', 'BusinessAcceptsCreditCards: True', ""BusinessParking: {'garage': True, 'street': False, 'validated': False, 'lot': False, 'valet': False}"", 'Caters: False', 'GoodForKids: True', ""GoodForMeal: {'dessert': False, 'latenight': False, 'lunch': False, 'dinner': False, 'breakfast': True, 'brunch': False}"", 'HasTV: False', 'NoiseLevel: average', 'OutdoorSeating: False', 'RestaurantsAttire: casual', 'RestaurantsDelivery: False', 'RestaurantsGoodForGroups: True', 'RestaurantsPriceRange2: 2', 'RestaurantsReservations: False', 'RestaurantsTableService: False', 'RestaurantsTakeOut: True', 'WheelchairAccessible: True', 'WiFi: no']",-115.1653652,3131 Las Vegas Blvd S,89109,NV,1,Do4n_yK_K6DmR9_Es5qwlA,business
Tom Colicchio's Craftsteak,Las Vegas,1915,"['Monday 17:0-22:0', 'Tuesday 17:0-22:0', 'Wednesday 17:0-22:0', 'Thursday 17:0-22:0', 'Friday 17:0-22:30', 'Saturday 17:0-22:30', 'Sunday 17:0-22:0']",The Strip,"['Steakhouses', 'Restaurants', 'Cheesesteaks', 'Food', 'American (New)', 'Desserts']",36.102918,4.0,"['Alcohol: full_bar', ""Ambience: {'romantic': False, 'intimate': False, 'classy': True, 'hipster': False, 'divey': False, 'touristy': False, 'trendy': False, 'upscale': False, 'casual': False}"", 'BYOB: False', 'BYOBCorkage: no', 'BikeParking: False', 'BusinessAcceptsBitcoin: False', 'BusinessAcceptsCreditCards: True', ""BusinessParking: {'garage': True, 'street': False, 'validated': False, 'lot': False, 'valet': True}"", 'Caters: False', 'Corkage: False', 'DogsAllowed: False', 'GoodForKids: False', ""GoodForMeal: {'dessert': False, 'latenight': False, 'lunch': False, 'dinner': True, 'breakfast': False, 'brunch': False}"", 'HasTV: True', 'NoiseLevel: average', 'Open24Hours: False', 'OutdoorSeating: False', 'RestaurantsAttire: dressy', 'RestaurantsDelivery: False', 'RestaurantsGoodForGroups: True', 'RestaurantsPriceRange2: 4', 'RestaurantsReservations: True', 'RestaurantsTableService: True', 'RestaurantsTakeOut: True', 'WheelchairAccessible: True', 'WiFi: free']",-115.169751,3799 Las Vegas Blvd S,89109,NV,1,xkVMIk_Vqh17f48ZQ_6b0w,business
Asian Star Buffet,Mesa,37,,,"['Restaurants', 'Asian Fusion', 'Sushi Bars']",33.3934084,3.0,"['Alcohol: none', ""Ambience: {'romantic': False, 'intimate': False, 'classy': False, 'hipster': False, 'divey': False, 'touristy': False, 'trendy': False, 'upscale': False, 'casual': True}"", 'BikeParking: True', 'BusinessAcceptsCreditCards: True', ""BusinessParking: {'garage': False, 'street': False, 'validated': False, 'lot': True, 'valet': False}"", 'Caters: False', 'GoodForKids: True', 'HasTV: True', 'OutdoorSeating: False', 'RestaurantsAttire: casual', 'RestaurantsDelivery: False', 'RestaurantsGoodForGroups: True', 'RestaurantsPriceRange2: 2', 'RestaurantsReservations: False', 'RestaurantsTableService: True', 'RestaurantsTakeOut: True', 'WiFi: no', 'NoiseLevel: average', ""GoodForMeal: {'dessert': False, 'latenight': False, 'lunch': True, 'dinner': True, 'breakfast': False, 'brunch': False}""]",-111.7014499,6005 E Southern Ave,85206,AZ,1,sAN_1jFisdABjadmlDV_zA,business
BLK Live,Scottsdale,42,"['Monday 11:0-22:0', 'Tuesday 11:0-22:0', 'Wednesday 11:0-22:0', 'Thursday 11:0-22:0', 'Friday 11:0-2:0', 'Saturday 11:0-2:0', 'Sunday 11:0-22:0']",,"['Restaurants', 'American (New)', 'Food', 'Nightlife', 'Burgers', 'Wine Bars', 'Desserts', 'Bars', 'Arts & Entertainment', 'Music Venues']",33.6222352,4.0,"['Alcohol: full_bar', ""Ambience: {'romantic': False, 'intimate': False, 'classy': False, 'hipster': False, 'divey': False, 'touristy': False, 'trendy': False, 'upscale': False, 'casual': False}"", 'BikeParking: True', 'BusinessAcceptsCreditCards: True', ""BusinessParking: {'garage': False, 'street': False, 'validated': False, 'lot': False, 'valet': False}"", 'Caters: False', 'DriveThru: False', 'GoodForKids: False', ""GoodForMeal: {'dessert': False, 'latenight': False, 'lunch': False, 'dinner': False, 'breakfast': False, 'brunch': False}"", 'HappyHour: True', 'HasTV: True', 'NoiseLevel: average', 'OutdoorSeating: True', 'RestaurantsAttire: casual', 'RestaurantsDelivery: False', 'RestaurantsGoodForGroups: True', 'RestaurantsPriceRange2: 2', 'RestaurantsReservations: True', 'RestaurantsTableService: True', 'RestaurantsTakeOut: True', 'Smoking: yes', 'WheelchairAccessible: True', 'WiFi: free', 'GoodForDancing: True']",-111.9217332,7301 E Butherus Dr,85260,AZ,1,VF4KH9JVolOeo2XojphthQ,business
Ginza of Tokyo,Madison,7,,Bluff Acres,"['Restaurants', 'Japanese']",43.133354,2.5,"['Alcohol: full_bar', 'BusinessAcceptsCreditCards: True', ""BusinessParking: {'garage': False, 'street': False, 'validated': False, 'lot': True, 'valet': False}"", 'GoodForKids: False', ""GoodForMeal: {'dessert': False, 'latenight': False, 'lunch': False, 'dinner': True, 'breakfast': False, 'brunch': False}"", 'OutdoorSeating: False', 'RestaurantsAttire: casual', 'RestaurantsDelivery: False', 'RestaurantsGoodForGroups: True', 'RestaurantsPriceRange2: 2', 'RestaurantsReservations: True', 'RestaurantsTableService: True', 'RestaurantsTakeOut: True', 'WheelchairAccessible: True', 'WiFi: no']",-89.302295,4802 E Washington Ave,53704,WI,0,1qVF1_pSuk88hrTek6bPeg,business
Comino's Pizza,Whitby,21,"['Monday 11:0-22:0', 'Tuesday 11:0-22:0', 'Wednesday 11:0-22:0', 'Thursday 11:0-22:0', 'Friday 11:0-0:0', 'Saturday 11:0-0:0', 'Sunday 11:0-22:0']",,"['Pizza', 'Restaurants']",43.8890874387,4.5,"[""Ambience: {'romantic': False, 'intimate': False, 'classy': False, 'hipster': False, 'touristy': False, 'trendy': False, 'upscale': False, 'casual': False}"", 'BusinessAcceptsCreditCards: True', 'Caters: True', 'GoodForKids: True', ""GoodForMeal: {'dessert': False, 'latenight': False, 'lunch': False, 'dinner': False, 'breakfast': False, 'brunch': False}"", 'RestaurantsAttire: casual', 'RestaurantsGoodForGroups: True', 'RestaurantsPriceRange2: 2', 'RestaurantsTakeOut: True', 'WheelchairAccessible: True']",-78.9026924992,1910 Dundas Street E,L1N,ON,1,Rju2ynRaZPS-eY-cUKQxYg,business
Food Court at Fashion Show Mall,Las Vegas,35,,The Strip,"['Food Court', 'Restaurants', 'Food']",36.1272241,2.5,"[""Ambience: {'romantic': False, 'intimate': False, 'classy': False, 'hipster': False, 'divey': False, 'touristy': False, 'trendy': False, 'upscale': False, 'casual': False}"", 'BikeParking: True', 'BusinessAcceptsCreditCards: True', ""BusinessParking: {'garage': True, 'street': False, 'validated': False, 'lot': False, 'valet': False}"", 'GoodForKids: True', ""GoodForMeal: {'dessert': False, 'latenight': False, 'lunch': False, 'dinner': False, 'breakfast': False, 'brunch': False}"", 'HasTV: False', 'OutdoorSeating: True', 'RestaurantsAttire: casual', 'RestaurantsDelivery: False', 'RestaurantsGoodForGroups: True', 'RestaurantsPriceRange2: 2', 'RestaurantsReservations: False', 'RestaurantsTakeOut: True', 'WheelchairAccessible: True']",-115.1715512,3200 S Las Vegas Blvd,89109,NV,1,mgc8BmE6Tdt4MVOy6siZoA,business
Nook Café,Las Vegas,63,"['Monday 6:0-0:0', 'Tuesday 6:0-0:0', 'Wednesday 6:0-0:0', 'Thursday 6:0-0:0', 'Friday 0:0-0:0', 'Saturday 0:0-0:0', 'Sunday 0:0-0:0']",The Strip,"['Cafes', 'Coffee & Tea', 'Food', 'Breakfast & Brunch', 'Restaurants']",36.1181654,3.5,"['Alcohol: none', ""Ambience: {'romantic': False, 'intimate': False, 'classy': False, 'hipster': False, 'divey': True, 'touristy': False, 'trendy': False, 'upscale': False, 'casual': False}"", 'BikeParking: False', 'BusinessAcceptsCreditCards: True', ""BusinessParking: {'garage': False, 'street': False, 'validated': False, 'lot': False, 'valet': False}"", 'Caters: False', 'GoodForKids: True', ""GoodForMeal: {'dessert': False, 'latenight': True, 'lunch': True, 'dinner': False, 'breakfast': True, 'brunch': False}"", 'HasTV: False', 'NoiseLevel: average', 'OutdoorSeating: False', 'RestaurantsAttire: casual', 'RestaurantsDelivery: False', 'RestaurantsGoodForGroups: True', 'RestaurantsPriceRange2: 1', 'RestaurantsReservations: False', 'RestaurantsTableService: False', 'RestaurantsTakeOut: True', 'WiFi: no']",-115.1706363,"The Linq Hotel And Casino, 3535 S Las Vegas Blvd",89109,NV,1,Uux8P1ruzjPTQgOeYx68rg,business
Island Flavor,Las Vegas,4,"['Monday 11:0-21:0', 'Tuesday 11:0-21:0', 'Wednesday 11:0-21:0', 'Thursday 11:0-21:0', 'Friday 11:0-22:0', 'Saturday 11:0-22:0']",The Strip,"['Hawaiian', 'Italian', 'Restaurants']",36.1067305,4.0,"['BikeParking: True', 'BusinessAcceptsCreditCards: True', 'GoodForKids: True', ""GoodForMeal: {'dessert': False, 'latenight': False, 'lunch': False, 'dinner': False, 'breakfast': False, 'brunch': False}"", 'OutdoorSeating: False', 'RestaurantsAttire: casual', 'RestaurantsDelivery: False', 'RestaurantsGoodForGroups: True', 'RestaurantsPriceRange2: 1', 'RestaurantsReservations: False', 'RestaurantsTakeOut: True']",-115.1719754,3743 S Las Vegas Blvd,89109,NV,0,BvV9SSaQhC4fvpC3XyQjjA,business
McDonalds,Berea,4,,,"['Restaurants', 'Food Court']",41.3725024,4.0,"['Alcohol: none', ""Ambience: {'romantic': False, 'intimate': False, 'classy': False, 'hipster': False, 'divey': False, 'touristy': False, 'trendy': False, 'upscale': False, 'casual': False}"", 'BikeParking: True', 'BusinessAcceptsCreditCards: True', ""BusinessParking: {'garage': False, 'street': False, 'validated': False, 'lot': False, 'valet': False}"", 'Caters: False', 'GoodForKids: True', ""GoodForMeal: {'dessert': False, 'latenight': False, 'lunch': False, 'dinner': False, 'breakfast': False, 'brunch': False}"", 'HasTV: True', 'NoiseLevel: loud', 'OutdoorSeating: False', 'RestaurantsAttire: casual', 'RestaurantsDelivery: False', 'RestaurantsGoodForGroups: True', 'RestaurantsPriceRange2: 1', 'RestaurantsReservations: False', 'RestaurantsTableService: False', 'RestaurantsTakeOut: True', 'WiFi: free']",-81.8668282,386 W Bagley Rd,44017,OH,1,wiFgQgYPCSdoPtYDfW7gDQ,business
T's Fat Parrot,Charlotte,3,,,"['Restaurants', 'American (Traditional)']",35.335627,4.5,"['Alcohol: full_bar', ""Ambience: {'romantic': False, 'intimate': False, 'classy': False, 'hipster': False, 'divey': False, 'touristy': False, 'trendy': False, 'upscale': False, 'casual': False}"", 'BikeParking: True', 'BusinessAcceptsCreditCards: True', ""BusinessParking: {'garage': False, 'street': False, 'validated': False, 'lot': False, 'valet': False}"", 'Caters: False', 'GoodForKids: False', 'HasTV: True', 'NoiseLevel: average', 'OutdoorSeating: True', 'RestaurantsAttire: casual', 'RestaurantsDelivery: False', 'RestaurantsGoodForGroups: True', 'RestaurantsPriceRange2: 1', 'RestaurantsReservations: False', 'RestaurantsTableService: False', 'RestaurantsTakeOut: False', 'WiFi: free']",-80.922953,5416 Mount Holly Huntersville Rd,28263,NC,1,TYe7fuJ3DO1MZZyZJOjwZg,business
Monterrey,Charlotte,53,,,"['Mexican', 'Restaurants']",35.089838,3.5,"['Alcohol: full_bar', ""Ambience: {'romantic': False, 'intimate': False, 'classy': False, 'hipster': False, 'divey': False, 'touristy': False, 'trendy': False, 'upscale': False, 'casual': True}"", 'BusinessAcceptsCreditCards: True', ""BusinessParking: {'garage': False, 'street': False, 'validated': False, 'lot': True, 'valet': False}"", 'Caters: False', 'GoodForKids: True', 'HasTV: True', 'NoiseLevel: average', 'OutdoorSeating: False', 'RestaurantsAttire: casual', 'RestaurantsDelivery: False', 'RestaurantsGoodForGroups: True', 'RestaurantsPriceRange2: 1', 'RestaurantsReservations: False', 'RestaurantsTableService: True', 'RestaurantsTakeOut: True', 'WiFi: no', ""GoodForMeal: {'dessert': False, 'latenight': False, 'lunch': True, 'dinner': True, 'breakfast': False, 'brunch': False}"", 'BikeParking: True']",-80.868412,"10707 Park Rd, Ste A",28210,NC,1,MV9fUwgI2AQa4uZArynRlA,business
Spicy Bite,Edinburgh,5,"['Monday 17:0-0:0', 'Tuesday 17:0-0:0', 'Wednesday 17:0-0:0', 'Thursday 17:0-0:0', 'Friday 17:0-0:0', 'Saturday 17:0-0:0', 'Sunday 17:0-0:0']",,"['Fast Food', 'Halal', 'Pizza', 'Restaurants']",55.9405447,3.5,"[""Ambience: {'romantic': False, 'intimate': False, 'classy': False, 'hipster': False, 'touristy': False, 'trendy': False, 'upscale': False, 'casual': False}"", 'BikeParking: False', ""BusinessParking: {'garage': False, 'street': False, 'lot': False, 'valet': False}"", 'DriveThru: False', 'GoodForKids: True', ""GoodForMeal: {'dessert': False, 'latenight': False, 'lunch': False, 'dinner': False, 'breakfast': False, 'brunch': False}"", 'HasTV: False', 'NoiseLevel: average', 'OutdoorSeating: False', 'RestaurantsAttire: casual', 'RestaurantsGoodForGroups: False', 'RestaurantsPriceRange2: 1', 'RestaurantsReservations: False', 'RestaurantsTableService: False', 'RestaurantsTakeOut: True', 'WiFi: no']",-3.2175696,119 Dundee Street,EH11 1AX,EDH,1,raixiox15brAXfTUbg1YBw,business
Beverly on Main,Scottdale,98,"['Monday 16:0-0:0', 'Tuesday 16:0-0:0', 'Wednesday 16:0-0:0', 'Thursday 16:0-0:0', 'Friday 16:0-2:0', 'Saturday 16:0-2:0']",,"['American (New)', 'Restaurants', 'Cocktail Bars', 'Nightlife', 'Bars']",33.49328,4.0,"['Alcohol: full_bar', ""Ambience: {'romantic': False, 'intimate': False, 'classy': False, 'hipster': False, 'divey': False, 'touristy': False, 'trendy': True, 'upscale': False, 'casual': False}"", ""BestNights: {'monday': False, 'tuesday': False, 'friday': True, 'wednesday': False, 'thursday': True, 'sunday': False, 'saturday': True}"", 'BikeParking: True', 'BusinessAcceptsCreditCards: True', ""BusinessParking: {'garage': False, 'street': True, 'validated': False, 'lot': False, 'valet': False}"", 'Caters: False', 'CoatCheck: False', 'GoodForDancing: False', 'GoodForKids: False', 'HappyHour: True', 'HasTV: True', ""Music: {'dj': False, 'background_music': False, 'no_music': False, 'karaoke': False, 'live': False, 'video': False, 'jukebox': False}"", 'NoiseLevel: average', 'OutdoorSeating: True', 'RestaurantsAttire: casual', 'RestaurantsDelivery: False', 'RestaurantsGoodForGroups: True', 'RestaurantsPriceRange2: 2', 'RestaurantsReservations: True', 'RestaurantsTableService: True', 'RestaurantsTakeOut: False', 'Smoking: outdoor', 'WheelchairAccessible: True', 'WiFi: free', ""GoodForMeal: {'dessert': True, 'latenight': True, 'lunch': False, 'dinner': False, 'breakfast': False, 'brunch': False}""]",-111.929765,7018 E Main St,85251,AZ,1,JvHv4HDT7sU7rMYyDzJuMQ,business
El Patron Mexican Grill,Sun Prairie,33,,,"['Mexican', 'Restaurants']",43.1793095,3.0,"['Alcohol: full_bar', ""Ambience: {'romantic': False, 'intimate': False, 'classy': False, 'hipster': False, 'divey': False, 'touristy': False, 'trendy': False, 'upscale': False, 'casual': True}"", 'BikeParking: True', 'BusinessAcceptsCreditCards: True', ""BusinessParking: {'garage': False, 'street': False, 'validated': False, 'lot': True, 'valet': False}"", 'GoodForKids: True', ""GoodForMeal: {'dessert': False, 'latenight': False, 'lunch': True, 'dinner': True, 'breakfast': False, 'brunch': False}"", 'HasTV: True', 'NoiseLevel: average', 'OutdoorSeating: True', 'RestaurantsAttire: casual', 'RestaurantsDelivery: False', 'RestaurantsGoodForGroups: True', 'RestaurantsPriceRange2: 2', 'RestaurantsReservations: True', 'RestaurantsTableService: True', 'RestaurantsTakeOut: True', 'WiFi: no']",-89.2351404,1303 W Main St,53590,WI,1,gsCOklDm1pbx3Tzo3W-mtw,business
Bert's Brooklyn Deli,Cleveland,3,,Old Brooklyn,"['Restaurants', 'Delis', 'Sandwiches']",41.44023,3.5,"['Alcohol: none', ""BusinessParking: {'garage': False, 'street': False, 'validated': False, 'lot': False, 'valet': False}"", ""GoodForMeal: {'dessert': False, 'latenight': False, 'lunch': False, 'dinner': False, 'breakfast': False, 'brunch': False}"", 'RestaurantsAttire: casual', 'RestaurantsPriceRange2: 1', 'RestaurantsReservations: False', 'RestaurantsTableService: False', 'RestaurantsTakeOut: True']",-81.729324,6102 Memphis Ave,44144,OH,0,3XCW8Z56FFcHyEDa4nLHEw,business
Eddy's Deli & Restaurant,Stow,17,"['Monday 7:0-21:0', 'Tuesday 7:0-21:0', 'Wednesday 7:0-21:0', 'Thursday 7:0-21:0', 'Friday 7:0-22:0', 'Saturday 7:0-21:0', 'Sunday 7:0-20:0']",,"['American (Traditional)', 'Restaurants']",41.1550349,2.5,"['Alcohol: none', ""Ambience: {'romantic': False, 'intimate': False, 'classy': False, 'hipster': False, 'divey': False, 'touristy': False, 'trendy': False, 'upscale': False, 'casual': True}"", 'BikeParking: True', 'BusinessAcceptsCreditCards: True', ""BusinessParking: {'garage': False, 'street': False, 'validated': False, 'lot': True, 'valet': False}"", 'Caters: False', 'GoodForKids: True', ""GoodForMeal: {'dessert': False, 'latenight': False, 'lunch': True, 'dinner': False, 'breakfast': False, 'brunch': False}"", 'HasTV: False', 'NoiseLevel: quiet', 'OutdoorSeating: False', 'RestaurantsAttire: casual', 'RestaurantsDelivery: False', 'RestaurantsGoodForGroups: True', 'RestaurantsPriceRange2: 1', 'RestaurantsReservations: False', 'RestaurantsTableService: True', 'RestaurantsTakeOut: True', 'WiFi: free']",-81.3965888,4581 Kent Rd,44224,OH,1,Qkz-2BNQVSKL7gpyPijhJA,business
Peace -N- Hominy Q Shack,Belmont,168,"['Monday 11:0-20:0', 'Tuesday 11:0-20:0', 'Wednesday 11:0-20:0', 'Thursday 11:0-20:0', 'Friday 11:0-21:0', 'Saturday 7:0-21:0', 'Sunday 7:0-15:0']",,"['Home & Garden', 'Burgers', 'Appliances', 'Restaurants', 'Shopping', 'American (Traditional)', 'Barbeque', 'Breakfast & Brunch', 'Southern', 'Hot Dogs']",35.243139855,4.5,"['Alcohol: beer_and_wine', ""Ambience: {'romantic': False, 'intimate': False, 'classy': False, 'hipster': False, 'divey': False, 'touristy': False, 'trendy': False, 'upscale': False, 'casual': True}"", 'BikeParking: True', 'BusinessAcceptsBitcoin: False', 'BusinessAcceptsCreditCards: True', ""BusinessParking: {'garage': False, 'street': True, 'validated': False, 'lot': True, 'valet': False}"", 'Caters: True', 'DogsAllowed: True', 'DriveThru: False', 'GoodForKids: True', 'HasTV: True', 'NoiseLevel: average', 'OutdoorSeating: True', 'RestaurantsAttire: casual', 'RestaurantsDelivery: False', 'RestaurantsGoodForGroups: True', 'RestaurantsPriceRange2: 1', 'RestaurantsReservations: False', 'RestaurantsTableService: False', 'RestaurantsTakeOut: True', 'WheelchairAccessible: True', 'WiFi: free', ""GoodForMeal: {'dessert': False, 'latenight': False, 'lunch': True, 'dinner': True, 'breakfast': False, 'brunch': False}""]",-81.0284845728,"403 E Catawba St, Ste 200",28012,NC,1,z2Yivr-C0K0H2sLNXvnZyg,business
Heights Soulfood & Grille,Cleveland Heights,3,,,"['Specialty Food', 'Southern', 'Soul Food', 'Food', 'Restaurants', 'Ethnic Food']",41.5010152689,3.5,"['Alcohol: none', ""Ambience: {'romantic': False, 'intimate': False, 'classy': False, 'hipster': False, 'divey': False, 'touristy': False, 'trendy': False, 'upscale': False, 'casual': False}"", 'BikeParking: True', 'BusinessAcceptsCreditCards: True', ""BusinessParking: {'garage': False, 'street': False, 'validated': False, 'lot': False, 'valet': False}"", 'Caters: True', 'GoodForKids: True', ""GoodForMeal: {'dessert': False, 'latenight': False, 'lunch': False, 'dinner': False, 'breakfast': False, 'brunch': False}"", 'HasTV: True', 'NoiseLevel: quiet', 'OutdoorSeating: False', 'RestaurantsAttire: casual', 'RestaurantsDelivery: True', 'RestaurantsGoodForGroups: False', 'RestaurantsPriceRange2: 1', 'RestaurantsReservations: True', 'RestaurantsTableService: False', 'RestaurantsTakeOut: True', 'WiFi: free']",-81.565641202,13187 Cedar Rd,44118,OH,0,wJgLNCFtLESBavqa6m9ZIw,business
Granada Bar and Grill,Scottsdale,5,"['Monday 11:0-23:0', 'Tuesday 11:0-23:0', 'Wednesday 11:0-23:0', 'Thursday 11:0-23:0', 'Friday 11:0-23:0', 'Saturday 11:0-23:0', 'Sunday 11:0-22:0']",,"['Restaurants', 'Sports Bars', 'Nightlife', 'Bars', 'American (Traditional)']",33.5100592,3.5,"[""Ambience: {'romantic': False, 'intimate': False, 'classy': False, 'hipster': False, 'divey': False, 'touristy': False, 'trendy': False, 'upscale': False, 'casual': False}"", 'BikeParking: False', 'BusinessAcceptsCreditCards: True', 'GoodForKids: False', ""GoodForMeal: {'dessert': False, 'latenight': False, 'lunch': False, 'dinner': False, 'breakfast': False, 'brunch': False}"", 'RestaurantsAttire: casual', 'RestaurantsDelivery: False', 'RestaurantsGoodForGroups: True', 'RestaurantsPriceRange2: 2', 'RestaurantsTakeOut: True']",-111.9255918,5001 N Scottsdale Rd,85250,AZ,1,eXbvy7uAzJRQoDRg1FAT1A,business
Mirada Restaurant et Bar,Saint-Laurent,3,,Saint-Laurent,"['Restaurants', 'Food', 'Italian']",45.4960942789,1.5,"['BusinessAcceptsCreditCards: True', ""BusinessParking: {'garage': False, 'street': False, 'validated': False, 'lot': False, 'valet': False}"", 'RestaurantsPriceRange2: 2']",-73.7048411175,3310 Boulevard de la Cote-Vertu,H4R 1P8,QC,0,ceE1sOintaNd1Nz4G4BzhQ,business
Momo Sushi,Boulder City,21,"['Tuesday 16:0-21:30', 'Wednesday 16:0-21:30', 'Thursday 16:0-21:30', 'Friday 16:0-22:0', 'Saturday 16:0-22:0', 'Sunday 16:0-21:0']",,"['Sushi Bars', 'Restaurants']",35.9770560135,5.0,"['Alcohol: beer_and_wine', ""Ambience: {'romantic': False, 'intimate': False, 'classy': False, 'hipster': False, 'divey': False, 'touristy': False, 'trendy': False, 'upscale': False, 'casual': False}"", 'BikeParking: True', 'BusinessAcceptsCreditCards: True', ""BusinessParking: {'garage': False, 'street': False, 'validated': False, 'lot': False, 'valet': False}"", 'Caters: False', 'GoodForKids: True', ""GoodForMeal: {'dessert': False, 'latenight': False, 'lunch': False, 'dinner': False, 'breakfast': False, 'brunch': False}"", 'HasTV: True', 'OutdoorSeating: True', 'RestaurantsAttire: casual', 'RestaurantsDelivery: False', 'RestaurantsGoodForGroups: True', 'RestaurantsPriceRange2: 2', 'RestaurantsReservations: True', 'RestaurantsTableService: True', 'RestaurantsTakeOut: True', 'NoiseLevel: quiet']",-114.836214446,561 Hotel Plz,89005,NV,1,GFlbBbpmC830wrIR6k5bIQ,business
Chada Thai,Toronto,13,"['Tuesday 11:30-22:0', 'Wednesday 11:30-22:0', 'Thursday 11:30-22:0', 'Friday 11:30-23:0', 'Saturday 11:30-23:0', 'Sunday 11:30-22:0']",The Beach,"['Restaurants', 'Active Life', 'Beaches', 'Seafood', 'Thai']",43.6694204,4.0,"['Alcohol: full_bar', ""Ambience: {'romantic': False, 'intimate': False, 'classy': False, 'hipster': False, 'touristy': False, 'trendy': False, 'upscale': False, 'casual': True}"", 'BikeParking: True', 'BusinessAcceptsCreditCards: True', ""BusinessParking: {'garage': False, 'street': True, 'validated': False, 'lot': False, 'valet': False}"", 'Caters: True', 'DogsAllowed: False', 'GoodForKids: True', ""GoodForMeal: {'dessert': False, 'latenight': False, 'lunch': True, 'dinner': True, 'breakfast': False, 'brunch': False}"", 'HasTV: False', 'NoiseLevel: average', 'OutdoorSeating: True', 'RestaurantsAttire: casual', 'RestaurantsDelivery: True', 'RestaurantsGoodForGroups: True', 'RestaurantsPriceRange2: 2', 'RestaurantsReservations: True', 'RestaurantsTableService: True', 'RestaurantsTakeOut: True', 'WheelchairAccessible: True', 'WiFi: free']",-79.3022232,1955 Queen Street E,M4L 1H7,ON,0,E7zuWvHH3XoVKJE8yEGIyw,business
Le Contemporain,Montréal,3,,Ville-Marie,"['Restaurants', 'French', 'Modern European']",45.507828,4.0,"['Alcohol: full_bar', 'BusinessAcceptsCreditCards: True', 'RestaurantsTakeOut: False', 'WiFi: no']",-73.56679,185 rue Sainte-Catherine Ouest,H3B 1B1,QC,0,H6I3LfdM4-kGXBfqnN3wkw,business
Mâche!,Montréal,92,"['Monday 11:30-22:0', 'Tuesday 11:30-22:0', 'Wednesday 11:30-22:0', 'Thursday 11:30-23:0', 'Friday 11:30-23:0', 'Saturday 11:30-23:0', 'Sunday 11:30-22:0']",Ville-Marie,"['Canadian (New)', 'American (Traditional)', 'Restaurants', 'Poutineries']",45.5151368,4.0,"['Alcohol: beer_and_wine', ""Ambience: {'romantic': False, 'intimate': False, 'classy': False, 'hipster': False, 'touristy': False, 'trendy': False, 'upscale': False, 'casual': False}"", 'BikeParking: True', 'BusinessAcceptsCreditCards: True', ""BusinessParking: {'garage': False, 'street': True, 'validated': False, 'lot': False, 'valet': False}"", 'Caters: False', 'GoodForKids: True', ""GoodForMeal: {'dessert': False, 'latenight': False, 'lunch': True, 'dinner': True, 'breakfast': False, 'brunch': False}"", 'HasTV: True', 'NoiseLevel: average', 'OutdoorSeating: True', 'RestaurantsAttire: casual', 'RestaurantsDelivery: False', 'RestaurantsGoodForGroups: True', 'RestaurantsPriceRange2: 2', 'RestaurantsReservations: False', 'RestaurantsTableService: True', 'RestaurantsTakeOut: True', 'WiFi: free']",-73.563507,1655 Rue St-Denis,H2X 3K4,QC,1,j0YMfO-cJhOXGDBSfv3FXg,business
Fired Pie,Tempe,30,"['Monday 11:0-21:0', 'Tuesday 11:0-21:0', 'Wednesday 11:0-21:0', 'Thursday 11:0-21:0', 'Friday 11:0-22:0', 'Saturday 11:0-22:0', 'Sunday 11:0-21:0']",,"['Pizza', 'Salad', 'Restaurants']",33.4221752,4.0,"['Alcohol: beer_and_wine', ""Ambience: {'romantic': False, 'intimate': False, 'classy': False, 'hipster': False, 'divey': False, 'touristy': False, 'trendy': False, 'upscale': False, 'casual': True}"", 'BikeParking: True', 'BusinessAcceptsCreditCards: True', ""BusinessParking: {'garage': False, 'street': False, 'validated': False, 'lot': False, 'valet': False}"", 'Caters: True', 'GoodForKids: True', ""GoodForMeal: {'dessert': False, 'latenight': False, 'lunch': True, 'dinner': True, 'breakfast': False, 'brunch': False}"", 'HasTV: False', 'NoiseLevel: average', 'OutdoorSeating: True', 'RestaurantsAttire: casual', 'RestaurantsDelivery: False', 'RestaurantsGoodForGroups: True', 'RestaurantsPriceRange2: 1', 'RestaurantsReservations: False', 'RestaurantsTableService: False', 'RestaurantsTakeOut: True', 'WiFi: free']",-111.945369,414 W University Dr,85281,AZ,1,iNbAht5CVY4KH_cympbHMA,business
California Pizza Kitchen,Tempe,123,"['Monday 10:30-22:0', 'Tuesday 10:30-22:0', 'Wednesday 10:30-22:0', 'Thursday 10:30-22:0', 'Friday 10:30-23:0', 'Saturday 11:0-23:0', 'Sunday 11:0-22:0']",,"['American (New)', 'Pizza', 'Restaurants', 'American (Traditional)']",33.4324152,3.5,"['Alcohol: full_bar', ""Ambience: {'romantic': False, 'intimate': False, 'classy': False, 'hipster': False, 'divey': False, 'touristy': False, 'trendy': False, 'upscale': False, 'casual': True}"", 'BikeParking: True', 'BusinessAcceptsCreditCards: True', ""BusinessParking: {'garage': False, 'street': False, 'validated': False, 'lot': True, 'valet': False}"", 'Caters: True', 'GoodForKids: True', ""GoodForMeal: {'dessert': False, 'latenight': False, 'lunch': True, 'dinner': True, 'breakfast': False, 'brunch': False}"", 'HasTV: True', 'NoiseLevel: average', 'OutdoorSeating: True', 'RestaurantsAttire: casual', 'RestaurantsDelivery: False', 'RestaurantsGoodForGroups: True', 'RestaurantsPriceRange2: 2', 'RestaurantsReservations: True', 'RestaurantsTableService: True', 'RestaurantsTakeOut: True', 'WheelchairAccessible: True', 'WiFi: free']",-111.9052063,"2000 E Rio Salado Pkwy, Ste 1253",85281,AZ,1,uwDyxK92ae5kNjeZE8uCgA,business
Muse Asian Cuisine & Lounge,Las Vegas,14,"['Monday 19:0-4:0', 'Tuesday 19:0-4:0', 'Wednesday 19:0-4:0', 'Thursday 19:0-4:0', 'Friday 13:0-4:0', 'Saturday 13:0-4:0', 'Sunday 13:0-3:0']",Chinatown,"['Karaoke', 'Coffee & Tea', 'Bars', 'Restaurants', 'Lounges', 'Asian Fusion', 'Nightlife', 'Food', 'Cafes']",36.1260441832,3.5,"['Alcohol: full_bar', ""Ambience: {'romantic': False, 'intimate': False, 'classy': False, 'hipster': False, 'divey': False, 'touristy': False, 'trendy': False, 'upscale': False, 'casual': False}"", 'BikeParking: True', 'BusinessAcceptsBitcoin: False', 'BusinessAcceptsCreditCards: True', ""BusinessParking: {'garage': False, 'street': False, 'validated': False, 'lot': True, 'valet': False}"", 'Caters: False', 'CoatCheck: False', 'DogsAllowed: False', 'GoodForDancing: True', 'GoodForKids: False', ""GoodForMeal: {'dessert': False, 'latenight': False, 'lunch': False, 'dinner': False, 'breakfast': False, 'brunch': False}"", 'HappyHour: True', 'HasTV: True', ""Music: {'dj': False, 'background_music': False, 'no_music': False, 'karaoke': True, 'live': False, 'video': False, 'jukebox': False}"", 'NoiseLevel: quiet', 'OutdoorSeating: False', 'RestaurantsAttire: casual', 'RestaurantsDelivery: False', 'RestaurantsGoodForGroups: True', 'RestaurantsPriceRange2: 2', 'RestaurantsReservations: True', 'RestaurantsTableService: True', 'RestaurantsTakeOut: True', 'Smoking: outdoor', 'WheelchairAccessible: True', 'WiFi: free']",-115.211447937,"5115 W Spring Mountain Rd, Ste 107",89146,NV,0,w_A1qFeQ3vOl7o4kdBxPXA,business
Dumpling King,Las Vegas,120,"['Monday 11:0-0:0', 'Tuesday 11:0-22:0', 'Wednesday 11:0-22:0', 'Thursday 11:0-22:0', 'Friday 11:0-22:0', 'Saturday 11:0-22:0', 'Sunday 11:0-22:0']",Chinatown,"['Restaurants', 'Szechuan', 'Chinese', 'Halal', 'Dim Sum']",36.1260788,3.5,"['Alcohol: none', ""Ambience: {'romantic': False, 'intimate': False, 'classy': False, 'hipster': False, 'divey': True, 'touristy': False, 'trendy': False, 'upscale': False, 'casual': False}"", 'BikeParking: False', 'BusinessAcceptsBitcoin: False', 'BusinessAcceptsCreditCards: True', ""BusinessParking: {'garage': False, 'street': False, 'validated': False, 'lot': True, 'valet': False}"", 'Caters: True', 'GoodForKids: True', ""GoodForMeal: {'dessert': False, 'latenight': False, 'lunch': True, 'dinner': False, 'breakfast': False, 'brunch': False}"", 'HasTV: True', 'NoiseLevel: average', 'OutdoorSeating: False', 'RestaurantsAttire: casual', 'RestaurantsDelivery: False', 'RestaurantsGoodForGroups: True', 'RestaurantsPriceRange2: 2', 'RestaurantsReservations: True', 'RestaurantsTableService: True', 'RestaurantsTakeOut: True', 'WheelchairAccessible: True', 'WiFi: no']",-115.2198304,5740 Spring Mountain Rd,89146,NV,0,XlUuMGMvkzy_QLAUTEe-fw,business
Traditional Fish & Chips,Mississauga,12,"['Monday 11:0-21:0', 'Tuesday 11:0-21:0', 'Wednesday 11:0-21:0', 'Thursday 11:0-21:0', 'Friday 11:0-22:0', 'Saturday 12:0-21:0', 'Sunday 12:0-20:0']",Streetsville,"['Restaurants', 'Fish & Chips']",43.5887291,3.0,"['Alcohol: none', ""Ambience: {'romantic': False, 'intimate': False, 'classy': False, 'hipster': False, 'touristy': False, 'trendy': False, 'upscale': False, 'casual': False}"", 'BusinessAcceptsCreditCards: True', ""BusinessParking: {'garage': False, 'street': False, 'validated': False, 'lot': False, 'valet': False}"", 'GoodForKids: True', ""GoodForMeal: {'dessert': False, 'latenight': False, 'lunch': False, 'dinner': False, 'breakfast': False, 'brunch': False}"", 'HasTV: False', 'NoiseLevel: quiet', 'OutdoorSeating: False', 'RestaurantsAttire: casual', 'RestaurantsDelivery: False', 'RestaurantsGoodForGroups: False', 'RestaurantsPriceRange2: 1', 'RestaurantsReservations: False', 'RestaurantsTableService: False', 'RestaurantsTakeOut: True', 'WiFi: no']",-79.7230689,17 Queen Street N,L5N 1A1,ON,1,_wbYPgEUdyvroTXn-cPDww,business
Restaurant Esszimmer,Fellbach,15,"['Tuesday 11:30-15:0', 'Tuesday 18:0-23:0', 'Wednesday 11:30-15:0', 'Wednesday 18:0-23:0', 'Thursday 11:30-15:0', 'Thursday 18:0-23:0', 'Friday 10:30-15:0', 'Friday 18:0-23:0', 'Saturday 10:30-15:0', 'Saturday 18:0-23:0', 'Sunday 10:0-14:30']",,"['German', 'Restaurants']",48.8083381,4.0,"['Alcohol: beer_and_wine', 'BikeParking: False', 'BusinessAcceptsBitcoin: False', 'BusinessAcceptsCreditCards: True', 'Caters: True', 'DogsAllowed: True', 'GoodForKids: False', ""GoodForMeal: {'dessert': False, 'latenight': False, 'lunch': False, 'dinner': False, 'breakfast': False, 'brunch': False}"", 'HasTV: False', 'OutdoorSeating: True', 'RestaurantsAttire: dressy', 'RestaurantsDelivery: False', 'RestaurantsGoodForGroups: True', 'RestaurantsPriceRange2: 2', 'RestaurantsReservations: True', 'RestaurantsTableService: True', 'RestaurantsTakeOut: False', 'WheelchairAccessible: True']",9.2767637,Marktplatz 6,70734,BW,1,zi_WnPFLbytB3h52AnG-yA,business
Red Mango,Toronto,13,,,"['Chinese', 'Thai', 'Restaurants']",43.7555859,3.5,"['BusinessAcceptsCreditCards: True', ""BusinessParking: {'garage': False, 'street': False, 'validated': False, 'lot': False, 'valet': False}"", 'RestaurantsAttire: casual', 'RestaurantsDelivery: True', 'RestaurantsGoodForGroups: True', 'RestaurantsPriceRange2: 2', 'RestaurantsReservations: False', 'RestaurantsTakeOut: True']",-79.3521203,5 Lesmill Road,M3B 2S9,ON,1,SXAXzOwp0I2wiA1V3iMtbg,business
Hero Certified Burgers - King & Bathurst,Toronto,9,"['Monday 11:0-23:0', 'Tuesday 11:0-23:0', 'Wednesday 11:0-23:0', 'Thursday 11:0-23:0', 'Friday 11:0-3:0', 'Saturday 11:0-3:0', 'Sunday 11:0-23:0']",Niagara,"['Restaurants', 'Burgers']",43.6438197,2.5,"['Alcohol: none', ""Ambience: {'romantic': False, 'intimate': False, 'classy': False, 'hipster': False, 'touristy': False, 'trendy': False, 'upscale': False, 'casual': False}"", 'BikeParking: True', 'BusinessAcceptsCreditCards: True', ""BusinessParking: {'garage': False, 'street': True, 'validated': False, 'lot': False, 'valet': False}"", 'Caters: True', 'DriveThru: False', 'GoodForKids: True', ""GoodForMeal: {'dessert': False, 'latenight': False, 'lunch': False, 'dinner': False, 'breakfast': False, 'brunch': False}"", 'HasTV: True', 'NoiseLevel: average', 'OutdoorSeating: False', 'RestaurantsAttire: casual', 'RestaurantsDelivery: True', 'RestaurantsGoodForGroups: True', 'RestaurantsPriceRange2: 2', 'RestaurantsReservations: False', 'RestaurantsTableService: False', 'RestaurantsTakeOut: True', 'WiFi: no']",-79.4041983,"720 King Street W, Suite 150",M5V 2T3,ON,0,M8sRqVmRXeikXYt2J2MyuQ,business
Dooby's Grill Cafe,Mesa,14,"['Monday 11:0-20:0', 'Tuesday 11:0-21:0', 'Wednesday 11:0-21:0', 'Thursday 11:0-21:0', 'Friday 11:0-21:0', 'Saturday 11:0-21:0']",,"['Restaurants', 'Mediterranean']",33.3624072,3.5,"['Alcohol: beer_and_wine', 'BusinessAcceptsCreditCards: True', ""BusinessParking: {'garage': False, 'street': False, 'validated': False, 'lot': False, 'valet': False}"", ""DietaryRestrictions: {'dairy-free': False, 'gluten-free': False, 'vegan': False, 'kosher': False, 'halal': True, 'soy-free': False, 'vegetarian': False}"", 'GoodForKids: False', ""GoodForMeal: {'dessert': False, 'latenight': False, 'lunch': True, 'dinner': True, 'breakfast': False, 'brunch': False}"", 'OutdoorSeating: False', 'RestaurantsAttire: casual', 'RestaurantsDelivery: False', 'RestaurantsGoodForGroups: True', 'RestaurantsPriceRange2: 2', 'RestaurantsReservations: False', 'RestaurantsTableService: True', 'RestaurantsTakeOut: True', 'WheelchairAccessible: True']",-111.8763611,2909 S Dobson Rd,85202,AZ,0,R-XlTnuAH4E53QUgFPJAkg,business
Hibachi Grill & Supreme Buffet,Phoenix,18,"['Monday 10:30-21:30', 'Tuesday 10:30-21:30', 'Wednesday 10:30-21:30', 'Thursday 10:30-21:30', 'Friday 10:30-21:30', 'Saturday 10:30-21:30', 'Sunday 10:30-21:30']",,"['Restaurants', 'Buffets']",33.487608,3.0,"['Alcohol: none', ""Ambience: {'romantic': False, 'intimate': False, 'classy': False, 'hipster': False, 'divey': False, 'touristy': False, 'trendy': False, 'upscale': False, 'casual': True}"", 'BusinessAcceptsCreditCards: True', ""BusinessParking: {'garage': False, 'street': False, 'validated': False, 'lot': True, 'valet': False}"", 'Caters: False', 'GoodForKids: True', ""GoodForMeal: {'dessert': False, 'latenight': False, 'lunch': True, 'dinner': True, 'breakfast': False, 'brunch': False}"", 'HasTV: False', 'NoiseLevel: average', 'OutdoorSeating: False', 'RestaurantsAttire: casual', 'RestaurantsDelivery: False', 'RestaurantsGoodForGroups: True', 'RestaurantsPriceRange2: 2', 'RestaurantsReservations: False', 'RestaurantsTableService: True', 'RestaurantsTakeOut: True', 'WiFi: free']",-112.082516,620 W Osborn Rd,85013,AZ,0,C14bjKs2rJhRDnKu7ZSSIg,business
Taqueria Castillo,Phoenix,5,"['Tuesday 17:0-2:0', 'Wednesday 17:0-2:0', 'Thursday 17:0-2:0', 'Friday 17:0-2:0', 'Saturday 17:0-2:0', 'Sunday 17:0-2:0']",,"['Food Trucks', 'Street Vendors', 'Mexican', 'Restaurants', 'Food']",33.5090867856,5.0,"['BikeParking: False', 'BusinessAcceptsCreditCards: True', ""BusinessParking: {'garage': False, 'street': False, 'validated': False, 'lot': False, 'valet': False}"", 'GoodForKids: True', 'HasTV: True', 'RestaurantsAttire: casual', 'RestaurantsDelivery: False', 'RestaurantsGoodForGroups: True', 'RestaurantsPriceRange2: 3', 'RestaurantsReservations: False', 'RestaurantsTakeOut: True']",-112.149417755,4217 W Camelback Rd,85019,AZ,0,fwNr_6LawnOGByoh97t2qg,business
House of Vino,Las Vegas,34,"['Monday 9:0-21:0', 'Tuesday 9:0-21:0', 'Wednesday 9:0-21:0', 'Thursday 9:0-21:0', 'Friday 9:0-21:0', 'Saturday 9:0-21:0', 'Sunday 9:0-21:0']",Centennial,"['Restaurants', 'Beer', 'Wine & Spirits', 'Delis', 'Food', 'Grocery']",36.3076324,3.5,"['Alcohol: full_bar', ""Ambience: {'romantic': False, 'intimate': False, 'classy': False, 'hipster': False, 'divey': False, 'touristy': False, 'trendy': False, 'upscale': False, 'casual': True}"", 'BikeParking: True', 'BusinessAcceptsBitcoin: False', 'BusinessAcceptsCreditCards: True', ""BusinessParking: {'garage': False, 'street': False, 'validated': False, 'lot': True, 'valet': False}"", 'Caters: False', 'DogsAllowed: False', 'GoodForKids: True', ""GoodForMeal: {'dessert': False, 'latenight': False, 'lunch': True, 'dinner': False, 'breakfast': False, 'brunch': False}"", 'HasTV: True', 'NoiseLevel: average', 'OutdoorSeating: True', 'RestaurantsAttire: casual', 'RestaurantsDelivery: False', 'RestaurantsGoodForGroups: False', 'RestaurantsPriceRange2: 2', 'RestaurantsReservations: False', 'RestaurantsTableService: False', 'RestaurantsTakeOut: True', 'WheelchairAccessible: True', 'WiFi: no']",-115.2785988,"8053 N Durango Dr, Ste 160",89131,NV,0,n8XlV8E3BUBBF1gCe6mvEg,business
Jacobs Eatery,Newmarket,6,,,"['Restaurants', 'American (Traditional)']",44.0402502,2.0,"['Alcohol: full_bar', ""Ambience: {'romantic': False, 'intimate': False, 'classy': False, 'hipster': False, 'touristy': False, 'trendy': False, 'upscale': False, 'casual': False}"", 'BusinessAcceptsCreditCards: True', ""BusinessParking: {'garage': False, 'street': False, 'validated': False, 'lot': False, 'valet': False}"", 'Caters: True', 'GoodForKids: True', ""GoodForMeal: {'dessert': False, 'latenight': False, 'lunch': False, 'dinner': False, 'breakfast': False, 'brunch': False}"", 'HasTV: True', 'NoiseLevel: average', 'RestaurantsAttire: casual', 'RestaurantsDelivery: False', 'RestaurantsGoodForGroups: True', 'RestaurantsPriceRange2: 2', 'RestaurantsReservations: True', 'RestaurantsTableService: True', 'RestaurantsTakeOut: True', 'WiFi: free']",-79.4528828,16700 Bayview Avenue,L3X 1W1,ON,0,_a4hH59CVCDgMc2MwMtEHg,business
Springs Cafe by Wolfgang Puck,Las Vegas,23,"['Monday 11:0-15:0', 'Tuesday 11:0-15:0', 'Wednesday 11:0-15:0', 'Thursday 11:0-15:0', 'Friday 11:0-15:0', 'Saturday 11:0-18:0', 'Sunday 11:0-18:0']",Westside,"['Restaurants', 'American (New)']",36.1680995,2.5,"['Alcohol: beer_and_wine', 'BusinessAcceptsCreditCards: True', ""BusinessParking: {'garage': False, 'street': False, 'validated': False, 'lot': True, 'valet': False}"", 'GoodForKids: True', ""GoodForMeal: {'dessert': False, 'latenight': False, 'lunch': True, 'dinner': False, 'breakfast': False, 'brunch': False}"", 'OutdoorSeating: True', 'RestaurantsAttire: casual', 'RestaurantsDelivery: False', 'RestaurantsGoodForGroups: True', 'RestaurantsPriceRange2: 2', 'RestaurantsReservations: False', 'RestaurantsTableService: False', 'RestaurantsTakeOut: True', 'WheelchairAccessible: True']",-115.1922304,333 S Valley View Blvd,89107,NV,0,2BbFeotL85cIaBjSq1SWiA,business
Pink Taco,Las Vegas,841,"['Monday 11:0-22:0', 'Tuesday 11:0-22:0', 'Wednesday 11:0-22:0', 'Thursday 11:0-22:0', 'Friday 11:0-0:0', 'Saturday 11:0-0:0', 'Sunday 11:0-22:0']",Eastside,"['Mexican', 'Restaurants']",36.1100828,3.5,"['Alcohol: full_bar', ""Ambience: {'romantic': False, 'intimate': False, 'classy': False, 'hipster': False, 'divey': False, 'touristy': False, 'trendy': False, 'upscale': False, 'casual': True}"", 'BYOB: False', 'BYOBCorkage: no', 'BikeParking: False', 'BusinessAcceptsCreditCards: True', ""BusinessParking: {'garage': True, 'street': False, 'validated': False, 'lot': False, 'valet': False}"", 'Caters: False', 'GoodForKids: False', ""GoodForMeal: {'dessert': False, 'latenight': False, 'lunch': True, 'dinner': True, 'breakfast': False, 'brunch': False}"", 'HasTV: True', 'NoiseLevel: loud', 'OutdoorSeating: True', 'RestaurantsAttire: casual', 'RestaurantsCounterService: True', 'RestaurantsDelivery: False', 'RestaurantsGoodForGroups: True', 'RestaurantsPriceRange2: 2', 'RestaurantsReservations: True', 'RestaurantsTableService: True', 'RestaurantsTakeOut: True', 'WheelchairAccessible: True', 'WiFi: no']",-115.1538714,"Hard Rock Hotel & Casino, 4455 Paradise Rd",89169,NV,1,d4qwVw4PcN-_2mK2o1Ro1g,business
Maharaja Vegetarian Street Food,Markham,12,"['Monday 10:30-22:0', 'Tuesday 10:30-22:0', 'Wednesday 10:30-22:0', 'Thursday 10:30-22:0', 'Friday 10:30-23:0', 'Saturday 10:30-23:0', 'Sunday 11:0-22:0']",,"['Restaurants', 'Vegetarian', 'Indian']",43.8553051,3.5,"['Alcohol: none', ""Ambience: {'romantic': False, 'intimate': False, 'classy': False, 'hipster': False, 'touristy': False, 'trendy': False, 'upscale': False, 'casual': False}"", 'BikeParking: False', 'BusinessAcceptsCreditCards: True', ""BusinessParking: {'garage': False, 'street': False, 'validated': False, 'lot': False, 'valet': False}"", 'GoodForKids: True', ""GoodForMeal: {'dessert': False, 'latenight': False, 'lunch': False, 'dinner': False, 'breakfast': False, 'brunch': False}"", 'HasTV: True', 'NoiseLevel: average', 'OutdoorSeating: False', 'RestaurantsAttire: casual', 'RestaurantsDelivery: False', 'RestaurantsGoodForGroups: True', 'RestaurantsPriceRange2: 1', 'RestaurantsReservations: False', 'RestaurantsTableService: True', 'RestaurantsTakeOut: True', 'WiFi: no']",-79.2569666,"6001 14th Avenue, Unit B-8",L3S 0A2,ON,1,Vu_BoGOSL70odzqCBr_vIg,business
Popeyes,Maple Heights,3,,,"['Chicken Wings', 'Restaurants', 'Fast Food']",41.4109217,2.0,"['BusinessAcceptsCreditCards: True', 'Caters: False', 'GoodForKids: False', 'OutdoorSeating: False', 'RestaurantsDelivery: False', 'RestaurantsReservations: False', 'RestaurantsTakeOut: True', 'WheelchairAccessible: False']",-81.5369088,5581 Warrensville Center Rd,44137,OH,1,YEl2auKIbh2W9dUtFft-qA,business
Cold Beers & Cheeseburgers,Gilbert,24,"['Monday 11:0-0:0', 'Tuesday 11:0-0:0', 'Wednesday 11:0-0:0', 'Thursday 11:0-0:0', 'Friday 11:0-13:0', 'Saturday 11:0-13:0', 'Sunday 11:0-0:0']",,"['Restaurants', 'Nightlife', 'Sandwiches', 'American (Traditional)', 'Salad', 'Bars', 'Burgers']",33.2667706,3.0,"['GoodForKids: True', 'HappyHour: True', 'RestaurantsTakeOut: True', 'BusinessAcceptsCreditCards: True', 'RestaurantsGoodForGroups: True', 'RestaurantsPriceRange2: 2', ""Ambience: {'romantic': False, 'intimate': False, 'classy': False, 'hipster': False, 'divey': False, 'touristy': False, 'trendy': False, 'upscale': False, 'casual': False}"", 'RestaurantsAttire: casual', 'RestaurantsDelivery: False', 'RestaurantsReservations: False', 'DriveThru: False', ""GoodForMeal: {'dessert': False, 'latenight': False, 'lunch': False, 'dinner': False, 'breakfast': False, 'brunch': False}"", 'OutdoorSeating: True', 'GoodForDancing: False', 'BikeParking: True', 'HasTV: True']",-111.7220739,"4604 S Higley Rd, Ste 103",85297,AZ,1,1O0JT3O8TCULYhu-AIziwg,business
Robo Duck Truck,Las Vegas,6,,Downtown,"['Food', 'Restaurants', 'Food Trucks', 'Asian Fusion']",36.16014,4.5,"[""Ambience: {'romantic': False, 'intimate': False, 'classy': False, 'hipster': False, 'divey': False, 'touristy': False, 'trendy': False, 'upscale': False, 'casual': False}"", 'BusinessAcceptsBitcoin: False', 'BusinessAcceptsCreditCards: True', ""BusinessParking: {'garage': False, 'street': True, 'validated': False, 'lot': False, 'valet': False}"", 'Caters: True', ""GoodForMeal: {'dessert': False, 'latenight': False, 'lunch': False, 'dinner': False, 'breakfast': False, 'brunch': False}"", 'RestaurantsAttire: casual', 'RestaurantsDelivery: False', 'RestaurantsGoodForGroups: True', 'RestaurantsPriceRange2: 1', 'RestaurantsTakeOut: True']",-115.108375,29 N 30th St,89101,NV,1,OdkdPXjzrSvx5XW2t4pS2A,business
Mel's Diner,Boulder City,68,"['Monday 7:0-15:0', 'Tuesday 7:0-15:0', 'Wednesday 7:0-15:0', 'Thursday 7:0-15:0', 'Friday 7:0-15:0', 'Saturday 7:0-15:0', 'Sunday 7:0-15:0']",,"['Restaurants', 'Diners']",35.9770536,4.0,"['Alcohol: none', ""Ambience: {'romantic': False, 'intimate': False, 'classy': False, 'hipster': False, 'divey': False, 'touristy': False, 'trendy': False, 'upscale': False, 'casual': True}"", 'BusinessAcceptsCreditCards: True', ""BusinessParking: {'garage': False, 'street': True, 'validated': False, 'lot': False, 'valet': False}"", 'GoodForKids: True', ""GoodForMeal: {'dessert': False, 'latenight': False, 'lunch': False, 'dinner': False, 'breakfast': True, 'brunch': False}"", 'HasTV: False', 'NoiseLevel: average', 'OutdoorSeating: True', 'RestaurantsAttire: casual', 'RestaurantsDelivery: False', 'RestaurantsGoodForGroups: False', 'RestaurantsPriceRange2: 1', 'RestaurantsReservations: False', 'RestaurantsTableService: True', 'RestaurantsTakeOut: True', 'WheelchairAccessible: False', 'WiFi: no']",-114.8382915,558 Nevada Hwy,89005,NV,0,Hv1l2caeF_A6Fahgg5DHDg,business
Rocky's Pizza,Cleveland,14,,,"['Pizza', 'Restaurants']",41.395885,3.5,"['Alcohol: full_bar', ""Ambience: {'romantic': False, 'intimate': False, 'classy': False, 'hipster': False, 'divey': False, 'touristy': False, 'trendy': False, 'upscale': False, 'casual': False}"", 'BikeParking: False', 'BusinessAcceptsCreditCards: True', ""BusinessParking: {'garage': False, 'street': False, 'validated': False, 'lot': False, 'valet': False}"", 'GoodForKids: True', ""GoodForMeal: {'dessert': False, 'latenight': False, 'lunch': False, 'dinner': False, 'breakfast': False, 'brunch': False}"", 'HasTV: False', 'NoiseLevel: average', 'OutdoorSeating: False', 'RestaurantsAttire: casual', 'RestaurantsDelivery: True', 'RestaurantsGoodForGroups: True', 'RestaurantsPriceRange2: 2', 'RestaurantsReservations: False', 'RestaurantsTableService: True', 'RestaurantsTakeOut: True', 'WiFi: no']",-81.6880278,6168 Broadview Rd,44134,OH,1,dcytjy24XmYrLtjTjgyEZA,business
Mommy Fish & Chips,Lachine,8,"['Monday 11:0-20:0', 'Tuesday 11:0-20:0', 'Wednesday 11:0-20:0', 'Thursday 11:0-21:0', 'Friday 11:0-21:0', 'Saturday 11:0-20:0']",Lachine,"['British', 'Seafood', 'Restaurants', 'Burgers']",45.4344463,3.0,"['Alcohol: beer_and_wine', 'BikeParking: True', 'BusinessAcceptsCreditCards: True', 'GoodForKids: True', ""GoodForMeal: {'dessert': False, 'latenight': False, 'lunch': False, 'dinner': False, 'breakfast': False, 'brunch': False}"", 'HasTV: True', 'OutdoorSeating: False', 'RestaurantsAttire: casual', 'RestaurantsDelivery: True', 'RestaurantsGoodForGroups: True', 'RestaurantsPriceRange2: 2', 'RestaurantsReservations: True', 'RestaurantsTakeOut: True', 'WiFi: no']",-73.6915286,3135 Rue Notre-Dame,H8S 2H4,QC,1,xjU8vYVxatyAASNR4Ybifw,business
La Frita Pizzeria,Montréal,5,"['Monday 11:0-0:0', 'Tuesday 11:0-0:0', 'Wednesday 11:0-0:0', 'Thursday 11:0-0:0', 'Friday 11:0-2:0', 'Saturday 11:0-2:0', 'Sunday 11:0-0:0']",Sud-Ouest,"['Pizza', 'Restaurants']",45.4709416,4.0,"['Alcohol: none', ""Ambience: {'romantic': False, 'intimate': False, 'classy': False, 'hipster': False, 'touristy': False, 'trendy': False, 'upscale': False, 'casual': False}"", 'BikeParking: False', 'BusinessAcceptsCreditCards: True', ""BusinessParking: {'garage': False, 'street': False, 'validated': False, 'lot': False, 'valet': False}"", 'Caters: False', 'GoodForKids: True', ""GoodForMeal: {'dessert': False, 'latenight': False, 'lunch': False, 'dinner': False, 'breakfast': False, 'brunch': False}"", 'HasTV: False', 'NoiseLevel: average', 'OutdoorSeating: False', 'RestaurantsAttire: casual', 'RestaurantsDelivery: True', 'RestaurantsGoodForGroups: True', 'RestaurantsPriceRange2: 2', 'RestaurantsReservations: False', 'RestaurantsTableService: True', 'RestaurantsTakeOut: True', 'WiFi: no']",-73.5906046,4909 Notre-Dame Rue W,H4C 1S9,QC,1,tqggxLtA05nrOxmIxKfrXQ,business
Bâton Rouge Steakhouse & Bar,Markham,84,"['Monday 11:0-23:0', 'Tuesday 11:0-23:0', 'Wednesday 11:0-23:0', 'Thursday 11:0-23:0', 'Friday 11:0-0:0', 'Saturday 11:0-0:0', 'Sunday 11:0-22:0']",,"['Seafood', 'Gluten-Free', 'Restaurants', 'Steakhouses']",43.8435304,3.5,"['Alcohol: full_bar', ""Ambience: {'romantic': False, 'intimate': False, 'classy': False, 'hipster': False, 'touristy': False, 'trendy': False, 'upscale': False, 'casual': True}"", 'BikeParking: True', 'BusinessAcceptsCreditCards: True', ""BusinessParking: {'garage': False, 'street': False, 'validated': False, 'lot': True, 'valet': False}"", 'Caters: False', 'GoodForKids: True', ""GoodForMeal: {'dessert': False, 'latenight': False, 'lunch': False, 'dinner': True, 'breakfast': False, 'brunch': False}"", 'HasTV: True', 'NoiseLevel: average', 'OutdoorSeating: False', 'RestaurantsAttire: casual', 'RestaurantsDelivery: False', 'RestaurantsGoodForGroups: True', 'RestaurantsPriceRange2: 2', 'RestaurantsReservations: True', 'RestaurantsTableService: True', 'RestaurantsTakeOut: True', 'WheelchairAccessible: True', 'WiFi: no']",-79.3767323,230 Commerce Valley Drive E,L3T 7Y3,ON,1,gpn9-HR48SA4iS1PqF4bIw,business
Cafe de Khan,Mississauga,17,,East Credit,"['Restaurants', 'Pakistani']",43.6094809,3.5,"['Alcohol: none', ""Ambience: {'romantic': False, 'intimate': False, 'classy': False, 'hipster': False, 'touristy': False, 'trendy': False, 'upscale': False, 'casual': True}"", 'BikeParking: True', 'BusinessAcceptsCreditCards: True', ""BusinessParking: {'garage': False, 'street': False, 'validated': False, 'lot': True, 'valet': False}"", 'Caters: True', 'GoodForKids: True', ""GoodForMeal: {'dessert': False, 'latenight': False, 'lunch': False, 'dinner': True, 'breakfast': False, 'brunch': False}"", 'HasTV: False', 'NoiseLevel: average', 'OutdoorSeating: False', 'RestaurantsAttire: casual', 'RestaurantsDelivery: False', 'RestaurantsGoodForGroups: True', 'RestaurantsPriceRange2: 2', 'RestaurantsReservations: True', 'RestaurantsTableService: True', 'RestaurantsTakeOut: True', 'WheelchairAccessible: False', 'WiFi: no']",-79.6963442,812 Brittania Road W,L5V,ON,0,656iajmxqJU2JvMeUbNkXg,business
Cafe Daylight Factory,Montréal,6,"['Monday 11:0-16:0', 'Tuesday 11:0-16:0', 'Wednesday 11:0-16:0', 'Thursday 11:0-16:0', 'Thursday 17:0-21:0', 'Friday 11:0-16:0']",Ville-Marie,"['Restaurants', 'Cafes', 'Salad']",45.503073,4.0,"['Alcohol: full_bar', ""Ambience: {'romantic': False, 'intimate': False, 'classy': False, 'hipster': False, 'touristy': False, 'trendy': False, 'upscale': False, 'casual': False}"", 'BikeParking: True', 'BusinessAcceptsCreditCards: True', 'Caters: True', 'GoodForKids: False', ""GoodForMeal: {'dessert': False, 'latenight': False, 'lunch': True, 'dinner': False, 'breakfast': False, 'brunch': False}"", 'HasTV: False', 'NoiseLevel: loud', 'OutdoorSeating: True', 'RestaurantsAttire: casual', 'RestaurantsDelivery: False', 'RestaurantsGoodForGroups: True', 'RestaurantsPriceRange2: 3', 'RestaurantsReservations: True', 'RestaurantsTableService: True', 'RestaurantsTakeOut: False']",-73.5632229,1030 Rue Saint-Alexandre,H2Z 1P3,QC,1,VV9LDkAI18BGHMOGBxA_Sg,business
Jimmy John's,Lakewood,15,,,"['Food', 'Sandwiches', 'Food Delivery Services', 'Restaurants', 'Delis']",41.4845820386,3.0,"['Alcohol: none', ""Ambience: {'romantic': False, 'intimate': False, 'classy': False, 'hipster': False, 'divey': False, 'touristy': False, 'trendy': False, 'upscale': False, 'casual': False}"", 'BikeParking: True', 'BusinessAcceptsCreditCards: True', ""BusinessParking: {'garage': False, 'street': False, 'validated': False, 'lot': False, 'valet': False}"", 'Caters: True', 'GoodForKids: True', ""GoodForMeal: {'dessert': False, 'latenight': False, 'lunch': True, 'dinner': False, 'breakfast': False, 'brunch': False}"", 'HasTV: False', 'NoiseLevel: very_loud', 'OutdoorSeating: False', 'RestaurantsAttire: casual', 'RestaurantsDelivery: True', 'RestaurantsGoodForGroups: True', 'RestaurantsPriceRange2: 1', 'RestaurantsReservations: False', 'RestaurantsTableService: False', 'RestaurantsTakeOut: True', 'WiFi: no']",-81.7993455872,14725 Detroit Ave,44107,OH,1,RMzLb1JFPrMbIJDM6AUyNQ,business
Pork and Beans,Pittsburgh,68,"['Tuesday 16:0-23:0', 'Wednesday 16:0-23:0', 'Thursday 16:0-23:0', 'Friday 16:0-0:0', 'Saturday 16:0-0:0', 'Sunday 16:0-22:0']",Downtown,"['Restaurants', 'Bars', 'Barbeque', 'American (Traditional)', 'Nightlife', 'Beer Bar']",40.443036,4.0,"['Alcohol: full_bar', 'BikeParking: True', 'BusinessAcceptsCreditCards: True', 'GoodForDancing: False', 'GoodForKids: True', 'HasTV: False', 'RestaurantsAttire: casual', 'RestaurantsDelivery: False', 'RestaurantsGoodForGroups: True', 'RestaurantsPriceRange2: 2', 'RestaurantsReservations: True', 'RestaurantsTableService: True', 'RestaurantsTakeOut: True', 'HappyHour: True', 'OutdoorSeating: False', ""BusinessParking: {'garage': False, 'street': False, 'validated': False, 'lot': False, 'valet': False}"", ""GoodForMeal: {'dessert': False, 'latenight': False, 'lunch': False, 'dinner': True, 'breakfast': False, 'brunch': False}"", 'NoiseLevel: loud', ""Music: {'dj': False, 'background_music': True, 'no_music': False, 'karaoke': False, 'live': False, 'video': False, 'jukebox': False}"", 'Smoking: no', 'CoatCheck: False', ""Ambience: {'romantic': False, 'intimate': False, 'classy': False, 'hipster': False, 'divey': False, 'touristy': False, 'trendy': False, 'upscale': False, 'casual': True}""]",-80.002605,136 6th St,15222,PA,1,lqHk6vmnSoTaZwMLSfq1MA,business
Mymy Chicken,Toronto,7,"['Monday 11:30-2:0', 'Tuesday 11:30-2:0', 'Wednesday 11:30-2:0', 'Thursday 11:30-2:0', 'Friday 11:30-2:0', 'Saturday 11:30-2:0']",Willowdale,"['Bars', 'Beer Bar', 'Restaurants', 'Chicken Wings', 'Korean', 'Nightlife']",43.7643482,4.0,['RestaurantsTakeOut: True'],-79.4109381,9 Spring Garden Avenue,M2N,ON,1,XFU7XiXOo7LB3uPLecRlOw,business
Golden Palace Restaurant,Brampton,14,"['Monday 11:0-22:0', 'Tuesday 11:0-22:0', 'Wednesday 11:0-22:0', 'Thursday 11:0-22:0', 'Friday 11:0-0:0', 'Saturday 16:0-0:0', 'Sunday 16:0-22:0']",,"['Restaurants', 'Specialty Food', 'Ethnic Food', 'Food', 'Chinese']",43.7492831,3.0,"['Alcohol: full_bar', ""Ambience: {'romantic': False, 'intimate': False, 'classy': False, 'hipster': False, 'touristy': False, 'trendy': False, 'upscale': False, 'casual': False}"", 'BikeParking: True', 'BusinessAcceptsCreditCards: True', ""BusinessParking: {'garage': False, 'street': False, 'validated': False, 'lot': True, 'valet': False}"", 'Caters: True', 'DogsAllowed: False', 'GoodForKids: True', ""GoodForMeal: {'dessert': False, 'latenight': False, 'lunch': False, 'dinner': False, 'breakfast': False, 'brunch': False}"", 'HasTV: False', 'NoiseLevel: quiet', 'OutdoorSeating: False', 'RestaurantsAttire: casual', 'RestaurantsDelivery: True', 'RestaurantsGoodForGroups: True', 'RestaurantsPriceRange2: 2', 'RestaurantsReservations: True', 'RestaurantsTableService: True', 'RestaurantsTakeOut: True', 'WheelchairAccessible: False', 'WiFi: no']",-79.7275433,9886 Torbram Road,L6S 3L9,ON,1,oWDLyENvjBa5LZdRGGOrow,business
Mamma Lucia Pizza,Pittsburgh,9,,Downtown,"['Pizza', 'Restaurants']",40.4403955,4.0,"['Alcohol: none', ""Ambience: {'romantic': False, 'intimate': False, 'classy': False, 'hipster': False, 'divey': False, 'touristy': False, 'trendy': False, 'upscale': False, 'casual': False}"", 'BikeParking: True', 'BusinessAcceptsCreditCards: True', ""BusinessParking: {'garage': False, 'street': False, 'validated': False, 'lot': False, 'valet': False}"", 'Caters: False', 'GoodForKids: True', ""GoodForMeal: {'dessert': False, 'latenight': False, 'lunch': True, 'dinner': False, 'breakfast': False, 'brunch': False}"", 'HasTV: False', 'NoiseLevel: quiet', 'OutdoorSeating: False', 'RestaurantsAttire: casual', 'RestaurantsDelivery: True', 'RestaurantsGoodForGroups: True', 'RestaurantsPriceRange2: 1', 'RestaurantsReservations: False', 'RestaurantsTableService: False', 'RestaurantsTakeOut: True', 'WiFi: no']",-80.0010018,433 Wood St,15222,PA,1,CaMwTEn92eJ1T2Zfr1xcnA,business
Royal Paan Rexdale,Toronto,3,,Etobicoke,"['Restaurants', 'Desserts', 'Indian', 'Food']",43.7381272,3.5,"[""BusinessParking: {'garage': False, 'street': False, 'validated': False, 'lot': False, 'valet': False}"", 'RestaurantsGoodForGroups: False', 'RestaurantsReservations: False', 'RestaurantsTakeOut: True']",-79.5657932,2654 Islington Ave,M9V 2X5,ON,1,E1qCzAOYLTnbT9c6TA-YjA,business
Chica Loca Taco,Pittsburgh,19,"['Tuesday 11:0-20:0', 'Wednesday 11:0-20:0', 'Thursday 11:0-20:0', 'Friday 11:0-22:0', 'Saturday 11:0-22:0', 'Sunday 10:0-15:0']",Shadyside,"['Restaurants', 'Mexican']",40.4512206,3.5,"['Alcohol: none', ""Ambience: {'romantic': False, 'intimate': False, 'classy': False, 'hipster': False, 'divey': False, 'touristy': False, 'trendy': False, 'upscale': False, 'casual': True}"", 'BusinessAcceptsCreditCards: True', ""BusinessParking: {'garage': False, 'street': True, 'validated': False, 'lot': False, 'valet': False}"", 'GoodForKids: True', ""GoodForMeal: {'dessert': False, 'latenight': False, 'lunch': True, 'dinner': False, 'breakfast': False, 'brunch': False}"", 'HasTV: False', 'NoiseLevel: average', 'OutdoorSeating: True', 'RestaurantsAttire: casual', 'RestaurantsDelivery: False', 'RestaurantsGoodForGroups: True', 'RestaurantsPriceRange2: 1', 'RestaurantsReservations: False', 'RestaurantsTableService: False', 'RestaurantsTakeOut: True']",-79.9346006,733 Copeland St,15232,PA,0,2ERnU_ihjdwusbdlXSf3gg,business
Eden,Pittsburgh,129,"['Monday 17:0-22:0', 'Wednesday 17:0-22:0', 'Thursday 17:0-22:0', 'Friday 17:0-22:0', 'Saturday 10:0-14:0', 'Sunday 17:0-22:0']",Shadyside,"['Restaurants', 'Vegan', 'Live/Raw Food']",40.4511828,4.5,"['Alcohol: none', ""Ambience: {'romantic': False, 'intimate': False, 'classy': False, 'hipster': False, 'divey': False, 'touristy': False, 'trendy': False, 'upscale': False, 'casual': True}"", 'BikeParking: True', 'BusinessAcceptsCreditCards: True', ""BusinessParking: {'garage': False, 'street': True, 'validated': False, 'lot': False, 'valet': False}"", 'HasTV: False', 'NoiseLevel: average', 'OutdoorSeating: True', 'RestaurantsAttire: casual', 'RestaurantsDelivery: False', 'RestaurantsGoodForGroups: True', 'RestaurantsPriceRange2: 2', 'RestaurantsReservations: True', 'RestaurantsTableService: True', 'RestaurantsTakeOut: True', 'WiFi: no', 'GoodForKids: False', ""GoodForMeal: {'dessert': False, 'latenight': False, 'lunch': False, 'dinner': True, 'breakfast': False, 'brunch': True}""]",-79.9344645,735 Copeland St,15232,PA,1,M70Jr9yUWCDfoTsZS3uq7A,business
Pasta Tutti Giorni,Toronto,5,"['Monday 11:30-21:0', 'Tuesday 11:30-21:0', 'Wednesday 11:30-21:0', 'Thursday 11:30-21:0', 'Friday 11:30-22:0', 'Saturday 9:0-22:0', 'Sunday 9:0-22:0']",Scarborough,"['Italian', 'Restaurants']",43.7984458,4.0,"['BusinessAcceptsCreditCards: True', ""BusinessParking: {'garage': False, 'street': False, 'validated': False, 'lot': False, 'valet': False}"", ""GoodForMeal: {'dessert': False, 'latenight': False, 'lunch': False, 'dinner': False, 'breakfast': False, 'brunch': False}"", 'RestaurantsAttire: casual', 'RestaurantsGoodForGroups: True', 'RestaurantsReservations: True', 'RestaurantsTableService: True', 'RestaurantsTakeOut: True']",-79.1395293,"98 Island Road, Unit C",M1C 3P2,ON,1,VutzmcU-hZt_WfgMkEuiFA,business
Port of Subs,Las Vegas,5,,Spring Valley,"['Restaurants', 'Sandwiches', 'Delis']",36.0794089,5.0,"['BusinessAcceptsCreditCards: True', 'GoodForKids: True', 'RestaurantsDelivery: False', 'RestaurantsGoodForGroups: True', 'RestaurantsReservations: False', ""GoodForMeal: {'dessert': False, 'latenight': False, 'lunch': False, 'dinner': False, 'breakfast': False, 'brunch': False}"", 'RestaurantsAttire: casual', 'RestaurantsPriceRange2: 1', 'RestaurantsTakeOut: True']",-115.2980311,"6005 S Fort Apache Rd, Ste 120",89148,NV,1,xxaqaD9IVsqxiNF8FoHdYA,business
Chieti Coffee & Roasting,Las Vegas,34,"['Monday 6:30-20:0', 'Tuesday 6:30-20:0', 'Wednesday 6:30-20:0', 'Thursday 6:30-20:0', 'Friday 6:30-20:0', 'Saturday 6:30-20:0']",Westside,"['Restaurants', 'Cafes', 'Delis', 'Food', 'Bakeries', 'American (New)']",36.142796,4.0,"['Alcohol: none', ""Ambience: {'romantic': False, 'intimate': False, 'classy': False, 'hipster': True, 'divey': False, 'touristy': False, 'trendy': False, 'upscale': False, 'casual': False}"", 'BikeParking: False', 'BusinessAcceptsCreditCards: True', ""BusinessParking: {'garage': False, 'street': False, 'validated': False, 'lot': True, 'valet': False}"", 'Caters: True', 'GoodForKids: True', ""GoodForMeal: {'dessert': False, 'latenight': False, 'lunch': False, 'dinner': False, 'breakfast': True, 'brunch': False}"", 'HasTV: False', 'NoiseLevel: quiet', 'OutdoorSeating: True', 'RestaurantsAttire: casual', 'RestaurantsDelivery: True', 'RestaurantsGoodForGroups: True', 'RestaurantsPriceRange2: 1', 'RestaurantsReservations: False', 'RestaurantsTableService: False', 'RestaurantsTakeOut: True', 'WiFi: free']",-115.221713,5825 W Sahara Ave,89146,NV,0,r1Uj2CHlp0N3U_XKMIk_GA,business
Jolly Beans Cafe-Rainbow,Las Vegas,8,,Westside,"['Breakfast & Brunch', 'Food', 'Restaurants', 'Coffee & Tea']",36.1481287,4.0,"['Alcohol: none', ""Ambience: {'romantic': False, 'intimate': False, 'classy': False, 'hipster': False, 'divey': False, 'touristy': False, 'trendy': False, 'upscale': False, 'casual': False}"", 'BikeParking: True', 'BusinessAcceptsCreditCards: True', 'GoodForKids: True', ""GoodForMeal: {'dessert': False, 'latenight': False, 'lunch': False, 'dinner': False, 'breakfast': True, 'brunch': False}"", 'HasTV: False', 'NoiseLevel: average', 'OutdoorSeating: False', 'RestaurantsAttire: casual', 'RestaurantsDelivery: False', 'RestaurantsGoodForGroups: True', 'RestaurantsPriceRange2: 1', 'RestaurantsReservations: False', 'RestaurantsTakeOut: True']",-115.2426539,2170 South Rainbow Blvd,89146,NV,0,_Aj02-sb1QDNIVXK64qTVw,business
Malone's Pourhouse,Charlotte,7,,Starmount,"['American (New)', 'Sandwiches', 'Nightlife', 'Pubs', 'Restaurants', 'Sports Bars', 'Bars']",35.1686070885,3.0,"[""Ambience: {'romantic': False, 'intimate': False, 'classy': False, 'hipster': False, 'divey': False, 'touristy': False, 'trendy': False, 'upscale': False, 'casual': False}"", ""BusinessParking: {'garage': False, 'street': False, 'validated': False, 'lot': False, 'valet': False}"", 'CoatCheck: False', 'GoodForDancing: True', ""GoodForMeal: {'dessert': False, 'latenight': False, 'lunch': False, 'dinner': False, 'breakfast': False, 'brunch': False}"", 'RestaurantsAttire: casual', 'RestaurantsGoodForGroups: False', 'RestaurantsPriceRange2: 1', 'Smoking: outdoor']",-80.8760010079,"Seneca Place Shopping Center, 5033 S Blvd N",28217,NC,0,sSExaL8luneZit55NqQ2uA,business
Brooklyn Diner,Charlotte,4,,Starmount,"['Restaurants', 'Diners']",35.141819,1.0,"[""Ambience: {'romantic': False, 'intimate': False, 'classy': False, 'hipster': False, 'divey': False, 'touristy': False, 'trendy': False, 'upscale': False, 'casual': False}"", 'BusinessAcceptsCreditCards: True', ""BusinessParking: {'garage': False, 'street': False, 'validated': False, 'lot': False, 'valet': False}"", 'GoodForKids: False', 'NoiseLevel: quiet', 'OutdoorSeating: False', 'RestaurantsGoodForGroups: False', 'RestaurantsTableService: True']",-80.876992,6800 S Blvd,28217,NC,0,GIIyJ3BjG2P4FNxBou2WPg,business
Ramen Sora,Las Vegas,1008,"['Monday 11:30-23:0', 'Tuesday 11:30-23:0', 'Wednesday 11:30-23:0', 'Thursday 11:30-23:0', 'Friday 11:30-23:0', 'Saturday 11:30-23:0', 'Sunday 11:30-23:0']",Chinatown,"['Japanese', 'Restaurants', 'Ramen', 'Noodles']",36.1265262,4.0,"['Alcohol: beer_and_wine', ""Ambience: {'romantic': False, 'intimate': False, 'classy': False, 'hipster': False, 'divey': False, 'touristy': False, 'trendy': False, 'upscale': False, 'casual': True}"", 'BikeParking: False', 'BusinessAcceptsCreditCards: True', ""BusinessParking: {'garage': False, 'street': False, 'validated': False, 'lot': True, 'valet': False}"", 'Caters: False', 'GoodForKids: True', ""GoodForMeal: {'dessert': False, 'latenight': False, 'lunch': True, 'dinner': True, 'breakfast': False, 'brunch': False}"", 'HasTV: True', 'NoiseLevel: average', 'OutdoorSeating: False', 'RestaurantsAttire: casual', 'RestaurantsDelivery: False', 'RestaurantsGoodForGroups: True', 'RestaurantsPriceRange2: 1', 'RestaurantsReservations: False', 'RestaurantsTableService: True', 'RestaurantsTakeOut: True', 'WiFi: no']",-115.2017756,4490 Spring Mountain Rd,89102,NV,1,4k3RlMAMd46DZ_JyZU0lMg,business
K Jun Chicken,Las Vegas,5,,Chinatown,"['Chicken Wings', 'Korean', 'Restaurants']",36.1269391,3.5,"['Alcohol: beer_and_wine', 'BusinessAcceptsCreditCards: True', ""BusinessParking: {'garage': False, 'street': False, 'validated': False, 'lot': False, 'valet': False}"", 'GoodForKids: True', ""GoodForMeal: {'dessert': False, 'latenight': False, 'lunch': False, 'dinner': False, 'breakfast': False, 'brunch': False}"", 'HasTV: True', 'NoiseLevel: average', 'OutdoorSeating: False', 'RestaurantsAttire: casual', 'RestaurantsGoodForGroups: True', 'RestaurantsPriceRange2: 1', 'RestaurantsReservations: False', 'RestaurantsTakeOut: True']",-115.2416392,6850 Spring Mountain Rd,89102,NV,0,-CZwX0Fy14DGCY_2aFkhKg,business
Korean Garden BBQ House,Las Vegas,260,"['Monday 11:0-23:0', 'Tuesday 11:0-23:0', 'Wednesday 11:0-23:0', 'Thursday 11:0-23:0', 'Friday 11:0-23:0', 'Saturday 11:0-23:0', 'Sunday 11:0-23:0']",Chinatown,"['Korean', 'Barbeque', 'Restaurants']",36.125908,3.0,"['Alcohol: beer_and_wine', ""Ambience: {'romantic': False, 'intimate': False, 'classy': False, 'hipster': False, 'divey': False, 'touristy': False, 'trendy': False, 'upscale': False, 'casual': True}"", 'BikeParking: True', 'BusinessAcceptsCreditCards: True', ""BusinessParking: {'garage': False, 'street': False, 'validated': False, 'lot': True, 'valet': False}"", 'Caters: False', 'GoodForKids: True', ""GoodForMeal: {'dessert': False, 'latenight': False, 'lunch': False, 'dinner': True, 'breakfast': False, 'brunch': False}"", 'HasTV: True', 'NoiseLevel: average', 'OutdoorSeating: False', 'RestaurantsAttire: casual', 'RestaurantsDelivery: False', 'RestaurantsGoodForGroups: True', 'RestaurantsPriceRange2: 2', 'RestaurantsReservations: True', 'RestaurantsTableService: True', 'RestaurantsTakeOut: False', 'WheelchairAccessible: True', 'WiFi: no']",-115.197904,4355 Spring Mountain Rd,89102,NV,1,Po0QGzgwFrfnGJEi_akCjA,business
El Ausente,Las Vegas,22,,Downtown,"['Mexican', 'Restaurants']",36.157312,5.0,"['Alcohol: beer_and_wine', ""Ambience: {'romantic': False, 'intimate': False, 'classy': False, 'hipster': False, 'divey': True, 'touristy': False, 'trendy': False, 'upscale': False, 'casual': False}"", 'BikeParking: True', 'BusinessAcceptsCreditCards: True', ""BusinessParking: {'garage': False, 'street': False, 'validated': False, 'lot': False, 'valet': False}"", 'GoodForKids: True', ""GoodForMeal: {'dessert': False, 'latenight': False, 'lunch': False, 'dinner': False, 'breakfast': False, 'brunch': False}"", 'HasTV: True', 'NoiseLevel: quiet', 'OutdoorSeating: False', 'RestaurantsAttire: casual', 'RestaurantsDelivery: False', 'RestaurantsGoodForGroups: True', 'RestaurantsPriceRange2: 1', 'RestaurantsReservations: False', 'RestaurantsTableService: True', 'RestaurantsTakeOut: True', 'WiFi: no']",-115.1151063,2536 Fremont St,89104,NV,1,K-0pdH5hZQVeoUmYSNygQw,business
Thali,Montréal,12,"['Monday 11:30-14:0', 'Wednesday 11:30-14:0', 'Thursday 11:30-14:0', 'Thursday 16:0-22:0', 'Friday 11:30-14:0', 'Friday 16:0-22:30', 'Saturday 13:0-22:0', 'Sunday 13:0-22:0']",Ville-Marie,"['Indian', 'Restaurants']",45.5131123,3.5,"['BikeParking: True', 'BusinessAcceptsCreditCards: True', 'GoodForKids: True', ""GoodForMeal: {'dessert': False, 'latenight': False, 'lunch': False, 'dinner': False, 'breakfast': False, 'brunch': False}"", 'HasTV: False', 'OutdoorSeating: False', 'RestaurantsAttire: casual', 'RestaurantsDelivery: True', 'RestaurantsGoodForGroups: True', 'RestaurantsPriceRange2: 2', 'RestaurantsReservations: True', 'RestaurantsTakeOut: True']",-73.5663086,161 Rue Ontario E,H2X 1H5,QC,1,SdqpRXt5YUN14pgUmwhCpw,business
George's Gyros,Mesa,113,"['Monday 10:30-20:0', 'Tuesday 10:30-20:0', 'Wednesday 10:30-20:0', 'Thursday 10:30-20:0', 'Friday 10:30-20:0', 'Saturday 10:30-20:0']",,"['Restaurants', 'Burgers', 'Greek', 'Mediterranean', 'Sandwiches', 'Salad']",33.4198793,4.5,"['Alcohol: full_bar', ""Ambience: {'romantic': False, 'intimate': False, 'classy': False, 'hipster': False, 'divey': False, 'touristy': False, 'trendy': False, 'upscale': False, 'casual': True}"", 'BikeParking: True', 'BusinessAcceptsCreditCards: True', ""BusinessParking: {'garage': False, 'street': False, 'validated': False, 'lot': True, 'valet': False}"", 'Caters: False', 'GoodForKids: True', ""GoodForMeal: {'dessert': False, 'latenight': False, 'lunch': True, 'dinner': True, 'breakfast': False, 'brunch': False}"", 'HasTV: True', 'NoiseLevel: average', 'OutdoorSeating: True', 'RestaurantsAttire: casual', 'RestaurantsDelivery: False', 'RestaurantsGoodForGroups: True', 'RestaurantsPriceRange2: 1', 'RestaurantsReservations: False', 'RestaurantsTableService: False', 'RestaurantsTakeOut: True', 'WheelchairAccessible: True', 'WiFi: no', 'DriveThru: False']",-111.8394439,205 N Country Club Dr,85201,AZ,1,EtZacHzJ2gw0V9Sdm2rLQA,business
Croma Pizzeria,Edinburgh,3,,West End,"['Italian', 'Restaurants', 'Pizza']",55.9457321274,3.5,"[""Ambience: {'romantic': False, 'intimate': False, 'classy': False, 'hipster': False, 'touristy': False, 'trendy': False, 'upscale': False, 'casual': False}"", 'BusinessAcceptsCreditCards: True', 'GoodForKids: True', ""GoodForMeal: {'dessert': False, 'latenight': False, 'lunch': False, 'dinner': False, 'breakfast': False, 'brunch': False}"", 'NoiseLevel: average', 'OutdoorSeating: False', 'RestaurantsAttire: casual', 'RestaurantsGoodForGroups: True', 'RestaurantsPriceRange2: 1', 'RestaurantsReservations: True', 'RestaurantsTakeOut: True']",-3.2058147855,"Odeon Cinema, 118 Lothian Road",EH3 9BG,EDH,1,ynjAEdXdIw7JF153uABgoQ,business
Sinclair,Montréal,13,"['Monday 11:30-22:0', 'Tuesday 11:30-22:0', 'Wednesday 11:30-22:0', 'Thursday 11:30-23:0', 'Friday 11:30-23:0', 'Saturday 17:30-23:0']",Ville-Marie,"['Restaurants', 'French', 'Canadian (New)']",45.504471,3.0,"['Alcohol: full_bar', ""Ambience: {'romantic': False, 'intimate': False, 'classy': False, 'hipster': False, 'touristy': False, 'trendy': False, 'upscale': False, 'casual': False}"", 'BusinessAcceptsCreditCards: True', 'GoodForKids: False', ""GoodForMeal: {'dessert': False, 'latenight': False, 'lunch': False, 'dinner': False, 'breakfast': False, 'brunch': False}"", 'HasTV: False', 'NoiseLevel: quiet', 'OutdoorSeating: False', 'RestaurantsAttire: dressy', 'RestaurantsDelivery: False', 'RestaurantsGoodForGroups: True', 'RestaurantsPriceRange2: 4', 'RestaurantsReservations: True', 'RestaurantsTableService: True', 'RestaurantsTakeOut: True', 'WiFi: free']",-73.5549911,414 Rue Saint-Sulpice,H2Y 1Z5,QC,1,n_bJq-tCY0TZVhNJBuLHMg,business
Poutini's House of Poutine,Toronto,26,"['Tuesday 18:0-0:0', 'Wednesday 18:0-0:0', 'Thursday 18:0-3:30', 'Friday 18:0-3:30', 'Saturday 18:0-3:30']",,"['Restaurants', 'Poutineries']",43.6441190136,4.0,"['Alcohol: none', ""Ambience: {'romantic': False, 'intimate': False, 'classy': False, 'hipster': False, 'touristy': False, 'trendy': False, 'upscale': False, 'casual': True}"", 'BikeParking: True', ""BusinessParking: {'garage': False, 'street': False, 'validated': False, 'lot': False, 'valet': False}"", 'Caters: False', 'GoodForKids: True', ""GoodForMeal: {'dessert': False, 'latenight': True, 'lunch': False, 'dinner': False, 'breakfast': False, 'brunch': False}"", 'HasTV: False', 'NoiseLevel: average', 'OutdoorSeating: False', 'RestaurantsAttire: casual', 'RestaurantsDelivery: False', 'RestaurantsGoodForGroups: False', 'RestaurantsPriceRange2: 1', 'RestaurantsReservations: False', 'RestaurantsTableService: False', 'RestaurantsTakeOut: True', 'WiFi: free']",-79.4009630755,617 King Street W,M5V 1M5,ON,1,5SiHMFPhwuWZ4VaZB13Hzw,business
QDOBA Mexican Eats,Cleveland,24,"['Monday 10:0-22:30', 'Tuesday 10:0-22:30', 'Wednesday 10:0-22:30', 'Thursday 10:0-22:30', 'Friday 10:0-22:30', 'Saturday 10:0-22:30', 'Sunday 10:0-22:30']",University,"['Restaurants', 'Mexican', 'Event Planning & Services', 'Fast Food', 'Caterers']",41.5084005413,3.0,"['Alcohol: none', ""Ambience: {'romantic': False, 'intimate': False, 'classy': False, 'hipster': False, 'divey': False, 'touristy': False, 'trendy': False, 'upscale': False, 'casual': True}"", 'BikeParking: True', 'BusinessAcceptsCreditCards: True', ""BusinessParking: {'garage': False, 'street': True, 'validated': False, 'lot': False, 'valet': False}"", 'Caters: True', 'GoodForKids: True', ""GoodForMeal: {'dessert': False, 'latenight': False, 'lunch': True, 'dinner': False, 'breakfast': False, 'brunch': False}"", 'HasTV: False', 'NoiseLevel: average', 'OutdoorSeating: True', 'RestaurantsAttire: casual', 'RestaurantsDelivery: False', 'RestaurantsGoodForGroups: True', 'RestaurantsPriceRange2: 1', 'RestaurantsReservations: False', 'RestaurantsTableService: False', 'RestaurantsTakeOut: True', 'WiFi: no']",-81.6054528952,11324 Euclid Ave,44106,OH,1,dmu1wM0CRgeoTIUXFihU7Q,business
Jazz 28,Cleveland,3,,Gateway District,"['Nightlife', 'Arts & Entertainment', 'Jazz & Blues', 'American (New)', 'Restaurants']",41.4971381,4.0,"['BusinessAcceptsCreditCards: True', ""BusinessParking: {'garage': False, 'street': False, 'validated': False, 'lot': False, 'valet': False}"", 'CoatCheck: False', 'GoodForKids: False', ""GoodForMeal: {'dessert': False, 'latenight': False, 'lunch': False, 'dinner': False, 'breakfast': False, 'brunch': False}"", ""Music: {'dj': False, 'background_music': False, 'no_music': False, 'karaoke': False, 'live': True, 'video': False, 'jukebox': False}"", 'OutdoorSeating: False', 'RestaurantsGoodForGroups: False', 'RestaurantsPriceRange2: 2', 'RestaurantsTableService: True', 'Smoking: no']",-81.6792833,1332 Carnegie Ave,44113,OH,0,4juuUn_vuJLP4MMFJetXfw,business
Mulberry's,Cleveland,7,"['Monday 17:0-2:0', 'Tuesday 17:0-2:0', 'Wednesday 17:0-2:0', 'Thursday 17:0-2:0', 'Friday 17:0-2:0', 'Saturday 12:0-2:0', 'Sunday 12:0-2:0']",West Bank,"['Pizza', 'Sports Clubs', 'Restaurants', 'Active Life', 'Nightlife', 'Sports Bars', 'Bars']",41.4948485,3.5,"['Alcohol: full_bar', ""Ambience: {'romantic': False, 'intimate': False, 'classy': False, 'hipster': False, 'divey': False, 'touristy': False, 'trendy': False, 'upscale': False, 'casual': False}"", ""BestNights: {'monday': True, 'tuesday': False, 'friday': False, 'wednesday': True, 'thursday': False, 'sunday': False, 'saturday': False}"", 'BikeParking: False', 'BusinessAcceptsCreditCards: True', ""BusinessParking: {'garage': False, 'street': True, 'validated': False, 'lot': True, 'valet': False}"", 'CoatCheck: False', 'GoodForDancing: False', 'HappyHour: True', 'HasTV: True', ""Music: {'dj': False, 'background_music': False, 'no_music': False, 'karaoke': False, 'live': False, 'video': False, 'jukebox': True}"", 'NoiseLevel: average', 'OutdoorSeating: True', 'RestaurantsGoodForGroups: True', 'RestaurantsPriceRange2: 1', 'Smoking: outdoor', 'WheelchairAccessible: False']",-81.7080677,2316 Mulberry Ave,44113,OH,1,nlrUUtIO0s0a6umCE55prA,business
Health Herb Harmony,Richmond Hill,53,"['Monday 12:0-2:0', 'Wednesday 12:0-2:0', 'Thursday 12:0-2:0', 'Friday 12:0-2:0', 'Saturday 12:0-2:0', 'Sunday 12:0-2:0']",,"['Chinese', 'Food', 'Desserts', 'Restaurants']",43.8447840664,3.0,"['Alcohol: none', ""Ambience: {'romantic': False, 'intimate': False, 'classy': False, 'hipster': False, 'touristy': False, 'trendy': False, 'upscale': False, 'casual': True}"", 'BikeParking: True', 'BusinessAcceptsCreditCards: True', ""BusinessParking: {'garage': False, 'street': False, 'validated': False, 'lot': True, 'valet': False}"", 'Caters: False', 'GoodForKids: True', ""GoodForMeal: {'dessert': True, 'latenight': False, 'lunch': False, 'dinner': False, 'breakfast': False, 'brunch': False}"", 'HasTV: False', 'NoiseLevel: average', 'OutdoorSeating: False', 'RestaurantsAttire: casual', 'RestaurantsDelivery: False', 'RestaurantsGoodForGroups: True', 'RestaurantsPriceRange2: 1', 'RestaurantsReservations: False', 'RestaurantsTableService: True', 'RestaurantsTakeOut: True', 'WiFi: free']",-79.3833137275,550 York Regional Road 7,L4B 3Z4,ON,1,3PhF188adiC8ZutKRP9gyQ,business
Casa Manolo,Verdun,4,,Verdun,"['Restaurants', 'Portuguese']",45.4596424,4.0,"['Alcohol: full_bar', 'BusinessAcceptsCreditCards: True', ""BusinessParking: {'garage': False, 'street': False, 'validated': False, 'lot': False, 'valet': False}"", 'NoiseLevel: average', 'OutdoorSeating: True', 'RestaurantsAttire: casual', 'RestaurantsGoodForGroups: True', 'RestaurantsTableService: True', 'RestaurantsTakeOut: True']",-73.567285,4436 Rue Wellington,H4G 1W6,QC,0,cpPEFiMJJg2kLsh5Sh6yNQ,business
Marigold Maison- Paradise Valley,Phoenix,288,"['Monday 17:0-21:0', 'Tuesday 17:0-21:0', 'Wednesday 17:0-21:0', 'Thursday 17:0-21:0', 'Friday 17:0-22:0', 'Saturday 17:0-22:0', 'Sunday 17:0-21:0']",,"['Indian', 'Restaurants']",33.5986308836,4.5,"['Alcohol: beer_and_wine', ""Ambience: {'romantic': False, 'intimate': False, 'classy': False, 'hipster': False, 'divey': False, 'touristy': False, 'trendy': False, 'upscale': False, 'casual': True}"", 'BikeParking: True', 'BusinessAcceptsBitcoin: False', 'BusinessAcceptsCreditCards: True', 'Caters: True', 'GoodForKids: True', ""GoodForMeal: {'dessert': False, 'latenight': False, 'lunch': True, 'dinner': True, 'breakfast': False, 'brunch': False}"", 'HasTV: False', 'NoiseLevel: average', 'OutdoorSeating: True', 'RestaurantsAttire: casual', 'RestaurantsDelivery: True', 'RestaurantsGoodForGroups: True', 'RestaurantsPriceRange2: 2', 'RestaurantsReservations: True', 'RestaurantsTableService: True', 'RestaurantsTakeOut: True', 'WheelchairAccessible: True', 'WiFi: free']",-111.978371822,"4720 E Cactus Rd, Ste D118",85032,AZ,1,iE71iwcSljg3xm2GB2Y9aA,business
La's Thai Cuisine,Scottsdale,166,"['Monday 11:0-21:0', 'Tuesday 11:0-21:0', 'Wednesday 11:0-21:0', 'Thursday 11:0-21:0', 'Friday 11:0-21:0', 'Saturday 11:30-21:0', 'Sunday 12:0-21:0']",,"['Thai', 'Restaurants']",33.4645118,4.0,"['Alcohol: none', ""Ambience: {'romantic': False, 'intimate': False, 'classy': False, 'hipster': False, 'divey': False, 'touristy': False, 'trendy': False, 'upscale': False, 'casual': True}"", 'BikeParking: True', 'BusinessAcceptsCreditCards: True', ""BusinessParking: {'garage': False, 'street': False, 'validated': False, 'lot': True, 'valet': False}"", 'Caters: True', 'GoodForKids: True', ""GoodForMeal: {'dessert': False, 'latenight': False, 'lunch': True, 'dinner': True, 'breakfast': False, 'brunch': False}"", 'HasTV: False', 'NoiseLevel: quiet', 'OutdoorSeating: False', 'RestaurantsAttire: casual', 'RestaurantsDelivery: False', 'RestaurantsGoodForGroups: True', 'RestaurantsPriceRange2: 2', 'RestaurantsReservations: False', 'RestaurantsTableService: True', 'RestaurantsTakeOut: True', 'WheelchairAccessible: True', 'WiFi: no']",-111.9083172,1495 N Hayden Rd,85257,AZ,1,gDjHnPJDx9ZVse0i9mp5hQ,business
Steak 'n Shake,Brooklyn,26,"['Monday 0:0-0:0', 'Tuesday 0:0-0:0', 'Wednesday 0:0-0:0', 'Thursday 0:0-0:0', 'Friday 0:0-0:0', 'Saturday 0:0-0:0', 'Sunday 0:0-0:0']",Cascade Crossing,"['Breakfast & Brunch', 'Burgers', 'American (New)', 'Restaurants', 'Fast Food']",41.424059,2.0,"['Alcohol: none', ""Ambience: {'romantic': False, 'intimate': False, 'classy': False, 'hipster': False, 'divey': False, 'touristy': False, 'trendy': False, 'upscale': False, 'casual': True}"", 'BikeParking: False', 'BusinessAcceptsCreditCards: True', ""BusinessParking: {'garage': False, 'street': False, 'validated': False, 'lot': True, 'valet': False}"", 'Caters: False', 'DriveThru: True', 'GoodForKids: True', ""GoodForMeal: {'dessert': False, 'latenight': False, 'lunch': True, 'dinner': False, 'breakfast': False, 'brunch': False}"", 'HasTV: False', 'NoiseLevel: average', 'OutdoorSeating: False', 'RestaurantsAttire: casual', 'RestaurantsDelivery: False', 'RestaurantsGoodForGroups: True', 'RestaurantsPriceRange2: 1', 'RestaurantsReservations: False', 'RestaurantsTableService: True', 'RestaurantsTakeOut: True', 'WiFi: free']",-81.759936,10330 Cascade Crossing,44144,OH,1,14AWgEFR1bFK8rEhJwIvFA,business
Domino's Pizza,Markham,7,"['Monday 11:0-0:0', 'Tuesday 11:0-0:0', 'Wednesday 11:0-0:0', 'Thursday 11:0-0:0', 'Friday 11:0-2:0', 'Saturday 11:0-2:0', 'Sunday 11:0-1:0']",,"['Pizza', 'Event Planning & Services', 'Restaurants', 'Italian', 'Caterers']",43.8783688,2.5,"['Alcohol: none', ""Ambience: {'romantic': False, 'intimate': False, 'classy': False, 'hipster': False, 'touristy': False, 'trendy': False, 'upscale': False, 'casual': False}"", 'BikeParking: False', 'BusinessAcceptsCreditCards: True', ""BusinessParking: {'garage': False, 'street': False, 'validated': False, 'lot': False, 'valet': False}"", 'Caters: False', 'GoodForKids: True', ""GoodForMeal: {'dessert': False, 'latenight': False, 'lunch': False, 'dinner': False, 'breakfast': False, 'brunch': False}"", 'HasTV: True', 'NoiseLevel: average', 'RestaurantsAttire: casual', 'RestaurantsDelivery: True', 'RestaurantsGoodForGroups: True', 'RestaurantsPriceRange2: 3', 'RestaurantsReservations: False', 'RestaurantsTableService: False', 'RestaurantsTakeOut: True', 'WiFi: no']",-79.2382091,6605 Highway 7,L3P 3B4,ON,1,CG4KapQ-CXygjnqlN9ytLA,business
Waterside Cafe,Las Vegas,3,,Westside,"['Restaurants', 'Cafes']",36.1745759179,3.0,"['Alcohol: full_bar', ""Ambience: {'romantic': False, 'intimate': False, 'classy': False, 'hipster': False, 'divey': False, 'touristy': False, 'trendy': False, 'upscale': False, 'casual': False}"", 'BikeParking: False', 'BusinessAcceptsCreditCards: True', 'GoodForKids: True', ""GoodForMeal: {'dessert': False, 'latenight': False, 'lunch': False, 'dinner': False, 'breakfast': False, 'brunch': False}"", 'HasTV: True', 'OutdoorSeating: True', 'RestaurantsAttire: casual', 'RestaurantsDelivery: False', 'RestaurantsGoodForGroups: True', 'RestaurantsPriceRange2: 2', 'RestaurantsReservations: False', 'RestaurantsTakeOut: False', 'WiFi: no']",-115.292351246,9314-9508 Canyon Run Dr,89144,NV,1,mys2H61EqcO4AJpnzi61ZA,business
Mamma's Boy Cafe,Las Vegas,10,"['Tuesday 10:30-19:30', 'Wednesday 10:30-19:30', 'Thursday 10:30-19:30', 'Friday 10:30-19:30', 'Saturday 10:30-19:30', 'Sunday 10:30-18:30']",,"['Soul Food', 'Restaurants', 'Cafes']",36.1831362174,3.5,"['Alcohol: none', 'BusinessAcceptsCreditCards: True', 'GoodForKids: True', 'NoiseLevel: average', 'RestaurantsDelivery: True', 'RestaurantsGoodForGroups: True', 'RestaurantsPriceRange2: 2', 'RestaurantsReservations: False', 'RestaurantsTableService: False', 'RestaurantsTakeOut: True', 'WiFi: free']",-115.160473593,"1100 N Martin Luther King Dr, Ste G",89106,NV,0,hD4nmY8c9FRsBNzN1QjObQ,business
Paradise Bakery & Cafe,Phoenix,98,"['Monday 6:0-6:0', 'Tuesday 6:0-6:0', 'Wednesday 6:0-6:0', 'Thursday 6:0-6:0', 'Friday 6:0-6:0', 'Saturday 6:0-6:0', 'Sunday 6:0-6:0']",,"['Sandwiches', 'Food', 'Breakfast & Brunch', 'Bakeries', 'Restaurants']",33.4340373112,3.0,"['Alcohol: none', ""Ambience: {'romantic': False, 'intimate': False, 'classy': False, 'hipster': False, 'divey': False, 'touristy': False, 'trendy': False, 'upscale': False, 'casual': True}"", 'BikeParking: False', 'BusinessAcceptsCreditCards: True', ""BusinessParking: {'garage': True, 'street': False, 'validated': False, 'lot': False, 'valet': False}"", 'Caters: False', 'GoodForKids: True', 'HasTV: False', 'NoiseLevel: average', 'OutdoorSeating: False', 'RestaurantsAttire: casual', 'RestaurantsDelivery: False', 'RestaurantsGoodForGroups: False', 'RestaurantsPriceRange2: 1', 'RestaurantsReservations: False', 'RestaurantsTableService: False', 'RestaurantsTakeOut: True', 'WheelchairAccessible: True', 'WiFi: free', ""GoodForMeal: {'dessert': False, 'latenight': False, 'lunch': True, 'dinner': True, 'breakfast': False, 'brunch': False}""]",-111.994361021,"Phoenix Sky Harbor Int'l Airport, Terminal 3, 3400 E Sky Harbor Blvd",85034,AZ,1,ux6FCssPmLx5LrWzTHvxWg,business
Yummy Palace,Irwin,35,,,"['Chinese', 'Sushi Bars', 'Thai', 'Restaurants']",40.3232944706,4.5,"['Alcohol: none', ""Ambience: {'romantic': False, 'intimate': False, 'classy': False, 'hipster': False, 'divey': False, 'touristy': False, 'trendy': False, 'upscale': False, 'casual': True}"", 'BikeParking: False', 'BusinessAcceptsCreditCards: True', ""BusinessParking: {'garage': False, 'street': False, 'validated': False, 'lot': False, 'valet': False}"", 'GoodForKids: True', ""GoodForMeal: {'dessert': False, 'latenight': False, 'lunch': True, 'dinner': True, 'breakfast': False, 'brunch': False}"", 'HasTV: False', 'NoiseLevel: quiet', 'OutdoorSeating: False', 'RestaurantsAttire: casual', 'RestaurantsDelivery: False', 'RestaurantsGoodForGroups: True', 'RestaurantsPriceRange2: 2', 'RestaurantsReservations: True', 'RestaurantsTableService: True', 'RestaurantsTakeOut: True']",-79.7246833228,"Irwin Shopping Ctr, 8973 Rt 30",15642,PA,1,X3pGY4ZUXtWnr9NBW_m3PQ,business
O-Ku Sushi,Charlotte,75,"['Monday 17:0-22:30', 'Tuesday 17:0-22:30', 'Wednesday 17:0-22:30', 'Thursday 17:0-23:0', 'Friday 17:0-23:0', 'Saturday 17:0-23:0', 'Sunday 17:0-22:0']",South End,"['Sushi Bars', 'Asian Fusion', 'Seafood', 'Japanese', 'Restaurants']",35.2096,4.0,"['Alcohol: full_bar', 'BikeParking: True', 'BusinessAcceptsCreditCards: True', ""BusinessParking: {'garage': False, 'street': False, 'validated': False, 'lot': False, 'valet': False}"", 'Caters: True', 'GoodForKids: False', ""GoodForMeal: {'dessert': False, 'latenight': False, 'lunch': False, 'dinner': False, 'breakfast': False, 'brunch': False}"", 'HasTV: True', 'NoiseLevel: very_loud', 'OutdoorSeating: False', 'RestaurantsAttire: dressy', 'RestaurantsDelivery: False', 'RestaurantsGoodForGroups: True', 'RestaurantsPriceRange2: 2', 'RestaurantsReservations: True', 'RestaurantsTableService: True', 'RestaurantsTakeOut: True', 'WheelchairAccessible: True', 'WiFi: free', ""Ambience: {'romantic': False, 'intimate': False, 'classy': True, 'hipster': False, 'divey': False, 'touristy': False, 'trendy': True, 'upscale': True, 'casual': False}""]",-80.860421,"2000 S Blvd, Ste 510",28203,NC,1,rb4d1_OtpVD91J5NDp4Y3w,business
The Liberty,Charlotte,313,"['Monday 11:0-1:0', 'Tuesday 11:0-1:0', 'Wednesday 11:0-1:0', 'Thursday 11:0-1:0', 'Friday 11:0-1:0', 'Saturday 11:0-1:0', 'Sunday 11:0-1:0']",South End,"['Gastropubs', 'Burgers', 'Restaurants']",35.2114719,3.5,"['Alcohol: full_bar', ""Ambience: {'romantic': False, 'intimate': False, 'classy': False, 'hipster': False, 'divey': False, 'touristy': False, 'trendy': False, 'upscale': False, 'casual': True}"", 'BikeParking: True', 'BusinessAcceptsCreditCards: True', ""BusinessParking: {'garage': False, 'street': False, 'validated': False, 'lot': True, 'valet': False}"", 'Caters: False', 'DriveThru: False', 'GoodForKids: True', ""GoodForMeal: {'dessert': False, 'latenight': False, 'lunch': True, 'dinner': True, 'breakfast': False, 'brunch': False}"", 'HasTV: True', 'NoiseLevel: average', 'OutdoorSeating: True', 'RestaurantsAttire: casual', 'RestaurantsDelivery: False', 'RestaurantsGoodForGroups: True', 'RestaurantsPriceRange2: 2', 'RestaurantsReservations: True', 'RestaurantsTableService: True', 'RestaurantsTakeOut: True', 'WheelchairAccessible: True', 'WiFi: free']",-80.8584451,1812 South Blvd,28203,NC,1,H9a6IRS0edhW343Y2kXSSA,business
Daily Kitchen Modern Eatery and Rotisserie,Las Vegas,143,"['Monday 7:0-20:0', 'Tuesday 7:0-20:0', 'Wednesday 7:0-20:0', 'Thursday 7:0-20:0', 'Friday 7:0-20:0', 'Saturday 7:0-20:0', 'Sunday 7:0-20:0']",South Summerlin,"['Breakfast & Brunch', 'American (New)', 'Restaurants']",36.1242687,3.5,"['Alcohol: none', ""Ambience: {'romantic': False, 'intimate': False, 'classy': False, 'hipster': False, 'divey': False, 'touristy': False, 'trendy': False, 'upscale': False, 'casual': True}"", 'BikeParking: True', 'BusinessAcceptsBitcoin: False', 'BusinessAcceptsCreditCards: True', ""BusinessParking: {'garage': False, 'street': False, 'validated': False, 'lot': True, 'valet': False}"", 'Caters: True', 'GoodForKids: True', ""GoodForMeal: {'dessert': False, 'latenight': False, 'lunch': True, 'dinner': False, 'breakfast': True, 'brunch': True}"", 'HasTV: False', 'NoiseLevel: quiet', 'OutdoorSeating: True', 'RestaurantsAttire: casual', 'RestaurantsDelivery: False', 'RestaurantsPriceRange2: 2', 'RestaurantsReservations: False', 'RestaurantsTableService: False', 'RestaurantsTakeOut: True', 'WheelchairAccessible: True', 'WiFi: free', 'RestaurantsGoodForGroups: False']",-115.3254095,"3645 S Town Center Dr, Ste 102",89135,NV,1,YCEZLECK9IToE8Mysorbhw,business
Blynk Organic,Charlotte,3,"['Monday 7:0-15:0', 'Tuesday 7:0-15:0', 'Wednesday 7:0-15:0', 'Thursday 7:0-15:0', 'Friday 7:0-15:0', 'Saturday 8:0-14:0']",Uptown,"['Coffee & Tea', 'Sandwiches', 'Food', 'Restaurants']",35.2263267,3.5,"['BusinessAcceptsCreditCards: True', 'Caters: True', ""GoodForMeal: {'dessert': False, 'latenight': False, 'lunch': False, 'dinner': False, 'breakfast': False, 'brunch': False}"", 'RestaurantsTakeOut: True']",-80.8429359,"Bank of American Plz, 101 S Tryon St",28202,NC,0,hvjm0ebS1TVB4v2XzebFRQ,business
BreadWorks Bakery,Pittsburgh,19,"['Monday 6:30-18:0', 'Tuesday 6:30-18:0', 'Wednesday 6:30-18:0', 'Thursday 6:30-18:0', 'Friday 6:30-18:0', 'Saturday 6:30-16:0', 'Sunday 8:0-13:30']",North Side,"['Bakeries', 'Food', 'Restaurants', 'Event Planning & Services', 'Caterers']",40.46194,4.5,"['BikeParking: False', 'BusinessAcceptsCreditCards: False', ""BusinessParking: {'garage': False, 'street': False, 'validated': False, 'lot': True, 'valet': False}"", 'RestaurantsDelivery: True', 'RestaurantsPriceRange2: 1', 'RestaurantsTakeOut: True']",-80.01929,2110 Brighton Rd,15212,PA,1,Uh6EhbFKgQlhVpfvnqsfHA,business
Nellie Cashman's Monday Club Cafe,Scottsdale,45,"['Monday 6:0-14:0', 'Monday 17:0-21:0', 'Tuesday 6:0-14:0', 'Tuesday 17:0-21:0', 'Wednesday 6:0-14:0', 'Wednesday 17:0-21:0', 'Thursday 6:0-14:0', 'Thursday 17:0-21:0', 'Friday 6:0-14:0', 'Friday 17:0-21:0', 'Saturday 6:0-14:0', 'Saturday 17:0-21:0', 'Sunday 6:0-14:0', 'Sunday 17:0-21:0']",,"['American (New)', 'Restaurants']",33.6256708821,3.0,"['Alcohol: full_bar', ""Ambience: {'romantic': False, 'intimate': False, 'classy': False, 'hipster': False, 'divey': False, 'touristy': False, 'trendy': False, 'upscale': False, 'casual': True}"", 'BikeParking: True', 'BusinessAcceptsCreditCards: True', ""BusinessParking: {'garage': False, 'street': False, 'validated': False, 'lot': True, 'valet': True}"", 'Caters: False', 'GoodForKids: True', 'HasTV: False', 'NoiseLevel: quiet', 'OutdoorSeating: True', 'RestaurantsAttire: casual', 'RestaurantsDelivery: False', 'RestaurantsGoodForGroups: True', 'RestaurantsPriceRange2: 2', 'RestaurantsReservations: True', 'RestaurantsTableService: True', 'RestaurantsTakeOut: False', 'WheelchairAccessible: True', 'WiFi: free', ""GoodForMeal: {'dessert': False, 'latenight': False, 'lunch': False, 'dinner': False, 'breakfast': True, 'brunch': False}""]",-111.932584047,"The Westin Kierland Resort & Spa, 6902 E Greenway Pkwy",85254,AZ,1,DvcYHDk4TaRAqic3BncAwg,business
Darby's on Fifty-Nine,Cuyahoga Falls,49,"['Monday 11:0-23:0', 'Tuesday 11:0-23:0', 'Wednesday 11:0-23:0', 'Thursday 11:0-23:0', 'Friday 11:0-0:0', 'Saturday 11:0-0:0']",,"['Gastropubs', 'Restaurants', 'American (Traditional)', 'Nightlife', 'Bars', 'Seafood']",41.1474659,4.0,"['Alcohol: full_bar', ""Ambience: {'romantic': False, 'intimate': False, 'classy': False, 'hipster': False, 'divey': False, 'touristy': False, 'trendy': False, 'upscale': False, 'casual': True}"", ""BestNights: {'monday': False, 'tuesday': False, 'friday': True, 'wednesday': True, 'thursday': True, 'sunday': False, 'saturday': False}"", 'BikeParking: True', 'BusinessAcceptsCreditCards: True', ""BusinessParking: {'garage': False, 'street': False, 'validated': False, 'lot': True, 'valet': False}"", 'Caters: False', 'CoatCheck: False', 'GoodForDancing: False', 'GoodForKids: False', 'HappyHour: True', 'HasTV: True', ""Music: {'dj': False, 'background_music': False, 'no_music': False, 'karaoke': False, 'live': False, 'video': False, 'jukebox': False}"", 'NoiseLevel: loud', 'OutdoorSeating: True', 'RestaurantsAttire: casual', 'RestaurantsDelivery: False', 'RestaurantsGoodForGroups: False', 'RestaurantsPriceRange2: 2', 'RestaurantsReservations: False', 'RestaurantsTableService: True', 'RestaurantsTakeOut: True', 'Smoking: outdoor', 'WiFi: free', ""GoodForMeal: {'dessert': True, 'latenight': False, 'lunch': False, 'dinner': False, 'breakfast': False, 'brunch': False}""]",-81.4708021,2764 State Rte 59,44221,OH,1,L4ot7EfMApX8YyKgId1kFQ,business
The Organic Glow,Phoenix,8,"['Monday 6:0-19:0', 'Tuesday 6:0-19:0', 'Wednesday 6:0-19:0', 'Thursday 6:0-19:0', 'Friday 6:0-19:0', 'Saturday 6:0-19:0', 'Sunday 6:0-19:0']",,"['Beauty & Spas', 'Caribbean', 'Cosmetics & Beauty Supply', 'Tanning', 'Hair Salons', 'Makeup Artists', 'Spray Tanning', 'Haitian', 'Restaurants', 'Shopping', 'Hair Extensions']",33.510543,4.0,"['BikeParking: False', 'BusinessAcceptsBitcoin: False', 'BusinessAcceptsCreditCards: False', ""BusinessParking: {'garage': False, 'street': True, 'validated': False, 'lot': False, 'valet': False}"", 'ByAppointmentOnly: True', 'RestaurantsPriceRange2: 2', 'RestaurantsReservations: False']",-112.073747,Central Ave,85013,AZ,0,LdFkSl9OGzSi6LaIoYlVwQ,business
Thai Villa Restaurant,Whitchurch-Stouffville,17,"['Monday 11:30-21:0', 'Tuesday 11:30-21:0', 'Wednesday 11:30-21:0', 'Thursday 11:30-21:0', 'Friday 11:30-22:0', 'Saturday 11:30-22:0', 'Sunday 11:30-21:0']",,"['Malaysian', 'Restaurants', 'Thai', 'Singaporean']",43.9561557,3.0,"[""Ambience: {'romantic': False, 'intimate': False, 'classy': False, 'hipster': False, 'touristy': False, 'trendy': False, 'upscale': False, 'casual': False}"", 'BikeParking: True', 'BusinessAcceptsCreditCards: True', ""BusinessParking: {'garage': False, 'street': False, 'validated': False, 'lot': False, 'valet': False}"", 'GoodForKids: True', ""GoodForMeal: {'dessert': False, 'latenight': False, 'lunch': False, 'dinner': True, 'breakfast': False, 'brunch': False}"", 'HasTV: False', 'NoiseLevel: quiet', 'OutdoorSeating: False', 'RestaurantsAttire: casual', 'RestaurantsDelivery: True', 'RestaurantsGoodForGroups: True', 'RestaurantsPriceRange2: 2', 'RestaurantsReservations: True', 'RestaurantsTableService: True', 'RestaurantsTakeOut: True']",-79.2768951,1076 Hoover Park Dr,L0H 1J0,ON,1,YyOxOuiKx6WHoOUYV0PMhg,business
Per Se Mobile,Toronto,7,,Downtown Core,"['Food Stands', 'Restaurants', 'Food', 'Food Trucks']",43.653226,4.0,"['BusinessAcceptsCreditCards: False', ""BusinessParking: {'garage': False, 'street': False, 'validated': False, 'lot': False, 'valet': False}"", 'RestaurantsPriceRange2: 1']",-79.3831843,,,ON,1,8AAHDz9VIAvq8XbKJHrSrg,business
Emjay's New York Pizza,Las Vegas,7,"['Monday 11:0-21:0', 'Tuesday 11:0-21:0', 'Wednesday 11:0-21:0', 'Thursday 11:0-21:0', 'Friday 11:0-22:0', 'Saturday 11:0-22:0', 'Sunday 11:0-21:0']",Southwest,"['Pizza', 'Restaurants']",36.04577,3.5,"[""Ambience: {'romantic': False, 'intimate': False, 'classy': False, 'hipster': False, 'divey': False, 'touristy': False, 'trendy': False, 'upscale': False, 'casual': True}"", ""BusinessParking: {'garage': False, 'street': False, 'validated': False, 'lot': False, 'valet': False}"", 'OutdoorSeating: False', 'RestaurantsDelivery: True', 'RestaurantsReservations: False']",-115.243934,7835 S Rainbow Blvd,89113,NV,0,7k6uHs6oPyh5AuaqrhC5yw,business
The Signature Kitchen,Toronto,18,"['Tuesday 11:30-22:30', 'Wednesday 11:30-22:30', 'Thursday 11:30-22:30', 'Friday 11:30-22:30', 'Saturday 16:0-22:30', 'Sunday 12:30-21:30']",The Danforth,"['Restaurants', 'Sushi Bars']",43.6831128,4.0,"['Alcohol: full_bar', ""Ambience: {'romantic': False, 'intimate': False, 'classy': False, 'hipster': False, 'touristy': False, 'trendy': False, 'upscale': False, 'casual': True}"", 'BikeParking: True', 'BusinessAcceptsCreditCards: True', ""BusinessParking: {'garage': False, 'street': True, 'validated': False, 'lot': False, 'valet': False}"", 'GoodForKids: True', ""GoodForMeal: {'dessert': False, 'latenight': False, 'lunch': False, 'dinner': False, 'breakfast': False, 'brunch': False}"", 'HasTV: True', 'NoiseLevel: average', 'OutdoorSeating: False', 'RestaurantsAttire: casual', 'RestaurantsDelivery: False', 'RestaurantsGoodForGroups: True', 'RestaurantsPriceRange2: 2', 'RestaurantsReservations: True', 'RestaurantsTableService: True', 'RestaurantsTakeOut: True', 'WiFi: free']",-79.3248315,1524 Danforth Avenue,M4J 1N4,ON,0,UrOFpcqH8Lixb2hpeJlX2Q,business
The Huntsman Tavern,Toronto,32,"['Monday 17:0-0:0', 'Tuesday 17:0-0:0', 'Wednesday 17:0-0:0', 'Thursday 17:0-0:0', 'Friday 15:0-2:0', 'Saturday 10:30-2:0', 'Sunday 10:30-0:0']",Dufferin Grove,"['Restaurants', 'Comfort Food', 'Gastropubs']",43.6540191892,3.0,"['Alcohol: full_bar', ""Ambience: {'romantic': False, 'intimate': False, 'classy': False, 'hipster': False, 'touristy': False, 'trendy': False, 'upscale': False, 'casual': False}"", 'BikeParking: True', 'BusinessAcceptsCreditCards: True', ""BusinessParking: {'garage': False, 'street': True, 'validated': False, 'lot': False, 'valet': False}"", 'DogsAllowed: True', 'GoodForKids: True', ""GoodForMeal: {'dessert': False, 'latenight': False, 'lunch': True, 'dinner': False, 'breakfast': False, 'brunch': False}"", 'HasTV: True', 'NoiseLevel: average', 'OutdoorSeating: True', 'RestaurantsAttire: casual', 'RestaurantsDelivery: False', 'RestaurantsGoodForGroups: True', 'RestaurantsPriceRange2: 2', 'RestaurantsReservations: True', 'RestaurantsTableService: True', 'RestaurantsTakeOut: True', 'WiFi: free']",-79.4250432118,890 College Street,M6H 1A3,ON,0,N8T_eijvaIh4eJ69mBz9FQ,business
JOEY Don Mills,Toronto,239,"['Monday 11:0-2:0', 'Tuesday 11:0-2:0', 'Wednesday 11:0-2:0', 'Thursday 11:0-2:0', 'Friday 11:0-2:0', 'Saturday 11:0-2:0', 'Sunday 11:0-2:0']",,"['American (New)', 'Canadian (New)', 'Restaurants']",43.737554,3.5,"['Alcohol: full_bar', ""Ambience: {'romantic': False, 'intimate': False, 'classy': False, 'hipster': False, 'touristy': False, 'trendy': True, 'upscale': False, 'casual': False}"", 'BikeParking: True', 'BusinessAcceptsCreditCards: True', ""BusinessParking: {'garage': False, 'street': True, 'validated': False, 'lot': False, 'valet': True}"", 'Caters: False', 'GoodForKids: False', ""GoodForMeal: {'dessert': False, 'latenight': False, 'lunch': False, 'dinner': True, 'breakfast': False, 'brunch': False}"", 'HasTV: True', 'NoiseLevel: average', 'OutdoorSeating: True', 'RestaurantsAttire: casual', 'RestaurantsDelivery: False', 'RestaurantsGoodForGroups: True', 'RestaurantsPriceRange2: 2', 'RestaurantsReservations: True', 'RestaurantsTableService: True', 'RestaurantsTakeOut: True', 'WheelchairAccessible: True', 'WiFi: free']",-79.343523,1090 Don Mills Road,M3C 0H2,ON,1,dw2ST-AHUbu2xq0QNfngBA,business
Villa Massimo,La Prairie,4,"['Monday 11:0-23:0', 'Tuesday 11:0-23:0', 'Wednesday 11:0-23:0', 'Thursday 11:0-23:0', 'Friday 11:0-23:0', 'Saturday 17:0-23:0', 'Sunday 17:0-22:0']",,"['Italian', 'Restaurants']",45.4190204,4.0,"['Alcohol: full_bar', ""Ambience: {'romantic': False, 'intimate': False, 'classy': False, 'hipster': False, 'touristy': False, 'trendy': False, 'upscale': False, 'casual': False}"", 'BusinessAcceptsCreditCards: True', ""BusinessParking: {'garage': False, 'street': False, 'validated': False, 'lot': True, 'valet': False}"", 'Caters: False', ""GoodForMeal: {'dessert': False, 'latenight': False, 'lunch': False, 'dinner': False, 'breakfast': False, 'brunch': False}"", 'HasTV: False', 'NoiseLevel: quiet', 'OutdoorSeating: False', 'RestaurantsAttire: dressy', 'RestaurantsDelivery: False', 'RestaurantsGoodForGroups: True', 'RestaurantsPriceRange2: 4', 'RestaurantsReservations: True', 'RestaurantsTableService: True', 'RestaurantsTakeOut: True', 'WheelchairAccessible: True', 'WiFi: free']",-73.4875072,120 Boulevard Taschereau,J5R 1S8,QC,1,-GOpxpQbDcfioE-vQ55h6A,business
Vienna West,Cleveland,3,,Puritas-Longmead,"['Sandwiches', 'Restaurants']",41.4389931,5.0,"['Alcohol: beer_and_wine', ""Ambience: {'romantic': False, 'intimate': False, 'classy': False, 'hipster': False, 'divey': False, 'touristy': False, 'trendy': False, 'upscale': False, 'casual': False}"", 'BusinessAcceptsCreditCards: True', ""BusinessParking: {'garage': False, 'street': False, 'validated': False, 'lot': False, 'valet': False}"", 'Caters: True', 'GoodForKids: False', ""GoodForMeal: {'dessert': False, 'latenight': False, 'lunch': False, 'dinner': False, 'breakfast': False, 'brunch': False}"", 'HasTV: False', 'NoiseLevel: quiet', 'OutdoorSeating: False', 'RestaurantsAttire: casual', 'RestaurantsDelivery: False', 'RestaurantsGoodForGroups: False', 'RestaurantsPriceRange2: 1', 'RestaurantsReservations: False', 'RestaurantsTableService: False', 'RestaurantsTakeOut: True', 'WiFi: no']",-81.7783296,12808 Bellaire Rd,44135,OH,1,4pc7356HgsRdDwkHf2BVhg,business
Darvish Restaurant Tempus,Toronto,51,"['Monday 12:0-14:0', 'Monday 17:0-21:0', 'Tuesday 12:0-14:0', 'Tuesday 17:0-21:0', 'Wednesday 12:0-14:0', 'Wednesday 17:0-21:0', 'Thursday 12:0-14:0', 'Thursday 17:0-21:0', 'Friday 12:0-14:0', 'Friday 17:0-21:0', 'Saturday 12:0-14:0', 'Saturday 17:0-21:0', 'Sunday 15:0-21:0']",Downtown Core,"['Persian/Iranian', 'Restaurants']",43.6634434,4.0,"['Alcohol: full_bar', ""Ambience: {'romantic': False, 'intimate': False, 'classy': False, 'hipster': False, 'touristy': False, 'trendy': False, 'upscale': False, 'casual': True}"", 'BikeParking: True', 'BusinessAcceptsCreditCards: True', ""BusinessParking: {'garage': False, 'street': True, 'validated': False, 'lot': False, 'valet': False}"", 'Caters: True', 'GoodForKids: True', 'HasTV: True', 'NoiseLevel: quiet', 'OutdoorSeating: False', 'RestaurantsAttire: casual', 'RestaurantsDelivery: False', 'RestaurantsGoodForGroups: True', 'RestaurantsPriceRange2: 2', 'RestaurantsReservations: True', 'RestaurantsTableService: True', 'RestaurantsTakeOut: True', 'WheelchairAccessible: True', 'WiFi: no', ""GoodForMeal: {'dessert': False, 'latenight': False, 'lunch': True, 'dinner': True, 'breakfast': False, 'brunch': False}""]",-79.3839626,508 Yonge Street,M4Y 1X9,ON,1,2Y-28XrkMeeA4FFvv_73tw,business
Sophie Sucrée,Montréal,54,"['Monday 11:0-18:0', 'Tuesday 11:0-18:0', 'Wednesday 11:0-18:0', 'Thursday 10:0-18:0', 'Friday 11:0-21:0', 'Saturday 11:0-20:0', 'Sunday 11:0-18:0']",Plateau-Mont-Royal,"['Restaurants', 'Vegan', 'Desserts', 'Food', 'Bakeries', 'Tea Rooms']",45.5166927,4.5,"['BikeParking: True', 'BusinessAcceptsCreditCards: True', ""BusinessParking: {'garage': False, 'street': True, 'validated': False, 'lot': False, 'valet': False}"", 'RestaurantsDelivery: False', 'RestaurantsPriceRange2: 2', 'RestaurantsTakeOut: True', 'WiFi: free']",-73.5738633,167 Avenue Des Pins E,H2W 1N9,QC,1,Y9RPOP5Bk3eRIWFNYkEahQ,business
Grandma's Kitchen,Mesa,15,,,"['Breakfast & Brunch', 'Restaurants', 'American (Traditional)']",33.4343748,4.0,"['Alcohol: none', ""Ambience: {'romantic': False, 'intimate': False, 'classy': False, 'hipster': False, 'divey': False, 'touristy': False, 'trendy': False, 'upscale': False, 'casual': True}"", 'BikeParking: True', 'BusinessAcceptsCreditCards: True', ""BusinessParking: {'garage': False, 'street': False, 'validated': False, 'lot': False, 'valet': False}"", 'Caters: True', 'GoodForKids: True', ""GoodForMeal: {'dessert': False, 'latenight': False, 'lunch': False, 'dinner': False, 'breakfast': True, 'brunch': False}"", 'HasTV: False', 'NoiseLevel: average', 'OutdoorSeating: False', 'RestaurantsAttire: casual', 'RestaurantsDelivery: False', 'RestaurantsGoodForGroups: False', 'RestaurantsPriceRange2: 1', 'RestaurantsReservations: False', 'RestaurantsTableService: True', 'RestaurantsTakeOut: True', 'WiFi: free']",-111.82412,"323 E Brown Rd, Ste 201",85201,AZ,1,_33-XWJONocBnsQZX3JGFQ,business
Noodle & Rice,Phoenix,185,"['Monday 11:30-15:0', 'Monday 16:30-21:0', 'Tuesday 11:30-15:0', 'Tuesday 16:30-21:0', 'Wednesday 11:30-15:0', 'Wednesday 16:30-21:0', 'Thursday 11:30-15:0', 'Thursday 16:30-21:0', 'Friday 11:30-15:0', 'Friday 16:30-21:0', 'Saturday 12:0-21:0']",,"['Noodles', 'Chinese', 'Thai', 'Restaurants']",33.5962271,4.0,"['Alcohol: none', ""Ambience: {'romantic': False, 'intimate': False, 'classy': False, 'hipster': False, 'divey': False, 'touristy': False, 'trendy': False, 'upscale': False, 'casual': True}"", 'BikeParking: True', 'BusinessAcceptsCreditCards: True', ""BusinessParking: {'garage': False, 'street': False, 'validated': False, 'lot': True, 'valet': False}"", 'Caters: True', 'GoodForKids: True', ""GoodForMeal: {'dessert': False, 'latenight': False, 'lunch': True, 'dinner': True, 'breakfast': False, 'brunch': False}"", 'HasTV: True', 'NoiseLevel: quiet', 'OutdoorSeating: False', 'RestaurantsAttire: casual', 'RestaurantsDelivery: True', 'RestaurantsGoodForGroups: False', 'RestaurantsPriceRange2: 1', 'RestaurantsReservations: True', 'RestaurantsTableService: True', 'RestaurantsTakeOut: True', 'WheelchairAccessible: True', 'WiFi: free']",-112.0359509,"2017 E Cactus Rd, Ste G",85022,AZ,1,cXdQ3H0GqcIzRgrvBEaBxw,business
Taco Bell,Mesa,8,"['Monday 7:0-23:0', 'Tuesday 7:0-23:0', 'Wednesday 7:0-23:0', 'Thursday 7:0-23:0', 'Friday 7:0-0:0', 'Saturday 7:0-0:0', 'Sunday 7:0-23:0']",,"['Mexican', 'Tex-Mex', 'Restaurants', 'Fast Food']",33.390448,2.0,"['Alcohol: none', ""Ambience: {'romantic': False, 'intimate': False, 'classy': False, 'hipster': False, 'divey': False, 'touristy': False, 'trendy': False, 'upscale': False, 'casual': False}"", 'BikeParking: True', 'BusinessAcceptsCreditCards: True', ""BusinessParking: {'garage': False, 'street': False, 'validated': False, 'lot': False, 'valet': False}"", 'Caters: False', 'DriveThru: True', 'GoodForKids: True', ""GoodForMeal: {'dessert': False, 'latenight': False, 'lunch': True, 'dinner': False, 'breakfast': False, 'brunch': False}"", 'HasTV: False', 'NoiseLevel: average', 'OutdoorSeating: False', 'RestaurantsAttire: casual', 'RestaurantsDelivery: False', 'RestaurantsGoodForGroups: True', 'RestaurantsPriceRange2: 1', 'RestaurantsReservations: False', 'RestaurantsTableService: False', 'RestaurantsTakeOut: True', 'WiFi: free']",-111.839987,1256 South Country Club Dr,85210,AZ,1,LIHuRVXlR_MPZTJZJQMQGA,business
Wraps & Jerk,Toronto,7,,,"['Caribbean', 'Restaurants']",43.7677879333,3.5,"['Alcohol: none', ""Ambience: {'romantic': False, 'intimate': False, 'classy': False, 'hipster': False, 'touristy': False, 'trendy': False, 'upscale': False, 'casual': False}"", 'BikeParking: False', 'BusinessAcceptsCreditCards: True', ""BusinessParking: {'garage': False, 'street': False, 'validated': False, 'lot': False, 'valet': False}"", 'GoodForKids: True', ""GoodForMeal: {'dessert': False, 'latenight': False, 'lunch': False, 'dinner': False, 'breakfast': False, 'brunch': False}"", 'HasTV: False', 'NoiseLevel: average', 'OutdoorSeating: False', 'RestaurantsAttire: casual', 'RestaurantsDelivery: False', 'RestaurantsGoodForGroups: False', 'RestaurantsPriceRange2: 2', 'RestaurantsReservations: False', 'RestaurantsTableService: True', 'RestaurantsTakeOut: True', 'WiFi: no']",-79.4717178345,1046 Finch Avenue,M3J 2E5,ON,1,Ehq7wmTyxVdTJkv_MoRqmg,business
Crunch Donut Factory,Las Vegas,27,"['Monday 0:0-0:0', 'Tuesday 0:0-0:0', 'Wednesday 0:0-0:0', 'Thursday 0:0-0:0', 'Friday 0:0-0:0', 'Saturday 0:0-0:0', 'Sunday 0:0-0:0']",University,"['Waffles', 'Desserts', 'Restaurants', 'Cupcakes', 'Donuts', 'Ice Cream & Frozen Yogurt', 'Food']",36.1080747,4.0,"['BikeParking: True', 'BusinessAcceptsBitcoin: False', 'BusinessAcceptsCreditCards: True', ""BusinessParking: {'garage': False, 'street': False, 'validated': False, 'lot': True, 'valet': False}"", 'DogsAllowed: False', 'RestaurantsDelivery: True', 'RestaurantsTakeOut: True', 'WheelchairAccessible: True', 'WiFi: free', 'RestaurantsPriceRange2: 2']",-115.1363806,"1220 E Harmon Ave, Ste A",89119,NV,1,2rvBPUBtQU0WfcOAHLQWRQ,business
Machu Picchu Peruvian Cuisine & Bar,Pineville,89,"['Monday 11:0-22:0', 'Tuesday 11:0-22:0', 'Wednesday 11:0-22:0', 'Thursday 11:0-22:0', 'Friday 11:0-0:0', 'Saturday 10:0-0:0', 'Sunday 10:0-22:0']",,"['Restaurants', 'Latin American', 'Peruvian']",35.082645,3.5,"['Alcohol: full_bar', ""Ambience: {'romantic': False, 'intimate': False, 'classy': False, 'hipster': False, 'divey': False, 'touristy': False, 'trendy': False, 'upscale': False, 'casual': True}"", 'BikeParking: True', 'BusinessAcceptsCreditCards: True', ""BusinessParking: {'garage': False, 'street': False, 'validated': False, 'lot': True, 'valet': False}"", 'Caters: True', 'DogsAllowed: False', 'GoodForKids: True', ""GoodForMeal: {'dessert': False, 'latenight': False, 'lunch': True, 'dinner': True, 'breakfast': False, 'brunch': False}"", 'HasTV: True', 'NoiseLevel: average', 'OutdoorSeating: False', 'RestaurantsAttire: casual', 'RestaurantsDelivery: True', 'RestaurantsGoodForGroups: True', 'RestaurantsPriceRange2: 2', 'RestaurantsReservations: True', 'RestaurantsTableService: True', 'RestaurantsTakeOut: True', 'WheelchairAccessible: True', 'WiFi: free']",-80.885621,"315 S Polk St, Ste 4E",28134,NC,1,dHszFOyOkBBOwQaZgg7Vhw,business
Waffle House,Pineville,18,"['Monday 0:0-0:0', 'Tuesday 0:0-0:0', 'Wednesday 0:0-0:0', 'Thursday 0:0-0:0', 'Friday 0:0-0:0', 'Saturday 0:0-0:0', 'Sunday 0:0-0:0']",,"['Restaurants', 'Waffles', 'Burgers', 'Diners', 'Fast Food', 'American (Traditional)', 'American (New)', 'Breakfast & Brunch']",35.087963,3.5,"['Alcohol: none', ""Ambience: {'romantic': False, 'intimate': False, 'classy': False, 'hipster': False, 'divey': False, 'touristy': False, 'trendy': False, 'upscale': False, 'casual': True}"", 'BikeParking: False', 'BusinessAcceptsCreditCards: True', ""BusinessParking: {'garage': False, 'street': False, 'validated': False, 'lot': True, 'valet': False}"", 'Caters: False', 'DriveThru: False', 'GoodForKids: True', ""GoodForMeal: {'dessert': False, 'latenight': False, 'lunch': False, 'dinner': False, 'breakfast': False, 'brunch': True}"", 'HasTV: False', 'NoiseLevel: loud', 'OutdoorSeating: False', 'RestaurantsAttire: casual', 'RestaurantsDelivery: False', 'RestaurantsGoodForGroups: True', 'RestaurantsPriceRange2: 1', 'RestaurantsReservations: False', 'RestaurantsTableService: True', 'RestaurantsTakeOut: True', 'WiFi: no']",-80.858488,8220 Pineville Matthews Rd,28134,NC,1,MDJqm5KN1hFWm4R2VtNIlw,business
Papa Murphy's Take 'n' Bake Pizza,Henderson,20,"['Monday 11:0-20:0', 'Tuesday 11:0-20:0', 'Wednesday 11:0-20:0', 'Thursday 11:0-20:0', 'Friday 11:0-21:0', 'Saturday 11:0-21:0', 'Sunday 11:0-20:0']",,"['Pizza', 'Restaurants']",36.0142886,4.0,"['Alcohol: none', ""Ambience: {'romantic': False, 'intimate': False, 'classy': False, 'hipster': False, 'divey': False, 'touristy': False, 'trendy': False, 'upscale': False, 'casual': True}"", 'BikeParking: True', 'BusinessAcceptsCreditCards: True', ""BusinessParking: {'garage': False, 'street': False, 'validated': False, 'lot': False, 'valet': False}"", 'Caters: True', 'GoodForKids: True', ""GoodForMeal: {'dessert': False, 'latenight': False, 'lunch': True, 'dinner': False, 'breakfast': False, 'brunch': False}"", 'HasTV: False', 'NoiseLevel: quiet', 'OutdoorSeating: False', 'RestaurantsAttire: casual', 'RestaurantsDelivery: False', 'RestaurantsGoodForGroups: False', 'RestaurantsPriceRange2: 1', 'RestaurantsReservations: False', 'RestaurantsTableService: False', 'RestaurantsTakeOut: True', 'WiFi: no']",-114.9642522,565 S College Dr,89015,NV,1,qCtjJp2tI-RyennIpfN6Wg,business
Tex Tubb's Taco Palace,Madison,242,"['Monday 11:0-21:0', 'Tuesday 11:0-21:0', 'Wednesday 11:0-22:0', 'Thursday 11:0-22:0', 'Friday 11:0-23:0', 'Saturday 10:0-23:0', 'Sunday 10:0-21:0']",Williamson - Marquette,"['Restaurants', 'Mexican', 'Tex-Mex']",43.0920977,3.5,"['Alcohol: full_bar', ""Ambience: {'romantic': False, 'intimate': False, 'classy': False, 'hipster': False, 'divey': False, 'touristy': False, 'trendy': False, 'upscale': False, 'casual': True}"", 'BYOB: False', 'BYOBCorkage: yes_free', 'BikeParking: True', 'BusinessAcceptsBitcoin: False', 'BusinessAcceptsCreditCards: True', ""BusinessParking: {'garage': False, 'street': True, 'validated': False, 'lot': True, 'valet': False}"", 'Caters: True', 'Corkage: False', 'GoodForKids: True', ""GoodForMeal: {'dessert': False, 'latenight': False, 'lunch': False, 'dinner': True, 'breakfast': False, 'brunch': False}"", 'HasTV: True', 'NoiseLevel: average', 'OutdoorSeating: False', 'RestaurantsAttire: casual', 'RestaurantsDelivery: False', 'RestaurantsGoodForGroups: True', 'RestaurantsPriceRange2: 2', 'RestaurantsReservations: False', 'RestaurantsTableService: True', 'RestaurantsTakeOut: True', 'WheelchairAccessible: True', 'WiFi: free']",-89.3547317,2009 Atwood Ave,53704,WI,1,aWYWNfHuQJyRwDHaHq8X1w,business
Roti Palace of India,Toronto,4,"['Monday 11:0-22:0', 'Tuesday 11:0-22:0', 'Wednesday 11:0-22:0', 'Thursday 11:0-22:0', 'Friday 11:0-22:0', 'Saturday 12:0-22:0', 'Sunday 12:0-22:0']",Etobicoke,"['Restaurants', 'Indian']",43.64522,3.5,"['RestaurantsAttire: casual', 'RestaurantsGoodForGroups: True', 'RestaurantsPriceRange2: 2', 'Alcohol: beer_and_wine', ""Ambience: {'romantic': False, 'intimate': False, 'classy': False, 'hipster': False, 'touristy': False, 'trendy': False, 'upscale': False, 'casual': False}"", ""BusinessParking: {'garage': False, 'street': False, 'validated': False, 'lot': False, 'valet': False}"", 'Caters: True', 'GoodForKids: True', ""GoodForMeal: {'dessert': False, 'latenight': False, 'lunch': False, 'dinner': False, 'breakfast': False, 'brunch': False}"", 'HasTV: False', 'OutdoorSeating: False', 'RestaurantsDelivery: True', 'RestaurantsTableService: True', 'RestaurantsTakeOut: True']",-79.520588,3321 Bloor Street W,M8X 1E7,ON,1,qDv5GyT2tzlJrbtxqzasQA,business
Don Tequila Mexican Restaurant,Cleveland,3,,,"['Mexican', 'Restaurants']",41.4007245,4.0,"['Alcohol: full_bar', ""Ambience: {'romantic': False, 'intimate': False, 'classy': False, 'hipster': False, 'divey': False, 'touristy': False, 'trendy': False, 'upscale': False, 'casual': False}"", 'BusinessAcceptsCreditCards: True', ""BusinessParking: {'garage': False, 'street': False, 'validated': False, 'lot': True, 'valet': False}"", 'GoodForKids: True', ""GoodForMeal: {'dessert': False, 'latenight': False, 'lunch': True, 'dinner': True, 'breakfast': False, 'brunch': False}"", 'OutdoorSeating: False', 'RestaurantsAttire: casual', 'RestaurantsDelivery: False', 'RestaurantsGoodForGroups: True', 'RestaurantsPriceRange2: 1', 'RestaurantsTableService: True', 'RestaurantsTakeOut: True', 'WheelchairAccessible: True']",-81.5956779,12678 Rockside Rd,44146,OH,0,qmm3eoSgi_tCZx9h-zSOFg,business
Bazar Café,Montréal,20,"['Tuesday 9:0-16:0', 'Wednesday 9:0-16:0', 'Thursday 9:0-16:0', 'Friday 9:0-16:0', 'Saturday 9:0-16:0', 'Sunday 9:0-16:0']",Rosemont-La Petite-Patrie,"['Moroccan', 'Breakfast & Brunch', 'Restaurants', 'Sandwiches']",45.5326801,4.5,"['Alcohol: none', ""Ambience: {'romantic': False, 'intimate': False, 'classy': False, 'hipster': False, 'touristy': False, 'trendy': False, 'upscale': False, 'casual': False}"", 'BikeParking: False', 'BusinessAcceptsCreditCards: True', ""BusinessParking: {'garage': False, 'street': False, 'validated': False, 'lot': False, 'valet': False}"", 'GoodForKids: True', ""GoodForMeal: {'dessert': False, 'latenight': False, 'lunch': False, 'dinner': False, 'breakfast': False, 'brunch': True}"", 'HasTV: False', 'NoiseLevel: quiet', 'OutdoorSeating: True', 'RestaurantsAttire: casual', 'RestaurantsDelivery: False', 'RestaurantsGoodForGroups: True', 'RestaurantsPriceRange2: 2', 'RestaurantsReservations: True', 'RestaurantsTableService: True', 'RestaurantsTakeOut: False', 'WiFi: free']",-73.606052,278 Rue Beaubien E,H2S 1R6,QC,1,LW7EEaacxj9_UyMVTocWEA,business
Subway,Peoria,6,"['Monday 7:0-22:0', 'Tuesday 7:0-22:0', 'Wednesday 7:0-22:0', 'Thursday 7:0-22:0', 'Friday 7:0-22:0', 'Saturday 8:0-22:0', 'Sunday 9:0-21:0']",,"['Restaurants', 'Fast Food', 'Sandwiches']",33.564146,4.0,"['BusinessAcceptsCreditCards: True', 'GoodForKids: True', ""GoodForMeal: {'dessert': False, 'latenight': False, 'lunch': False, 'dinner': False, 'breakfast': False, 'brunch': False}"", 'RestaurantsAttire: casual', 'RestaurantsDelivery: False', 'RestaurantsGoodForGroups: False', 'RestaurantsPriceRange2: 1', 'RestaurantsReservations: False', 'RestaurantsTakeOut: True']",-112.2884145,"8877 N 107th Ave, Ste 302",85345,AZ,1,KrG_CXYZDqYirhA6QbQN8Q,business
La Khaïma,Montréal,40,"['Tuesday 17:0-22:0', 'Wednesday 17:0-22:0', 'Thursday 17:0-22:0', 'Friday 17:0-22:0', 'Saturday 10:0-15:0', 'Sunday 10:0-15:0']",Plateau-Mont-Royal,"['Moroccan', 'Restaurants', 'Middle Eastern', 'Egyptian', 'African']",45.522006,4.0,"['Alcohol: none', 'BikeParking: True', 'BusinessAcceptsCreditCards: True', ""BusinessParking: {'garage': False, 'street': True, 'validated': False, 'lot': False, 'valet': False}"", 'Caters: True', 'GoodForKids: True', ""GoodForMeal: {'dessert': False, 'latenight': False, 'lunch': False, 'dinner': True, 'breakfast': False, 'brunch': False}"", 'HasTV: False', 'NoiseLevel: average', 'OutdoorSeating: False', 'RestaurantsAttire: casual', 'RestaurantsDelivery: False', 'RestaurantsGoodForGroups: True', 'RestaurantsPriceRange2: 2', 'RestaurantsReservations: True', 'RestaurantsTableService: True', 'RestaurantsTakeOut: True', 'WheelchairAccessible: False', 'WiFi: free', ""Ambience: {'romantic': False, 'intimate': False, 'classy': False, 'hipster': False, 'touristy': False, 'trendy': False, 'upscale': False, 'casual': True}""]",-73.595967,142 Avenue Fairmount  O,H2T 2M5,QC,1,lbNrAWLlxOKw1lS_DKvziQ,business
Amir,Laval,4,,Laval,"['Middle Eastern', 'Food', 'Ethnic Food', 'Imported Food', 'Lebanese', 'Specialty Food', 'Restaurants']",45.5584654,2.0,"['BikeParking: True', 'BusinessAcceptsCreditCards: True', ""BusinessParking: {'garage': False, 'street': True, 'validated': False, 'lot': False, 'valet': False}"", 'GoodForKids: True', 'RestaurantsAttire: casual', 'RestaurantsGoodForGroups: True', 'RestaurantsPriceRange2: 1']",-73.7255358,1130 Boulevard Le Corbusier,H7N 6J5,QC,1,rj631deBGpt9FFpb6rNUuQ,business
Denny's,Chandler,37,"['Monday 0:0-0:0', 'Tuesday 0:0-0:0', 'Wednesday 0:0-0:0', 'Thursday 0:0-0:0', 'Friday 0:0-0:0', 'Saturday 0:0-0:0', 'Sunday 0:0-0:0']",,"['American (New)', 'Restaurants', 'Breakfast & Brunch', 'Fast Food', 'American (Traditional)', 'Diners']",33.3066004187,3.0,"['Alcohol: none', ""Ambience: {'romantic': False, 'intimate': False, 'classy': False, 'hipster': False, 'divey': True, 'touristy': False, 'trendy': False, 'upscale': False, 'casual': False}"", 'BYOBCorkage: no', 'BikeParking: True', 'BusinessAcceptsCreditCards: True', ""BusinessParking: {'garage': False, 'street': False, 'validated': False, 'lot': True, 'valet': False}"", 'Caters: False', 'DriveThru: False', 'GoodForKids: True', 'HasTV: True', 'NoiseLevel: average', 'OutdoorSeating: False', 'RestaurantsAttire: casual', 'RestaurantsDelivery: False', 'RestaurantsGoodForGroups: True', 'RestaurantsPriceRange2: 1', 'RestaurantsReservations: False', 'RestaurantsTableService: True', 'RestaurantsTakeOut: True', 'WheelchairAccessible: True', 'WiFi: no', ""GoodForMeal: {'dessert': False, 'latenight': True, 'lunch': True, 'dinner': True, 'breakfast': True, 'brunch': True}""]",-111.872536969,1750 W Chandler Blvd,85224,AZ,1,R_-HySPgngjVOqKOK9MtaQ,business
Souper Salad,Charlotte,4,,,"['Buffets', 'American (Traditional)', 'Restaurants']",35.3184247,2.5,"['Alcohol: none', 'BusinessAcceptsCreditCards: True', ""BusinessParking: {'garage': False, 'street': False, 'validated': False, 'lot': False, 'valet': False}"", 'GoodForKids: True', ""GoodForMeal: {'dessert': False, 'latenight': False, 'lunch': False, 'dinner': False, 'breakfast': False, 'brunch': False}"", 'NoiseLevel: average', 'OutdoorSeating: False', 'RestaurantsAttire: casual', 'RestaurantsDelivery: False', 'RestaurantsGoodForGroups: False', 'RestaurantsPriceRange2: 1', 'RestaurantsReservations: False', 'RestaurantsTableService: False', 'RestaurantsTakeOut: True', 'WheelchairAccessible: True']",-80.6624269,5117 S Blvd,28217,NC,0,JXGyLKoAmNfC0IDe0NYZbA,business
Mezzo Bistro and Wine,Las Vegas,332,"['Monday 11:0-22:0', 'Tuesday 11:0-22:0', 'Wednesday 11:0-22:0', 'Thursday 11:0-22:0', 'Friday 11:0-22:0', 'Saturday 11:0-22:0', 'Sunday 11:0-21:0']",Northwest,"['Italian', 'Restaurants']",36.2371812,3.5,"['Alcohol: beer_and_wine', ""Ambience: {'romantic': True, 'intimate': False, 'classy': False, 'hipster': False, 'divey': False, 'touristy': False, 'trendy': False, 'upscale': False, 'casual': False}"", 'BikeParking: True', 'BusinessAcceptsCreditCards: True', ""BusinessParking: {'garage': False, 'street': False, 'validated': False, 'lot': True, 'valet': False}"", 'Caters: True', 'GoodForKids: True', ""GoodForMeal: {'dessert': False, 'latenight': False, 'lunch': False, 'dinner': True, 'breakfast': False, 'brunch': False}"", 'HasTV: True', 'NoiseLevel: average', 'OutdoorSeating: True', 'RestaurantsAttire: casual', 'RestaurantsDelivery: False', 'RestaurantsGoodForGroups: True', 'RestaurantsPriceRange2: 2', 'RestaurantsReservations: True', 'RestaurantsTableService: True', 'RestaurantsTakeOut: True', 'WheelchairAccessible: True', 'WiFi: free']",-115.2311905,"4275 N Rancho Dr, Ste 130",89130,NV,1,h3pMMRwqBjMeMtk0_qQzRQ,business
Fox's Pizza Den,Monroeville,4,,,"['Restaurants', 'Pizza', 'Sandwiches']",40.4452406,3.0,"['OutdoorSeating: False', 'RestaurantsPriceRange2: 2']",-79.7648453,4400 Old William Penn Hwy,15146,PA,1,gRTEQPvX3s1WzFhOPNbVeg,business
Sakanaya Restaurant,Champaign,242,"['Monday 17:0-1:0', 'Tuesday 17:0-1:0', 'Wednesday 17:0-1:0', 'Thursday 17:0-1:0', 'Friday 17:0-1:0', 'Saturday 17:0-1:0', 'Sunday 17:0-21:30']",,"['Sushi Bars', 'Restaurants', 'Japanese']",40.110113,4.5,"['Alcohol: beer_and_wine', ""Ambience: {'romantic': False, 'intimate': False, 'classy': False, 'hipster': False, 'divey': False, 'touristy': False, 'trendy': False, 'upscale': False, 'casual': False}"", 'BikeParking: True', 'BusinessAcceptsBitcoin: False', 'BusinessAcceptsCreditCards: True', ""BusinessParking: {'garage': False, 'street': True, 'validated': False, 'lot': False, 'valet': False}"", 'Caters: True', 'DogsAllowed: False', 'GoodForKids: True', ""GoodForMeal: {'dessert': False, 'latenight': False, 'lunch': False, 'dinner': True, 'breakfast': False, 'brunch': False}"", 'HasTV: False', 'NoiseLevel: average', 'OutdoorSeating: False', 'RestaurantsAttire: casual', 'RestaurantsDelivery: False', 'RestaurantsGoodForGroups: True', 'RestaurantsPriceRange2: 2', 'RestaurantsReservations: False', 'RestaurantsTableService: True', 'RestaurantsTakeOut: True', 'WheelchairAccessible: True', 'WiFi: no']",-88.233218,403 E Green St,61820,IL,1,-zEpEmDfFQL-ph0N3BDlXA,business
Esquire Lounge,Champaign,98,"['Monday 11:0-2:0', 'Tuesday 11:0-2:0', 'Wednesday 11:0-2:0', 'Thursday 11:0-2:0', 'Friday 11:0-2:0', 'Saturday 11:0-2:0', 'Sunday 11:0-2:0']",,"['American (Traditional)', 'Food', 'Nightlife', 'Bars', 'Lounges', 'Restaurants', 'Pizza', 'Beer', 'Wine & Spirits', 'Pool Halls']",40.116597,4.0,"['Alcohol: full_bar', ""Ambience: {'romantic': False, 'intimate': False, 'classy': False, 'hipster': False, 'divey': False, 'touristy': False, 'trendy': False, 'upscale': False, 'casual': True}"", 'BYOB: False', 'BYOBCorkage: no', ""BestNights: {'monday': False, 'tuesday': False, 'friday': True, 'wednesday': False, 'thursday': True, 'sunday': False, 'saturday': True}"", 'BikeParking: True', 'BusinessAcceptsCreditCards: True', ""BusinessParking: {'garage': False, 'street': True, 'validated': False, 'lot': False, 'valet': False}"", 'Caters: False', 'CoatCheck: False', 'GoodForDancing: False', 'GoodForKids: False', ""GoodForMeal: {'dessert': False, 'latenight': True, 'lunch': True, 'dinner': True, 'breakfast': False, 'brunch': False}"", 'HappyHour: True', 'HasTV: True', ""Music: {'dj': False, 'background_music': False, 'no_music': False, 'karaoke': False, 'live': False, 'video': False, 'jukebox': True}"", 'NoiseLevel: loud', 'OutdoorSeating: True', 'RestaurantsAttire: casual', 'RestaurantsDelivery: False', 'RestaurantsGoodForGroups: True', 'RestaurantsPriceRange2: 1', 'RestaurantsReservations: False', 'RestaurantsTableService: True', 'RestaurantsTakeOut: True', 'Smoking: outdoor', 'WheelchairAccessible: True', 'WiFi: free']",-88.242292,106 N Walnut St,61820,IL,1,D6SCh4BwNb52wZIqXdS4JQ,business
Dom's Patio Villa,Champaign,4,,,"['Restaurants', 'Italian']",40.114144,4.5,"['Alcohol: beer_and_wine', 'BusinessAcceptsCreditCards: True', ""BusinessParking: {'garage': False, 'street': False, 'validated': False, 'lot': False, 'valet': False}"", 'GoodForKids: True', 'RestaurantsAttire: casual', 'RestaurantsDelivery: False', 'RestaurantsGoodForGroups: True', 'RestaurantsPriceRange2: 1', 'RestaurantsReservations: True', 'RestaurantsTableService: True', 'RestaurantsTakeOut: True']",-88.239757,301 S Locust St,61820,IL,0,EcgJ_PI0DBPP1UyLCF1zxQ,business
Mas Amigos Truck,Champaign,5,"['Monday 10:0-19:0', 'Tuesday 10:0-19:0', 'Wednesday 10:0-19:0', 'Thursday 10:0-19:0', 'Friday 10:0-19:0', 'Saturday 10:0-19:0', 'Sunday 10:0-18:0']",,"['Restaurants', 'Mexican', 'Food', 'Food Trucks', 'Fast Food']",40.1270780274,3.5,"['BikeParking: True', 'BusinessAcceptsCreditCards: False', ""BusinessParking: {'garage': False, 'street': False, 'validated': False, 'lot': False, 'valet': False}"", 'Caters: True', 'RestaurantsDelivery: True', 'RestaurantsPriceRange2: 1']",-88.2578811049,899 W Bradley Ave,61820,IL,1,xLeOANU-lqtDOIV6Owm3EQ,business
Pizza Hut,Charlotte,23,,,"['Italian', 'Chicken Wings', 'Restaurants', 'Pizza']",35.2440597,1.0,"['Alcohol: none', ""Ambience: {'romantic': False, 'intimate': False, 'classy': False, 'hipster': False, 'divey': False, 'touristy': False, 'trendy': False, 'upscale': False, 'casual': False}"", 'BikeParking: False', 'BusinessAcceptsCreditCards: True', ""BusinessParking: {'garage': False, 'street': False, 'validated': False, 'lot': False, 'valet': False}"", 'Caters: False', 'GoodForKids: False', ""GoodForMeal: {'dessert': False, 'latenight': False, 'lunch': False, 'dinner': False, 'breakfast': False, 'brunch': False}"", 'HasTV: True', 'NoiseLevel: loud', 'OutdoorSeating: False', 'RestaurantsAttire: casual', 'RestaurantsDelivery: True', 'RestaurantsGoodForGroups: True', 'RestaurantsPriceRange2: 2', 'RestaurantsReservations: False', 'RestaurantsTableService: True', 'RestaurantsTakeOut: True', 'WheelchairAccessible: False', 'WiFi: no']",-80.8919965,3215 Freedon Dr,28208,NC,1,ko9dETTvmKgqFuxJ2jbLtA,business
Maestro SVP,Montréal,68,"['Monday 16:0-22:0', 'Tuesday 16:0-22:0', 'Wednesday 16:0-22:0', 'Thursday 16:0-23:0', 'Friday 16:0-23:0', 'Saturday 16:0-23:0', 'Sunday 16:0-22:0']",Plateau-Mont-Royal,"['Restaurants', 'Seafood', 'Tapas/Small Plates']",45.5142762,4.0,"['Alcohol: full_bar', ""Ambience: {'romantic': False, 'intimate': False, 'classy': False, 'hipster': False, 'touristy': False, 'trendy': True, 'upscale': False, 'casual': False}"", 'BikeParking: True', 'BusinessAcceptsCreditCards: True', ""BusinessParking: {'garage': False, 'street': True, 'validated': False, 'lot': False, 'valet': False}"", 'Caters: False', 'GoodForKids: False', ""GoodForMeal: {'dessert': False, 'latenight': False, 'lunch': False, 'dinner': True, 'breakfast': False, 'brunch': False}"", 'HasTV: False', 'NoiseLevel: average', 'OutdoorSeating: True', 'RestaurantsAttire: casual', 'RestaurantsDelivery: False', 'RestaurantsGoodForGroups: True', 'RestaurantsPriceRange2: 3', 'RestaurantsReservations: True', 'RestaurantsTableService: True', 'RestaurantsTakeOut: False', 'WheelchairAccessible: True', 'WiFi: no']",-73.5729452,3615 Boulevard Saint-Laurent,H2X 1V5,QC,1,o99TYf1ZOVM1j9gWw9vclA,business
Pinon Grill,Scottsdale,42,"['Monday 6:30-22:0', 'Tuesday 6:30-22:0', 'Wednesday 6:30-22:0', 'Thursday 6:30-22:0', 'Friday 6:30-22:0', 'Saturday 6:30-22:0', 'Sunday 6:30-22:0']",,"['Hotels & Travel', 'Event Planning & Services', 'Restaurants', 'American (New)', 'Hotels']",33.5479573,3.5,"['Alcohol: full_bar', ""Ambience: {'romantic': False, 'intimate': False, 'classy': False, 'hipster': False, 'divey': False, 'touristy': False, 'trendy': False, 'upscale': False, 'casual': False}"", 'BikeParking: True', 'BusinessAcceptsCreditCards: True', ""BusinessParking: {'garage': False, 'street': False, 'validated': False, 'lot': True, 'valet': False}"", 'GoodForKids: True', 'HasTV: True', 'OutdoorSeating: True', 'RestaurantsAttire: casual', 'RestaurantsDelivery: False', 'RestaurantsGoodForGroups: True', 'RestaurantsPriceRange2: 3', 'RestaurantsReservations: True', 'RestaurantsTableService: True', 'RestaurantsTakeOut: True', 'WheelchairAccessible: True', 'WiFi: no', 'NoiseLevel: quiet', ""GoodForMeal: {'dessert': False, 'latenight': False, 'lunch': True, 'dinner': True, 'breakfast': False, 'brunch': False}""]",-111.9247993,7401 N Scottsdale Rd,85253,AZ,1,8syeNR6GsIBp1r99vUuHhQ,business
P.J.'s Luncheonette,Cleveland,36,"['Monday 6:0-16:0', 'Tuesday 6:0-16:0', 'Wednesday 6:0-16:0', 'Thursday 6:0-16:0', 'Friday 6:0-16:0', 'Saturday 7:0-14:0']",Gateway District,"['Diners', 'Breakfast & Brunch', 'Restaurants', 'Coffee & Tea', 'Food']",41.4991795,3.5,"['Alcohol: none', ""Ambience: {'romantic': False, 'intimate': False, 'classy': False, 'hipster': False, 'divey': True, 'touristy': False, 'trendy': False, 'upscale': False, 'casual': False}"", 'BikeParking: True', 'BusinessAcceptsCreditCards: True', ""BusinessParking: {'garage': False, 'street': True, 'validated': False, 'lot': False, 'valet': False}"", 'Caters: False', 'GoodForKids: True', ""GoodForMeal: {'dessert': False, 'latenight': False, 'lunch': False, 'dinner': False, 'breakfast': True, 'brunch': False}"", 'HasTV: False', 'NoiseLevel: quiet', 'OutdoorSeating: False', 'RestaurantsAttire: casual', 'RestaurantsDelivery: False', 'RestaurantsGoodForGroups: False', 'RestaurantsPriceRange2: 1', 'RestaurantsReservations: False', 'RestaurantsTableService: True', 'RestaurantsTakeOut: True', 'WheelchairAccessible: True', 'WiFi: no']",-81.689137,"530 Euclid Ave, Ste 10",44115,OH,0,1ForN8iXqYZ_dZZcOkvVeA,business
Ruby's Diner,Chandler,3,,,['Restaurants'],33.3016651,4.5,"['BYOB: False', 'BYOBCorkage: no', 'BusinessAcceptsCreditCards: True', ""BusinessParking: {'garage': False, 'street': False, 'validated': False, 'lot': False, 'valet': False}"", 'GoodForKids: True', ""GoodForMeal: {'dessert': False, 'latenight': False, 'lunch': False, 'dinner': False, 'breakfast': False, 'brunch': False}"", 'OutdoorSeating: True', 'RestaurantsAttire: casual', 'RestaurantsGoodForGroups: True', 'RestaurantsPriceRange2: 1', 'RestaurantsTableService: True', 'WheelchairAccessible: True']",-111.8980181,3111 W Chandler Blvd Ste 2146,85226,AZ,0,uZA-odma2Uje_kQ8ETl42A,business
A&W,Montréal,8,"['Monday 0:0-0:0', 'Tuesday 0:0-0:0', 'Wednesday 0:0-0:0', 'Thursday 0:0-0:0', 'Friday 0:0-0:0', 'Saturday 0:0-0:0', 'Sunday 0:0-0:0']",Plateau-Mont-Royal,"['Fast Food', 'Restaurants', 'Breakfast & Brunch', 'Burgers']",45.524204,3.0,"['Alcohol: none', ""Ambience: {'romantic': False, 'intimate': False, 'classy': False, 'hipster': False, 'touristy': False, 'trendy': False, 'upscale': False, 'casual': False}"", 'BikeParking: False', 'BusinessAcceptsCreditCards: True', 'Caters: False', 'DriveThru: False', 'GoodForKids: True', ""GoodForMeal: {'dessert': False, 'latenight': False, 'lunch': False, 'dinner': False, 'breakfast': False, 'brunch': False}"", 'HasTV: False', 'NoiseLevel: average', 'OutdoorSeating: False', 'RestaurantsAttire: casual', 'RestaurantsDelivery: False', 'RestaurantsGoodForGroups: True', 'RestaurantsPriceRange2: 1', 'RestaurantsReservations: False', 'RestaurantsTableService: False', 'RestaurantsTakeOut: True', 'WiFi: free']",-73.582919,4501 Rue Saint Denis,H2J 2L4,QC,1,cz18GUJblRudAHEHkUkEGQ,business
Naples 15,Madison,135,"['Monday 17:0-22:0', 'Tuesday 17:0-22:0', 'Wednesday 17:0-22:0', 'Thursday 17:0-22:0', 'Friday 17:0-23:0', 'Saturday 17:0-23:0']",Capitol,"['Italian', 'Restaurants']",43.0771243,4.0,"['Alcohol: full_bar', ""Ambience: {'romantic': True, 'intimate': False, 'classy': False, 'hipster': False, 'divey': False, 'touristy': False, 'trendy': False, 'upscale': False, 'casual': False}"", 'BikeParking: True', 'BusinessAcceptsCreditCards: True', ""BusinessParking: {'garage': True, 'street': True, 'validated': False, 'lot': True, 'valet': False}"", 'Caters: True', 'GoodForKids: True', ""GoodForMeal: {'dessert': False, 'latenight': False, 'lunch': False, 'dinner': True, 'breakfast': False, 'brunch': False}"", 'HasTV: False', 'NoiseLevel: average', 'OutdoorSeating: True', 'RestaurantsAttire: casual', 'RestaurantsDelivery: False', 'RestaurantsGoodForGroups: True', 'RestaurantsPriceRange2: 3', 'RestaurantsReservations: True', 'RestaurantsTableService: True', 'RestaurantsTakeOut: True', 'WheelchairAccessible: True', 'WiFi: free']",-89.3815107,15 N Butler St,53703,WI,1,5p5YW_5bMOSuLIQjkJPO3w,business
Thai Cuisine Experts,Mississauga,6,"['Monday 11:0-22:0', 'Tuesday 11:0-22:0', 'Wednesday 11:0-22:0', 'Thursday 11:0-22:0', 'Friday 11:0-23:0', 'Saturday 11:0-23:0', 'Sunday 12:0-21:0']",,"['Thai', 'Restaurants', 'Halal']",43.5757712,5.0,"[""Ambience: {'romantic': False, 'intimate': False, 'classy': False, 'hipster': False, 'touristy': False, 'trendy': False, 'upscale': False, 'casual': False}"", 'Caters: True', 'GoodForKids: True', 'OutdoorSeating: False', 'RestaurantsAttire: casual', 'RestaurantsDelivery: True', 'RestaurantsGoodForGroups: True', 'RestaurantsPriceRange2: 2', 'RestaurantsReservations: False', 'RestaurantsTableService: False', 'RestaurantsTakeOut: True', 'WiFi: free']",-79.7837247,"6970 Lisgar Drive, Unit 2A",L5N 8C8,ON,1,Er81SbLAXWDWsCFoAdgDIg,business
Hotdogeria Restaurant,Montréal,4,"['Monday 9:0-21:0', 'Tuesday 9:0-21:0', 'Wednesday 9:0-22:0', 'Thursday 9:0-23:0', 'Friday 9:0-23:0', 'Saturday 9:0-23:0', 'Sunday 9:0-21:0']",Plateau-Mont-Royal,"['Restaurants', 'French', 'Greek', 'Italian', 'American (Traditional)']",45.532973,2.5,"['OutdoorSeating: False', 'RestaurantsTakeOut: True']",-73.56741,2101 Rue Rachel E,H2H 1R1,QC,1,yrht0hVZod0ypvB4UY_Q2w,business
Mesopotamien,Ostfildern,12,"['Tuesday 11:0-15:0', 'Tuesday 18:0-22:0', 'Wednesday 11:0-15:0', 'Wednesday 18:0-22:0', 'Thursday 11:0-15:0', 'Thursday 18:0-22:0', 'Friday 11:0-15:0', 'Friday 18:0-22:0', 'Saturday 11:0-15:0', 'Saturday 18:0-22:0', 'Sunday 11:0-15:0', 'Sunday 18:0-22:0']",,"['Restaurants', 'Nightlife', 'Bars', 'Oriental']",48.7083863,5.0,"['Alcohol: beer_and_wine', ""Ambience: {'romantic': False, 'intimate': False, 'classy': False, 'hipster': False, 'touristy': False, 'trendy': False, 'upscale': False, 'casual': False}"", ""BusinessParking: {'garage': False, 'street': False, 'validated': False, 'lot': True, 'valet': False}"", 'CoatCheck: True', 'GoodForDancing: False', 'GoodForKids: True', ""GoodForMeal: {'dessert': False, 'latenight': False, 'lunch': False, 'dinner': False, 'breakfast': False, 'brunch': False}"", 'HappyHour: False', 'HasTV: False', 'OutdoorSeating: False', 'RestaurantsAttire: casual', 'RestaurantsDelivery: False', 'RestaurantsGoodForGroups: True', 'RestaurantsPriceRange2: 2', 'RestaurantsReservations: True', 'RestaurantsTableService: True', 'RestaurantsTakeOut: False', 'Smoking: no', 'WheelchairAccessible: True']",9.2601234,Ruiterstr. 25,73760,BW,1,4y6_o9nwgzT30IkJYxiDBg,business
Il Mulino,Ostfildern,3,,,"['Restaurants', 'Pizza', 'Italian']",48.7078324,4.0,"['OutdoorSeating: True', 'RestaurantsGoodForGroups: True', 'RestaurantsTableService: True']",9.2616512,Ruiterstr. 20,73760,BW,1,B2Ng0mvymG_YAoMZTNWeQg,business
Persian Restaurant,Stuttgart,34,"['Tuesday 17:0-23:0', 'Wednesday 17:0-23:0', 'Thursday 17:0-23:0', 'Friday 17:0-23:0', 'Saturday 14:0-23:0', 'Sunday 14:0-23:0']",,"['Arabian', 'Pizza', 'Restaurants', 'Persian/Iranian']",48.7751,4.5,"['Alcohol: beer_and_wine', ""Ambience: {'romantic': False, 'intimate': False, 'classy': False, 'hipster': False, 'touristy': False, 'trendy': False, 'upscale': False, 'casual': False}"", 'BusinessAcceptsCreditCards: True', ""BusinessParking: {'garage': False, 'street': True, 'validated': False, 'lot': False, 'valet': False}"", 'DogsAllowed: False', 'GoodForKids: True', ""GoodForMeal: {'dessert': False, 'latenight': False, 'lunch': False, 'dinner': False, 'breakfast': False, 'brunch': False}"", 'HasTV: False', 'OutdoorSeating: True', 'RestaurantsAttire: casual', 'RestaurantsDelivery: False', 'RestaurantsGoodForGroups: True', 'RestaurantsPriceRange2: 2', 'RestaurantsReservations: True', 'RestaurantsTableService: True', 'RestaurantsTakeOut: False', 'WiFi: no']",9.18329,Kanalstr. 10,70182,BW,1,HbCo6u4IzsTh4oWwQJ-e5g,business
Burrito Caliente Latin Grill,Toronto,9,,,"['Tex-Mex', 'Mexican', 'Restaurants']",43.6506493,5.0,"['Alcohol: none', ""Ambience: {'romantic': False, 'intimate': False, 'classy': False, 'hipster': False, 'touristy': False, 'trendy': False, 'upscale': False, 'casual': False}"", 'BikeParking: True', ""BusinessParking: {'garage': False, 'street': False, 'validated': False, 'lot': False, 'valet': False}"", 'Caters: True', 'GoodForKids: True', ""GoodForMeal: {'dessert': False, 'latenight': False, 'lunch': False, 'dinner': False, 'breakfast': False, 'brunch': False}"", 'HasTV: True', 'NoiseLevel: average', 'OutdoorSeating: True', 'RestaurantsAttire: casual', 'RestaurantsDelivery: False', 'RestaurantsGoodForGroups: False', 'RestaurantsPriceRange2: 1', 'RestaurantsReservations: False', 'RestaurantsTableService: False', 'RestaurantsTakeOut: True', 'WiFi: free']",-79.6028462,112E - 5555 Eglinton Avenue W,M9C 5M1,ON,1,vBGfITg_FEkFYMQwNagbBA,business
UFO Restaurant,Toronto,20,"['Monday 7:0-19:0', 'Tuesday 7:0-19:0', 'Wednesday 7:0-19:0', 'Thursday 7:0-19:0', 'Friday 7:0-19:0', 'Saturday 9:0-19:0', 'Sunday 9:0-19:0']",Niagara,"['Restaurants', 'Grocery', 'Food', 'Diners']",43.6439259,4.0,"['Alcohol: none', ""Ambience: {'romantic': False, 'intimate': False, 'classy': False, 'hipster': False, 'touristy': False, 'trendy': False, 'upscale': False, 'casual': True}"", 'BikeParking: True', 'BusinessAcceptsCreditCards: False', ""BusinessParking: {'garage': False, 'street': True, 'validated': False, 'lot': False, 'valet': False}"", 'Caters: False', 'GoodForKids: False', ""GoodForMeal: {'dessert': False, 'latenight': False, 'lunch': True, 'dinner': False, 'breakfast': True, 'brunch': False}"", 'HasTV: True', 'NoiseLevel: average', 'OutdoorSeating: True', 'RestaurantsAttire: casual', 'RestaurantsDelivery: False', 'RestaurantsGoodForGroups: False', 'RestaurantsPriceRange2: 1', 'RestaurantsReservations: False', 'RestaurantsTableService: True', 'RestaurantsTakeOut: True', 'WiFi: no']",-79.4088666,241 Niagara St,M6J 2L5,ON,1,xthPwYusyF7mE2SO61lZTA,business
b.good,Oakville,7,"['Monday 11:0-21:0', 'Tuesday 11:0-21:0', 'Wednesday 11:0-21:0', 'Thursday 11:0-21:0', 'Friday 11:0-21:0', 'Saturday 11:0-21:0', 'Sunday 11:0-21:0']",,"['Juice Bars & Smoothies', 'Burgers', 'Restaurants', 'Salad', 'Gluten-Free', 'Food', 'Vegetarian']",43.4665119292,3.5,"['Alcohol: none', ""Ambience: {'romantic': False, 'intimate': False, 'classy': False, 'hipster': False, 'touristy': False, 'trendy': False, 'upscale': False, 'casual': False}"", 'BikeParking: True', ""BusinessParking: {'garage': False, 'street': False, 'validated': False, 'lot': True, 'valet': False}"", 'Caters: True', 'DogsAllowed: False', 'DriveThru: False', 'GoodForKids: True', 'HasTV: False', 'OutdoorSeating: False', 'RestaurantsAttire: casual', 'RestaurantsDelivery: False', 'RestaurantsGoodForGroups: True', 'RestaurantsReservations: False', 'RestaurantsTableService: False', 'RestaurantsTakeOut: True', 'WheelchairAccessible: True', 'WiFi: free', 'RestaurantsPriceRange2: 2']",-79.7438201308,483 Dundas Street W,L6M 4M2,ON,1,W-Gnbvi5cO4__3Veui_nXw,business
1889 Cafe,Pittsburgh,10,,South Side,"['American (Traditional)', 'Restaurants']",40.4287428,3.0,"['Alcohol: full_bar', ""Ambience: {'romantic': False, 'intimate': False, 'classy': False, 'hipster': False, 'divey': False, 'touristy': False, 'trendy': False, 'upscale': False, 'casual': False}"", 'BusinessAcceptsCreditCards: True', ""BusinessParking: {'garage': False, 'street': True, 'validated': False, 'lot': False, 'valet': False}"", 'GoodForKids: True', ""GoodForMeal: {'dessert': False, 'latenight': False, 'lunch': False, 'dinner': False, 'breakfast': False, 'brunch': False}"", 'HasTV: True', 'NoiseLevel: average', 'OutdoorSeating: True', 'RestaurantsAttire: casual', 'RestaurantsDelivery: False', 'RestaurantsGoodForGroups: False', 'RestaurantsPriceRange2: 1', 'RestaurantsReservations: False', 'RestaurantsTableService: True', 'RestaurantsTakeOut: True', 'WheelchairAccessible: True']",-79.976903,2017 E Carson St,15203,PA,0,xRRDXfZL4V2-I7i2JLnpIA,business
City Grill,Pittsburgh,9,"['Monday 11:0-23:0', 'Tuesday 11:0-23:0', 'Wednesday 11:0-23:0', 'Thursday 11:0-23:0', 'Friday 11:0-0:0', 'Saturday 11:0-0:0', 'Sunday 16:0-22:0']",South Side,"['American (Traditional)', 'Restaurants']",40.428796,3.5,"['Alcohol: full_bar', 'BusinessAcceptsCreditCards: True', ""BusinessParking: {'garage': False, 'street': True, 'validated': False, 'lot': False, 'valet': False}"", 'GoodForKids: True', ""GoodForMeal: {'dessert': False, 'latenight': False, 'lunch': False, 'dinner': False, 'breakfast': False, 'brunch': False}"", 'OutdoorSeating: True', 'RestaurantsAttire: casual', 'RestaurantsDelivery: False', 'RestaurantsGoodForGroups: True', 'RestaurantsPriceRange2: 2', 'RestaurantsReservations: True', 'RestaurantsTableService: True', 'WheelchairAccessible: True']",-79.976795,2019 E Carson St,15203,PA,0,Jk9rocVjl9UTK7uArNBgrA,business
Sal's New York Pizzeria,Pittsburgh,18,"['Monday 11:0-4:0', 'Tuesday 11:0-4:0', 'Wednesday 11:0-4:0', 'Thursday 11:0-4:0', 'Friday 11:0-5:0', 'Saturday 11:0-5:0']",South Side,"['Restaurants', 'Pizza']",40.4286949,2.5,"['BusinessAcceptsCreditCards: True', 'GoodForKids: True', ""GoodForMeal: {'dessert': False, 'latenight': False, 'lunch': False, 'dinner': False, 'breakfast': False, 'brunch': False}"", 'HasTV: False', 'OutdoorSeating: False', 'RestaurantsAttire: casual', 'RestaurantsGoodForGroups: True', 'RestaurantsPriceRange2: 2', 'RestaurantsReservations: False', 'RestaurantsTableService: False', 'RestaurantsTakeOut: True', ""Ambience: {'romantic': False, 'intimate': False, 'classy': False, 'hipster': False, 'divey': False, 'touristy': False, 'trendy': False, 'upscale': False, 'casual': False}"", 'RestaurantsDelivery: True']",-79.9844739,1322 E Carson St,15203,PA,1,G7QZWVm-ytyKHpvUq3ggFA,business
McDonald's,Peoria,12,,,"['Fast Food', 'Burgers', 'Restaurants']",33.6809956,3.0,"['Alcohol: none', ""Ambience: {'romantic': False, 'intimate': False, 'classy': False, 'hipster': False, 'divey': False, 'touristy': False, 'trendy': False, 'upscale': False, 'casual': True}"", 'BikeParking: True', 'BusinessAcceptsCreditCards: True', ""BusinessParking: {'garage': False, 'street': False, 'validated': False, 'lot': True, 'valet': False}"", 'Caters: False', 'DriveThru: True', 'GoodForKids: True', ""GoodForMeal: {'dessert': False, 'latenight': False, 'lunch': False, 'dinner': False, 'breakfast': False, 'brunch': False}"", 'HasTV: False', 'NoiseLevel: loud', 'OutdoorSeating: False', 'RestaurantsAttire: casual', 'RestaurantsDelivery: False', 'RestaurantsPriceRange2: 1', 'RestaurantsReservations: False', 'RestaurantsTableService: False', 'RestaurantsTakeOut: True', 'WiFi: free', 'RestaurantsGoodForGroups: True']",-112.2384609,8325 W Deer Valley Road,85382,AZ,1,znP9DJufKYJUjDuB24HO0Q,business
Tacos Mexico,Las Vegas,9,,,"['Mexican', 'Restaurants']",36.100396,2.5,"['HasTV: True', 'RestaurantsReservations: False', 'RestaurantsTableService: False']",-115.187333,3575 W Tropicana Ave,89118,NV,0,eGLnLiKt58jHNjGVw149Nw,business
Macey's Restaurant,Mississauga,27,"['Monday 11:0-23:0', 'Tuesday 11:0-23:0', 'Wednesday 11:0-23:0', 'Thursday 11:0-23:0', 'Friday 11:0-23:0', 'Saturday 11:0-23:0', 'Sunday 11:0-23:0']",,"['Specialty Food', 'Ethnic Food', 'Diners', 'Food', 'Imported Food', 'Chinese', 'Restaurants']",43.577291184,3.5,"['Alcohol: none', ""Ambience: {'romantic': False, 'intimate': False, 'classy': False, 'hipster': False, 'touristy': False, 'trendy': False, 'upscale': False, 'casual': True}"", 'BikeParking: True', 'BusinessAcceptsCreditCards: True', ""BusinessParking: {'garage': False, 'street': False, 'validated': False, 'lot': True, 'valet': False}"", 'Caters: False', 'GoodForKids: True', ""GoodForMeal: {'dessert': False, 'latenight': False, 'lunch': True, 'dinner': False, 'breakfast': False, 'brunch': False}"", 'HasTV: False', 'NoiseLevel: average', 'OutdoorSeating: False', 'RestaurantsAttire: casual', 'RestaurantsDelivery: False', 'RestaurantsGoodForGroups: True', 'RestaurantsPriceRange2: 2', 'RestaurantsReservations: False', 'RestaurantsTableService: True', 'RestaurantsTakeOut: True', 'WiFi: no']",-79.6533525735,780 Burnhamthorpe Road W,L5C 3X3,ON,1,-GDfRHphXjccSWhliFHnzg,business
Stavros Restaurant,Toronto,11,,Parkdale,"['Canadian (New)', 'Restaurants']",43.6398077,3.0,"['Alcohol: none', ""GoodForMeal: {'dessert': False, 'latenight': False, 'lunch': False, 'dinner': False, 'breakfast': False, 'brunch': False}"", 'HasTV: True', 'NoiseLevel: quiet', 'OutdoorSeating: False']",-79.4407492,1582 Queen Street W,M6R 1A6,ON,1,xj3yEhi0eK3zRJZM4tmweQ,business
Tuvalu Coffehouse & Gallery,Verona,34,"['Monday 6:30-19:0', 'Tuesday 6:30-19:0', 'Wednesday 6:30-19:0', 'Thursday 6:30-19:0', 'Friday 6:30-22:0', 'Saturday 6:30-22:0', 'Sunday 7:30-17:0']",,"['Sandwiches', 'Arts & Crafts', 'Coffee & Tea', 'Shopping', 'Restaurants', 'Food']",42.9881087,4.0,"['Alcohol: none', ""Ambience: {'romantic': False, 'intimate': False, 'classy': False, 'hipster': False, 'divey': False, 'touristy': False, 'trendy': False, 'upscale': False, 'casual': False}"", 'BikeParking: True', 'BusinessAcceptsCreditCards: True', ""BusinessParking: {'garage': False, 'street': True, 'validated': False, 'lot': True, 'valet': False}"", 'Caters: False', 'GoodForKids: True', ""GoodForMeal: {'dessert': False, 'latenight': False, 'lunch': False, 'dinner': False, 'breakfast': True, 'brunch': False}"", 'HasTV: False', 'NoiseLevel: quiet', 'OutdoorSeating: True', 'RestaurantsAttire: casual', 'RestaurantsDelivery: False', 'RestaurantsGoodForGroups: True', 'RestaurantsPriceRange2: 1', 'RestaurantsReservations: False', 'RestaurantsTableService: False', 'RestaurantsTakeOut: True', 'WheelchairAccessible: True', 'WiFi: free']",-89.5337374,300 S Main St,53593,WI,1,gNeiLxkopO1FgN4mjDESsA,business
Sugarbuds Village Bakery & Cafe,Scarborough,8,"['Monday 10:0-18:0', 'Tuesday 10:0-18:0', 'Wednesday 10:0-18:0', 'Thursday 10:0-18:0', 'Friday 10:0-18:0']",Scarborough,"['Bakeries', 'Restaurants', 'Cafes', 'Food']",43.7839134,2.5,"['BusinessAcceptsCreditCards: True', ""BusinessParking: {'garage': False, 'street': False, 'validated': False, 'lot': False, 'valet': False}"", 'GoodForKids: True', 'RestaurantsGoodForGroups: False', 'RestaurantsPriceRange2: 2', 'WheelchairAccessible: True']",-79.1700079,360 Old Kingston Road,M1C 1B6,ON,0,Uu7aqb4jTW2xWGMLpVR-yQ,business
Oggi,Stuttgart,82,"['Monday 11:30-0:0', 'Tuesday 11:30-0:0', 'Wednesday 11:30-0:0', 'Thursday 11:30-0:0', 'Friday 11:30-0:0', 'Saturday 11:30-0:0', 'Sunday 11:30-22:0']",,"['Italian', 'Pizza', 'Restaurants']",48.7787845671,3.5,"['Alcohol: full_bar', ""Ambience: {'romantic': False, 'intimate': False, 'classy': False, 'hipster': True, 'touristy': False, 'trendy': False, 'upscale': False, 'casual': False}"", 'BikeParking: True', 'BusinessAcceptsCreditCards: True', ""BusinessParking: {'garage': False, 'street': False, 'validated': False, 'lot': False, 'valet': False}"", 'Caters: False', 'DogsAllowed: False', 'GoodForKids: False', ""GoodForMeal: {'dessert': False, 'latenight': False, 'lunch': True, 'dinner': True, 'breakfast': False, 'brunch': False}"", 'HasTV: False', 'NoiseLevel: loud', 'OutdoorSeating: True', 'RestaurantsAttire: dressy', 'RestaurantsDelivery: False', 'RestaurantsGoodForGroups: True', 'RestaurantsPriceRange2: 3', 'RestaurantsReservations: True', 'RestaurantsTableService: True', 'RestaurantsTakeOut: False', 'WheelchairAccessible: True', 'WiFi: no']",9.1762862329,Kleiner Schloßplatz 11,70173,BW,1,1tqN27mCI7UBLxEiZPfueQ,business
Royal Caribbean Cafe,Toronto,13,,,"['Caribbean', 'Restaurants']",43.6781385,4.0,"['Alcohol: full_bar', ""Ambience: {'romantic': False, 'intimate': False, 'classy': False, 'hipster': False, 'touristy': False, 'trendy': False, 'upscale': False, 'casual': True}"", 'BusinessAcceptsCreditCards: True', ""BusinessParking: {'garage': False, 'street': False, 'validated': False, 'lot': False, 'valet': False}"", 'Caters: True', 'GoodForKids: True', ""GoodForMeal: {'dessert': False, 'latenight': False, 'lunch': False, 'dinner': False, 'breakfast': False, 'brunch': True}"", 'HasTV: True', 'NoiseLevel: average', 'OutdoorSeating: False', 'RestaurantsAttire: casual', 'RestaurantsGoodForGroups: True', 'RestaurantsPriceRange2: 2', 'RestaurantsReservations: True', 'RestaurantsTableService: True', 'RestaurantsTakeOut: True']",-79.4410688,1127 St Clair Ave W,M6E 1B1,ON,1,V35TCgNoosIBZG3HRFQvKA,business
Tiburon Restaurant & Flamingo,Litchfield Park,21,,,"['Restaurants', 'Nightlife', 'Lounges', 'Bars', 'Seafood']",33.5501689,3.0,"['Alcohol: full_bar', ""Ambience: {'romantic': False, 'intimate': False, 'classy': False, 'hipster': False, 'divey': False, 'touristy': False, 'trendy': False, 'upscale': False, 'casual': False}"", 'BusinessAcceptsCreditCards: True', ""BusinessParking: {'garage': False, 'street': False, 'validated': False, 'lot': True, 'valet': False}"", 'Caters: True', 'CoatCheck: False', 'GoodForDancing: False', 'GoodForKids: True', ""GoodForMeal: {'dessert': False, 'latenight': False, 'lunch': False, 'dinner': True, 'breakfast': False, 'brunch': False}"", 'HappyHour: False', 'HasTV: False', ""Music: {'dj': False, 'background_music': False, 'no_music': False, 'karaoke': False, 'live': False, 'video': False, 'jukebox': False}"", 'NoiseLevel: quiet', 'OutdoorSeating: True', 'RestaurantsAttire: casual', 'RestaurantsDelivery: False', 'RestaurantsGoodForGroups: True', 'RestaurantsPriceRange2: 2', 'RestaurantsReservations: True', 'RestaurantsTableService: True', 'RestaurantsTakeOut: False', 'Smoking: no', 'WheelchairAccessible: True']",-112.4105725,16335 W Northern Ave,85340,AZ,0,3BzRN2iHIA2FIhttZkpFYw,business
Melt Bar & Grilled,Independence,419,"['Monday 11:0-22:0', 'Tuesday 11:0-22:0', 'Wednesday 11:0-22:0', 'Thursday 11:0-22:0', 'Friday 11:0-23:0', 'Saturday 11:0-23:0', 'Sunday 11:0-22:0']",,"['Beer', 'Wine & Spirits', 'American (Traditional)', 'Restaurants', 'Sandwiches', 'Food', 'Comfort Food', 'Pubs', 'Bars', 'Nightlife']",41.3941325081,4.0,"['Alcohol: full_bar', ""Ambience: {'romantic': False, 'intimate': False, 'classy': False, 'hipster': False, 'divey': False, 'touristy': False, 'trendy': False, 'upscale': False, 'casual': True}"", ""BestNights: {'monday': False, 'tuesday': True, 'friday': True, 'wednesday': False, 'thursday': False, 'sunday': False, 'saturday': True}"", 'BikeParking: True', 'BusinessAcceptsCreditCards: True', ""BusinessParking: {'garage': False, 'street': False, 'validated': False, 'lot': True, 'valet': False}"", 'ByAppointmentOnly: False', 'Caters: False', 'CoatCheck: False', 'DogsAllowed: False', 'GoodForDancing: False', 'GoodForKids: True', ""GoodForMeal: {'dessert': False, 'latenight': False, 'lunch': True, 'dinner': True, 'breakfast': False, 'brunch': False}"", 'HappyHour: True', 'HasTV: True', ""Music: {'dj': False, 'background_music': False, 'no_music': False, 'karaoke': False, 'live': False, 'video': False, 'jukebox': False}"", 'NoiseLevel: average', 'OutdoorSeating: True', 'RestaurantsAttire: casual', 'RestaurantsDelivery: True', 'RestaurantsGoodForGroups: True', 'RestaurantsPriceRange2: 2', 'RestaurantsReservations: False', 'RestaurantsTableService: True', 'RestaurantsTakeOut: True', 'Smoking: no', 'WheelchairAccessible: True', 'WiFi: no']",-81.6446144208,6700 Rockside Rd,44131,OH,1,mlCDsdVFuZvRGrJTfQ6amw,business
Yan Can Cook,Markham,14,,Brown's Corners,"['Restaurants', 'Chinese', 'Fast Food']",43.8484519,3.5,"['Alcohol: none', 'BikeParking: True', 'BusinessAcceptsCreditCards: False', ""BusinessParking: {'garage': False, 'street': False, 'validated': False, 'lot': False, 'valet': False}"", 'Caters: False', 'DriveThru: False', 'GoodForKids: True', ""GoodForMeal: {'dessert': False, 'latenight': False, 'lunch': True, 'dinner': False, 'breakfast': False, 'brunch': False}"", 'HasTV: False', 'NoiseLevel: loud', 'OutdoorSeating: False', 'RestaurantsAttire: casual', 'RestaurantsDelivery: False', 'RestaurantsGoodForGroups: True', 'RestaurantsPriceRange2: 1', 'RestaurantsReservations: False', 'RestaurantsTableService: False', 'RestaurantsTakeOut: True', 'WiFi: no', ""Ambience: {'romantic': False, 'intimate': False, 'classy': False, 'hipster': False, 'touristy': False, 'trendy': False, 'upscale': False, 'casual': True}""]",-79.350302,3225 Highway 7,L3R 9W6,ON,1,IoUtQRoXPuDcAsfp-Q7CLQ,business
Pasta & Provisions,Charlotte,26,"['Monday 11:0-20:0', 'Tuesday 11:0-20:0', 'Wednesday 11:0-20:0', 'Thursday 11:0-20:0', 'Friday 11:0-21:0', 'Saturday 11:0-21:0', 'Sunday 12:0-18:0']",,"['Delis', 'Food', 'Restaurants', 'Specialty Food', 'Pasta Shops']",35.1669955,4.5,"['Alcohol: beer_and_wine', ""Ambience: {'romantic': False, 'intimate': False, 'classy': False, 'hipster': False, 'divey': False, 'touristy': False, 'trendy': False, 'upscale': False, 'casual': False}"", 'BikeParking: True', 'BusinessAcceptsCreditCards: True', 'GoodForKids: True', ""GoodForMeal: {'dessert': False, 'latenight': False, 'lunch': False, 'dinner': False, 'breakfast': False, 'brunch': False}"", 'HasTV: False', 'OutdoorSeating: True', 'RestaurantsAttire: casual', 'RestaurantsDelivery: True', 'RestaurantsGoodForGroups: True', 'RestaurantsPriceRange2: 1', 'RestaurantsReservations: False', 'RestaurantsTakeOut: True', 'NoiseLevel: average']",-80.8508653,4700 Park Rd,28209,NC,1,KaxjIAYLhqXN8-p_iZwgBw,business
Sultan Saray,Stuttgart,59,"['Monday 11:0-0:0', 'Tuesday 11:0-0:0', 'Wednesday 11:0-0:0', 'Thursday 11:0-0:0', 'Friday 11:0-0:0', 'Saturday 12:0-0:0', 'Sunday 12:0-0:0']",,"['Restaurants', 'Turkish']",48.7639175,4.0,"['Alcohol: beer_and_wine', 'BusinessAcceptsCreditCards: True', ""BusinessParking: {'garage': False, 'street': True, 'validated': False, 'lot': False, 'valet': False}"", 'DogsAllowed: False', 'GoodForKids: True', ""GoodForMeal: {'dessert': False, 'latenight': False, 'lunch': False, 'dinner': False, 'breakfast': False, 'brunch': False}"", 'HasTV: False', 'NoiseLevel: average', 'OutdoorSeating: False', 'RestaurantsAttire: casual', 'RestaurantsDelivery: False', 'RestaurantsGoodForGroups: True', 'RestaurantsPriceRange2: 2', 'RestaurantsReservations: True', 'RestaurantsTableService: True', 'RestaurantsTakeOut: False', 'WheelchairAccessible: False', 'WiFi: no']",9.1715054,Filderstr. 43,70180,BW,1,VvF3nmdvyIewGQQgEfZvcQ,business
Friends Sports Bar and Grill,Belmont,18,"['Monday 11:0-1:0', 'Tuesday 11:0-1:0', 'Wednesday 11:0-1:0', 'Thursday 11:0-2:0', 'Friday 11:0-2:0', 'Saturday 11:0-2:0', 'Sunday 12:0-0:0']",,"['Restaurants', 'American (Traditional)']",35.2429314,3.0,"['Alcohol: full_bar', ""Ambience: {'romantic': False, 'intimate': False, 'classy': False, 'hipster': False, 'divey': False, 'touristy': False, 'trendy': False, 'upscale': False, 'casual': True}"", 'BikeParking: False', 'BusinessAcceptsCreditCards: True', ""BusinessParking: {'garage': False, 'street': True, 'validated': False, 'lot': False, 'valet': False}"", 'GoodForKids: False', ""GoodForMeal: {'dessert': False, 'latenight': True, 'lunch': False, 'dinner': True, 'breakfast': False, 'brunch': False}"", 'HasTV: True', 'NoiseLevel: average', 'OutdoorSeating: True', 'RestaurantsAttire: casual', 'RestaurantsDelivery: False', 'RestaurantsGoodForGroups: True', 'RestaurantsPriceRange2: 2', 'RestaurantsReservations: False', 'RestaurantsTableService: True', 'RestaurantsTakeOut: True', 'WheelchairAccessible: True', 'WiFi: free']",-81.0376235,16 N Main St,28012,NC,1,Ghhukr_fp5q5D55zUS91Xg,business
McCormick & Schmicks,Beachwood,14,,,"['Restaurants', 'American (New)', 'Seafood']",41.5011982,3.0,"['Alcohol: full_bar', ""Ambience: {'romantic': False, 'intimate': False, 'classy': False, 'hipster': False, 'divey': False, 'touristy': False, 'trendy': False, 'upscale': False, 'casual': False}"", 'BusinessAcceptsCreditCards: True', ""BusinessParking: {'garage': False, 'street': False, 'validated': False, 'lot': False, 'valet': True}"", 'GoodForKids: False', ""GoodForMeal: {'dessert': False, 'latenight': False, 'lunch': False, 'dinner': True, 'breakfast': False, 'brunch': False}"", 'HasTV: False', 'NoiseLevel: very_loud', 'OutdoorSeating: True', 'RestaurantsAttire: casual', 'RestaurantsDelivery: True', 'RestaurantsGoodForGroups: True', 'RestaurantsPriceRange2: 3', 'RestaurantsReservations: True', 'RestaurantsTableService: True', 'RestaurantsTakeOut: True', 'WheelchairAccessible: True']",-81.4948949,26300 Cedar Rd,44122,OH,0,Ru7E0nFFK8r6xPoKncth9Q,business
N9NE Steakhouse,Las Vegas,800,"['Monday 17:30-22:0', 'Tuesday 17:30-22:0', 'Wednesday 17:30-22:0', 'Thursday 17:30-22:0', 'Friday 17:30-23:0', 'Saturday 17:30-23:0', 'Sunday 17:30-22:0']",,"['Steakhouses', 'Restaurants', 'American (Traditional)', 'Seafood']",36.11475,4.0,"['Alcohol: full_bar', ""Ambience: {'romantic': False, 'intimate': False, 'classy': False, 'hipster': False, 'divey': False, 'touristy': False, 'trendy': True, 'upscale': False, 'casual': False}"", 'BYOB: False', 'BYOBCorkage: yes_corkage', 'BikeParking: False', 'BusinessAcceptsCreditCards: True', ""BusinessParking: {'garage': True, 'street': False, 'validated': False, 'lot': False, 'valet': True}"", 'Caters: False', 'Corkage: True', 'GoodForKids: False', ""GoodForMeal: {'dessert': False, 'latenight': False, 'lunch': False, 'dinner': True, 'breakfast': False, 'brunch': False}"", 'HasTV: True', 'NoiseLevel: average', 'Open24Hours: False', 'OutdoorSeating: False', 'RestaurantsAttire: dressy', 'RestaurantsDelivery: False', 'RestaurantsGoodForGroups: True', 'RestaurantsPriceRange2: 4', 'RestaurantsReservations: True', 'RestaurantsTableService: True', 'RestaurantsTakeOut: False', 'WheelchairAccessible: True', 'WiFi: no']",-115.1941,4321 W Flamingo Rd,89103,NV,1,6xgcHeLad-VaoTIQewK84A,business
Winter In July - A Pop-Up Lunch with Yonaka and Snow Shavery,Las Vegas,7,,,"['Restaurants', 'Japanese', 'Chinese', 'Local Flavor']",36.1149052,5.0,"['BusinessAcceptsCreditCards: True', 'GoodForKids: True', 'RestaurantsGoodForGroups: False', 'RestaurantsPriceRange2: 3']",-115.2097436,4983 W Flamingo Rd,89103,NV,0,QCbptr697vAb630rIq9gUQ,business
Mariscos Vuelve a La Vida,Glendale,9,"['Monday 8:30-22:30', 'Tuesday 8:30-22:30', 'Wednesday 8:30-22:30', 'Thursday 8:30-22:30', 'Friday 8:30-23:30', 'Saturday 8:30-23:30', 'Sunday 8:30-23:30']",,"['Mexican', 'Seafood', 'Restaurants']",33.509976,2.5,"['Alcohol: full_bar', ""Ambience: {'romantic': False, 'intimate': False, 'classy': False, 'hipster': False, 'divey': False, 'touristy': False, 'trendy': False, 'upscale': False, 'casual': False}"", 'BikeParking: False', 'BusinessAcceptsCreditCards: True', ""BusinessParking: {'garage': False, 'street': False, 'validated': False, 'lot': True, 'valet': False}"", 'Caters: False', 'DogsAllowed: False', 'GoodForKids: True', ""GoodForMeal: {'dessert': False, 'latenight': False, 'lunch': False, 'dinner': False, 'breakfast': False, 'brunch': False}"", 'HasTV: True', 'NoiseLevel: average', 'OutdoorSeating: False', 'RestaurantsAttire: casual', 'RestaurantsDelivery: False', 'RestaurantsGoodForGroups: True', 'RestaurantsPriceRange2: 2', 'RestaurantsReservations: True', 'RestaurantsTableService: True', 'RestaurantsTakeOut: True', 'WiFi: no']",-112.179133,5630 W Camelback Rd,85301,AZ,1,TjziWy83MOEkWDiO07RwRA,business
Burger King,Glendale,3,,,"['Restaurants', 'Burgers']",33.5096401,3.0,"['Alcohol: none', ""Ambience: {'romantic': False, 'intimate': False, 'classy': False, 'hipster': False, 'divey': False, 'touristy': False, 'trendy': False, 'upscale': False, 'casual': False}"", 'BikeParking: True', 'BusinessAcceptsCreditCards: True', 'Caters: False', 'DriveThru: True', 'GoodForKids: True', ""GoodForMeal: {'dessert': False, 'latenight': False, 'lunch': False, 'dinner': False, 'breakfast': True, 'brunch': False}"", 'HasTV: False', 'OutdoorSeating: False', 'RestaurantsAttire: casual', 'RestaurantsDelivery: False', 'RestaurantsGoodForGroups: True', 'RestaurantsPriceRange2: 1', 'RestaurantsReservations: False', 'RestaurantsTableService: False', 'RestaurantsTakeOut: True']",-112.1852882,5850 W Camelback Rd,85301,AZ,1,VVXacw-UP8DBANGcB_ezwg,business
Arby's,Concord,3,,,"['Sandwiches', 'Fast Food', 'Restaurants']",35.4174607,4.5,"['BusinessAcceptsCreditCards: True', 'GoodForKids: True', 'RestaurantsGoodForGroups: True', 'RestaurantsReservations: False', 'RestaurantsTakeOut: True', ""GoodForMeal: {'dessert': False, 'latenight': False, 'lunch': False, 'dinner': False, 'breakfast': False, 'brunch': False}""]",-80.6760026,6109 Bayfield Pkw,28027,NC,1,b6NJDLmLAl6KqquwHdRXqA,business
Blimpie,Phoenix,8,"['Monday 10:0-20:0', 'Tuesday 10:0-20:0', 'Wednesday 10:0-20:0', 'Thursday 10:0-20:0', 'Friday 10:0-20:0', 'Saturday 10:0-20:0', 'Sunday 11:0-18:0']",,"['Sandwiches', 'Salad', 'Restaurants']",33.6102682,4.0,"['Alcohol: none', ""Ambience: {'romantic': False, 'intimate': False, 'classy': False, 'hipster': False, 'divey': False, 'touristy': False, 'trendy': False, 'upscale': False, 'casual': False}"", 'BusinessAcceptsCreditCards: True', ""BusinessParking: {'garage': False, 'street': False, 'validated': False, 'lot': False, 'valet': False}"", 'Caters: True', 'GoodForKids: True', ""GoodForMeal: {'dessert': False, 'latenight': False, 'lunch': False, 'dinner': False, 'breakfast': False, 'brunch': False}"", 'HasTV: False', 'NoiseLevel: quiet', 'OutdoorSeating: True', 'RestaurantsAttire: casual', 'RestaurantsDelivery: False', 'RestaurantsGoodForGroups: True', 'RestaurantsPriceRange2: 1', 'RestaurantsReservations: False', 'RestaurantsTableService: False', 'RestaurantsTakeOut: True']",-112.1507068,4267 West  Thunderbird Rd,85053,AZ,1,nrJHoyHClxK4zJp99VOshA,business
Chez Lavigne,Montréal,5,,Sud-Ouest,"['Bars', 'French', 'Restaurants', 'Nightlife', 'Wine Bars']",45.4756651,5.0,"['GoodForKids: False', 'HasTV: False', 'RestaurantsDelivery: False', 'RestaurantsGoodForGroups: True', 'RestaurantsReservations: True', 'RestaurantsTakeOut: False', ""GoodForMeal: {'dessert': False, 'latenight': False, 'lunch': False, 'dinner': False, 'breakfast': False, 'brunch': False}"", 'RestaurantsAttire: formal', 'RestaurantsPriceRange2: 3']",-73.5860733,4280 Rue Notre-Dame Ouest,H4C 1R6,QC,1,sO5SnJZZjivpuIYs5Vd9Xw,business
Cracker Barrel Old Country Store,Charlotte,51,"['Monday 6:0-22:0', 'Tuesday 6:0-22:0', 'Wednesday 6:0-22:0', 'Thursday 6:0-22:0', 'Friday 6:0-23:0', 'Saturday 6:0-23:0', 'Sunday 6:0-22:0']",,"['Southern', 'American (Traditional)', 'Restaurants', 'Diners', 'Breakfast & Brunch']",35.2398179,3.5,"['Alcohol: none', ""Ambience: {'romantic': False, 'intimate': False, 'classy': False, 'hipster': False, 'divey': False, 'touristy': False, 'trendy': False, 'upscale': False, 'casual': True}"", 'BikeParking: False', 'BusinessAcceptsCreditCards: True', ""BusinessParking: {'garage': False, 'street': False, 'validated': False, 'lot': True, 'valet': False}"", 'Caters: False', 'GoodForKids: True', ""GoodForMeal: {'dessert': False, 'latenight': False, 'lunch': True, 'dinner': True, 'breakfast': True, 'brunch': True}"", 'HasTV: False', 'NoiseLevel: average', 'OutdoorSeating: False', 'RestaurantsAttire: casual', 'RestaurantsDelivery: False', 'RestaurantsGoodForGroups: True', 'RestaurantsPriceRange2: 1', 'RestaurantsReservations: False', 'RestaurantsTableService: True', 'RestaurantsTakeOut: True', 'WheelchairAccessible: True', 'WiFi: no']",-80.9181612,3203 Queen City Dr,28208,NC,1,ACRXKq6Ngtktnvf6rdcGwQ,business
MA MA Wok,Charlotte,25,,Ballantyne,"['Restaurants', 'Chinese']",35.0482549,3.0,"['Alcohol: none', ""Ambience: {'romantic': False, 'intimate': False, 'classy': False, 'hipster': False, 'divey': False, 'touristy': False, 'trendy': False, 'upscale': False, 'casual': True}"", 'BikeParking: True', 'BusinessAcceptsCreditCards: True', ""BusinessParking: {'garage': False, 'street': False, 'validated': False, 'lot': True, 'valet': False}"", 'GoodForKids: True', ""GoodForMeal: {'dessert': False, 'latenight': False, 'lunch': True, 'dinner': True, 'breakfast': False, 'brunch': False}"", 'HasTV: False', 'NoiseLevel: quiet', 'OutdoorSeating: False', 'RestaurantsAttire: casual', 'RestaurantsDelivery: True', 'RestaurantsGoodForGroups: True', 'RestaurantsPriceRange2: 1', 'RestaurantsReservations: False', 'RestaurantsTableService: False', 'RestaurantsTakeOut: True', 'WheelchairAccessible: True', 'WiFi: no']",-80.8162405,11914 Elm Ln Ste 100,28277,NC,1,K0VNhFhaOrO3CypCqofjwA,business
Khyber Halal,Phoenix,208,"['Monday 11:0-20:30', 'Tuesday 11:0-20:30', 'Wednesday 11:0-20:30', 'Thursday 11:0-20:30', 'Friday 11:0-20:30', 'Saturday 11:0-20:30']",,"['Pakistani', 'Restaurants', 'Afghan', 'Indian']",33.4942209,4.0,"['Alcohol: none', ""Ambience: {'romantic': False, 'intimate': False, 'classy': False, 'hipster': False, 'divey': False, 'touristy': False, 'trendy': False, 'upscale': False, 'casual': True}"", 'BikeParking: True', 'BusinessAcceptsCreditCards: True', ""BusinessParking: {'garage': False, 'street': True, 'validated': False, 'lot': False, 'valet': False}"", 'Caters: True', 'DogsAllowed: False', 'GoodForKids: True', ""GoodForMeal: {'dessert': False, 'latenight': False, 'lunch': True, 'dinner': True, 'breakfast': False, 'brunch': False}"", 'HasTV: True', 'NoiseLevel: average', 'OutdoorSeating: False', 'RestaurantsAttire: casual', 'RestaurantsDelivery: False', 'RestaurantsGoodForGroups: True', 'RestaurantsPriceRange2: 1', 'RestaurantsReservations: True', 'RestaurantsTableService: True', 'RestaurantsTakeOut: True', 'WheelchairAccessible: True', 'WiFi: free']",-112.0304976,4030 N 24th St,85016,AZ,1,zNGYsFeG_7XEBodbtfux5Q,business
Noodle Palace,Las Vegas,54,,Chinatown,"['Restaurants', 'Chinese']",36.125587,3.5,"['Alcohol: none', ""Ambience: {'romantic': False, 'intimate': False, 'classy': False, 'hipster': False, 'divey': False, 'touristy': False, 'trendy': False, 'upscale': False, 'casual': True}"", 'BusinessAcceptsCreditCards: True', ""BusinessParking: {'garage': True, 'street': False, 'validated': False, 'lot': True, 'valet': False}"", 'GoodForKids: True', ""GoodForMeal: {'dessert': False, 'latenight': False, 'lunch': True, 'dinner': True, 'breakfast': False, 'brunch': False}"", 'HasTV: True', 'NoiseLevel: loud', 'OutdoorSeating: False', 'RestaurantsAttire: casual', 'RestaurantsDelivery: False', 'RestaurantsGoodForGroups: True', 'RestaurantsPriceRange2: 1', 'RestaurantsReservations: False', 'RestaurantsTableService: True', 'RestaurantsTakeOut: True', 'WheelchairAccessible: True']",-115.211199,"5115 Spring Mountain Rd, Ste 203",89146,NV,0,EjYGxyksao-Jhw86tIAiYQ,business
Luciano's Italian Brick Oven,White Oak,34,,,"['Restaurants', 'Italian', 'Pizza']",40.3336125,3.0,"['Alcohol: full_bar', ""Ambience: {'romantic': False, 'intimate': False, 'classy': False, 'hipster': False, 'divey': False, 'touristy': False, 'trendy': False, 'upscale': False, 'casual': True}"", 'BikeParking: False', 'BusinessAcceptsCreditCards: True', ""BusinessParking: {'garage': False, 'street': False, 'validated': False, 'lot': True, 'valet': False}"", 'Caters: True', 'GoodForKids: True', ""GoodForMeal: {'dessert': False, 'latenight': False, 'lunch': False, 'dinner': False, 'breakfast': False, 'brunch': False}"", 'HasTV: True', 'NoiseLevel: loud', 'OutdoorSeating: False', 'RestaurantsAttire: casual', 'RestaurantsDelivery: True', 'RestaurantsGoodForGroups: True', 'RestaurantsPriceRange2: 2', 'RestaurantsReservations: True', 'RestaurantsTableService: True', 'RestaurantsTakeOut: True', 'WiFi: no']",-79.8117608,1212 Long Run Rd,15131,PA,1,8qNOI6Q1-rJrvWWD5Btz6w,business
McDonald's,Phoenix,34,"['Monday 5:30-23:30', 'Tuesday 5:30-23:30', 'Wednesday 5:30-23:30', 'Thursday 5:30-23:30', 'Friday 5:0-0:0', 'Saturday 5:0-0:0', 'Sunday 6:0-23:30']",,"['Burgers', 'Fast Food', 'Restaurants']",33.5800094726,1.5,"['Alcohol: none', ""Ambience: {'romantic': False, 'intimate': False, 'classy': False, 'hipster': False, 'divey': False, 'touristy': False, 'trendy': False, 'upscale': False, 'casual': True}"", 'BikeParking: False', 'BusinessAcceptsCreditCards: True', ""BusinessParking: {'garage': False, 'street': False, 'validated': False, 'lot': False, 'valet': False}"", 'Caters: False', 'DriveThru: True', 'GoodForKids: True', ""GoodForMeal: {'dessert': False, 'latenight': False, 'lunch': False, 'dinner': False, 'breakfast': True, 'brunch': False}"", 'HasTV: True', 'NoiseLevel: average', 'RestaurantsAttire: casual', 'RestaurantsDelivery: False', 'RestaurantsGoodForGroups: True', 'RestaurantsPriceRange2: 1', 'RestaurantsReservations: False', 'RestaurantsTableService: False', 'RestaurantsTakeOut: True', 'WiFi: free', 'OutdoorSeating: False']",-112.013391796,10230 N 32nd St,85028,AZ,1,bJeVUZ8vCVLGYGIaVbY4Xw,business
Gaststätte Augustin,Stuttgart,4,,,"['Bars', 'Sports Bars', 'Nightlife', 'Restaurants', 'Pubs', 'Italian', 'Arts & Entertainment']",48.7774,3.5,,9.15588,Schwabstr. 84,70193,BW,1,dUNt0RlOvM6T0LDkUzLNAQ,business
Dubh Prais Restaurant,Edinburgh,18,"['Tuesday 17:0-22:0', 'Wednesday 17:0-22:0', 'Thursday 17:0-22:0', 'Friday 17:0-22:0', 'Saturday 17:0-22:0']",Royal Mile,"['Restaurants', 'British']",55.9504016,4.5,"['Alcohol: full_bar', ""Ambience: {'romantic': False, 'intimate': True, 'classy': False, 'hipster': False, 'touristy': False, 'trendy': False, 'upscale': False, 'casual': False}"", 'BusinessAcceptsCreditCards: True', ""BusinessParking: {'garage': False, 'street': False, 'lot': False, 'valet': False}"", 'Caters: False', 'GoodForKids: False', ""GoodForMeal: {'dessert': False, 'latenight': False, 'lunch': False, 'dinner': True, 'breakfast': False, 'brunch': False}"", 'HasTV: False', 'NoiseLevel: quiet', 'OutdoorSeating: False', 'RestaurantsAttire: dressy', 'RestaurantsDelivery: False', 'RestaurantsGoodForGroups: True', 'RestaurantsPriceRange2: 3', 'RestaurantsReservations: True', 'RestaurantsTableService: True', 'RestaurantsTakeOut: False', 'WiFi: no']",-3.1867083,123b High St,EH1 1SG,EDH,1,aCul-vH-5hCxX6XZs0g22A,business
Winchells Donuts,Las Vegas,33,,Westside,"['Restaurants', 'Donuts', 'Sandwiches', 'Food']",36.1282092,4.0,"['Alcohol: full_bar', ""Ambience: {'romantic': False, 'intimate': False, 'classy': False, 'hipster': False, 'divey': False, 'touristy': False, 'trendy': False, 'upscale': False, 'casual': False}"", 'BikeParking: True', 'BusinessAcceptsCreditCards: True', ""BusinessParking: {'garage': False, 'street': False, 'validated': False, 'lot': True, 'valet': False}"", 'GoodForKids: True', 'HasTV: False', 'NoiseLevel: quiet', 'OutdoorSeating: False', 'RestaurantsAttire: casual', 'RestaurantsDelivery: False', 'RestaurantsGoodForGroups: True', 'RestaurantsPriceRange2: 1', 'RestaurantsReservations: False', 'RestaurantsTableService: False', 'RestaurantsTakeOut: True', 'WiFi: no', ""GoodForMeal: {'dessert': False, 'latenight': False, 'lunch': False, 'dinner': False, 'breakfast': True, 'brunch': False}""]",-115.2253496,3307 S Jones Blvd,89146,NV,1,QcdKTLeP3J5Ki-fVcPZkfA,business
Uptown Bar And Kitchen,Charlotte,6,,Uptown,"['Restaurants', 'American (Traditional)']",35.2164881,3.0,"['Alcohol: full_bar', ""Ambience: {'romantic': False, 'intimate': False, 'classy': False, 'hipster': False, 'divey': False, 'touristy': False, 'trendy': False, 'upscale': False, 'casual': True}"", 'BikeParking: True', 'BusinessAcceptsCreditCards: True', ""BusinessParking: {'garage': False, 'street': False, 'validated': False, 'lot': False, 'valet': False}"", 'Caters: False', 'GoodForKids: True', ""GoodForMeal: {'dessert': False, 'latenight': False, 'lunch': False, 'dinner': False, 'breakfast': False, 'brunch': False}"", 'HasTV: True', 'OutdoorSeating: False', 'RestaurantsAttire: casual', 'RestaurantsDelivery: False', 'RestaurantsGoodForGroups: True', 'RestaurantsPriceRange2: 2', 'RestaurantsReservations: False', 'RestaurantsTableService: True', 'RestaurantsTakeOut: True', 'WiFi: paid']",-80.8404216,537-599 S Mcdowell St,28204,NC,1,LhIpo0MrEqgDj5Ba_G9BcQ,business
Chamber's American Grille,Charlotte,3,,Uptown,"['Restaurants', 'Buffets', 'American (New)']",35.2168918873,2.5,"['Alcohol: full_bar', 'BusinessAcceptsCreditCards: True', 'GoodForKids: False', ""GoodForMeal: {'dessert': False, 'latenight': False, 'lunch': False, 'dinner': False, 'breakfast': False, 'brunch': False}"", 'HasTV: True', 'NoiseLevel: quiet', 'OutdoorSeating: True', 'RestaurantsAttire: casual', 'RestaurantsDelivery: False', 'RestaurantsGoodForGroups: True', 'RestaurantsPriceRange2: 2', 'RestaurantsReservations: True', 'RestaurantsTableService: True', 'WiFi: free']",-80.8371663094,201 S McDowell St,28204,NC,0,99TYELtvqw0loiJfodIaow,business
La Prep,Toronto,8,"['Monday 6:30-17:0', 'Tuesday 6:30-17:0', 'Wednesday 6:30-17:0', 'Thursday 6:30-17:0', 'Friday 6:30-17:0']",Downtown Core,"['Salad', 'Restaurants', 'Breakfast & Brunch', 'Sandwiches']",43.6461686276,3.0,"['Alcohol: none', 'BikeParking: True', 'BusinessAcceptsCreditCards: True', 'Caters: True', 'GoodForKids: True', ""GoodForMeal: {'dessert': False, 'latenight': False, 'lunch': False, 'dinner': False, 'breakfast': False, 'brunch': False}"", 'HasTV: False', 'NoiseLevel: average', 'OutdoorSeating: False', 'RestaurantsAttire: casual', 'RestaurantsDelivery: False', 'RestaurantsGoodForGroups: True', 'RestaurantsPriceRange2: 1', 'RestaurantsReservations: False', 'RestaurantsTableService: False', 'RestaurantsTakeOut: True', 'WiFi: no']",-79.3842887878,40 University Avenue,M5J 1T1,ON,1,4xSralBJINSqnZaarAUYrw,business
Cabbagetown Brew,Toronto,10,"['Monday 9:0-21:0', 'Tuesday 9:0-21:0', 'Wednesday 9:0-21:0', 'Thursday 9:0-21:0', 'Friday 9:0-21:0', 'Saturday 9:0-18:0', 'Sunday 9:0-18:0']",Cabbagetown,"['Italian', 'Canadian (New)', 'Restaurants', 'Cafes']",43.6668442,4.5,"['Alcohol: none', ""Ambience: {'romantic': False, 'intimate': False, 'classy': False, 'hipster': False, 'touristy': False, 'trendy': False, 'upscale': False, 'casual': True}"", 'BikeParking: True', 'BusinessAcceptsCreditCards: True', ""BusinessParking: {'garage': False, 'street': False, 'validated': False, 'lot': False, 'valet': False}"", 'Caters: False', 'GoodForKids: False', ""GoodForMeal: {'dessert': False, 'latenight': False, 'lunch': False, 'dinner': False, 'breakfast': False, 'brunch': False}"", 'HasTV: True', 'NoiseLevel: quiet', 'OutdoorSeating: True', 'RestaurantsAttire: casual', 'RestaurantsDelivery: False', 'RestaurantsGoodForGroups: True', 'RestaurantsPriceRange2: 2', 'RestaurantsReservations: False', 'RestaurantsTableService: True', 'RestaurantsTakeOut: True', 'WiFi: free']",-79.3691778,552 Parliament Street,M4X 1P6,ON,1,nPBZaN5ttrArS6tZwdjN7Q,business
Deon's Restaurant,Cleveland,3,,St Clair-Superior,['Restaurants'],41.5184442,3.5,"['BusinessAcceptsCreditCards: False', 'RestaurantsDelivery: False', 'RestaurantsReservations: False', 'RestaurantsTakeOut: True']",-81.6464006,6218 Superior Ave,44103,OH,1,4tc3kLlLuiolIP4jJslYYw,business
Pizza Hut,Mint Hill,8,,,"['Chicken Wings', 'Italian', 'Pizza', 'Restaurants']",35.1871766,2.0,"['BusinessAcceptsCreditCards: True', 'Caters: False', 'GoodForKids: True', 'RestaurantsDelivery: True', 'RestaurantsGoodForGroups: True', 'RestaurantsPriceRange2: 1', 'RestaurantsReservations: False', 'RestaurantsTakeOut: True', 'WheelchairAccessible: False']",-80.6872643,9229 Lawyers Rd  Unit H,28227,NC,1,KWZCNN7VTFE4BVbIIW14Nw,business
Chick-fil-A,Charlotte,18,"['Monday 6:30-22:0', 'Tuesday 6:30-22:0', 'Wednesday 6:30-22:0', 'Thursday 6:30-22:0', 'Friday 6:30-22:0', 'Saturday 6:30-22:0']",,"['Restaurants', 'Chicken Wings', 'Fast Food']",35.104851,3.0,"['BikeParking: True', 'BusinessAcceptsCreditCards: True', 'Caters: True', 'DriveThru: True', 'GoodForKids: True', ""GoodForMeal: {'dessert': False, 'latenight': False, 'lunch': False, 'dinner': False, 'breakfast': False, 'brunch': False}"", 'HasTV: True', 'OutdoorSeating: True', 'RestaurantsAttire: casual', 'RestaurantsDelivery: False', 'RestaurantsGoodForGroups: True', 'RestaurantsPriceRange2: 1', 'RestaurantsReservations: False', 'RestaurantsTableService: False', 'RestaurantsTakeOut: True', 'WheelchairAccessible: True', 'WiFi: free']",-80.879773,9801 South Blvd,28273,NC,1,H3EBEKejPL8tsB1gQYG1Ew,business
Fionn MacCool's,Mississauga,17,,,"['Bars', 'Irish', 'Restaurants', 'Nightlife']",43.6918356,2.5,"[""Ambience: {'romantic': False, 'intimate': False, 'classy': False, 'hipster': False, 'touristy': False, 'trendy': False, 'upscale': False, 'casual': False}"", 'BikeParking: False', 'BusinessAcceptsCreditCards: True', 'GoodForDancing: False', 'GoodForKids: False', ""GoodForMeal: {'dessert': False, 'latenight': False, 'lunch': False, 'dinner': False, 'breakfast': False, 'brunch': False}"", 'HappyHour: False', 'HasTV: True', 'OutdoorSeating: False', 'RestaurantsAttire: casual', 'RestaurantsDelivery: False', 'RestaurantsGoodForGroups: False', 'RestaurantsPriceRange2: 2', 'RestaurantsReservations: False', 'RestaurantsTakeOut: False']",-79.6292748,Pearson International Airport,L4V 1W1,ON,1,QMq_NhuroFHjauucOj_RYA,business
Grill Fish Cool,Toronto,10,"['Monday 12:0-0:30', 'Tuesday 12:0-0:30', 'Wednesday 12:0-0:30', 'Thursday 12:0-0:30', 'Friday 12:0-0:30', 'Saturday 12:0-0:30', 'Sunday 12:0-0:30']",Scarborough,"['Chinese', 'Restaurants', 'Seafood']",43.82783,2.5,"['Alcohol: full_bar', ""Ambience: {'romantic': False, 'intimate': False, 'classy': False, 'hipster': False, 'touristy': False, 'trendy': False, 'upscale': False, 'casual': False}"", 'BikeParking: False', 'BusinessAcceptsCreditCards: False', ""BusinessParking: {'garage': False, 'street': False, 'validated': False, 'lot': False, 'valet': False}"", 'GoodForKids: True', ""GoodForMeal: {'dessert': False, 'latenight': False, 'lunch': False, 'dinner': False, 'breakfast': False, 'brunch': False}"", 'HasTV: True', 'NoiseLevel: average', 'OutdoorSeating: False', 'RestaurantsAttire: casual', 'RestaurantsGoodForGroups: True', 'RestaurantsPriceRange2: 2', 'RestaurantsReservations: True', 'RestaurantsTableService: True', 'RestaurantsTakeOut: True', 'WiFi: no']",-79.287826,102 - 5005 Steeles Avenue E,M1V 5K1,ON,1,ls3r7doDW0p65cwMWxEIdQ,business
Pizzaville,Etobicoke,3,,Etobicoke,"['Restaurants', 'Pizza']",43.6324486,2.5,['RestaurantsReservations: False'],-79.5434889,5485 Dundas St W,M9B 1B5,ON,1,a5jZXqoR-4Br3UhbGTOOoQ,business
Our Diner,Imperial,9,"['Monday 7:0-14:0', 'Tuesday 7:0-14:0', 'Wednesday 7:0-14:0', 'Thursday 7:0-14:0', 'Friday 7:0-14:0', 'Saturday 7:0-14:0', 'Sunday 7:0-14:0']",,"['Restaurants', 'Diners']",40.4424811,3.0,"['Alcohol: none', ""Ambience: {'romantic': False, 'intimate': False, 'classy': False, 'hipster': False, 'divey': False, 'touristy': False, 'trendy': False, 'upscale': False, 'casual': False}"", 'BusinessAcceptsCreditCards: True', ""BusinessParking: {'garage': False, 'street': False, 'validated': False, 'lot': False, 'valet': False}"", 'GoodForKids: True', 'RestaurantsDelivery: False', 'RestaurantsGoodForGroups: True', 'RestaurantsTableService: True', 'RestaurantsTakeOut: True']",-80.2382483,110 W Allegheny Rd,15126,PA,1,WqV7zB_AbmUm9ww4f5W0kA,business
Tacos Atoyac,Phoenix,312,"['Tuesday 11:0-21:0', 'Wednesday 11:0-21:0', 'Thursday 11:0-21:0', 'Friday 11:0-21:0', 'Saturday 11:0-21:0']",,"['Restaurants', 'Mexican']",33.53864,4.5,"['Alcohol: none', ""Ambience: {'romantic': False, 'intimate': False, 'classy': False, 'hipster': False, 'divey': True, 'touristy': False, 'trendy': False, 'upscale': False, 'casual': False}"", 'BusinessAcceptsCreditCards: True', ""BusinessParking: {'garage': False, 'street': False, 'validated': False, 'lot': True, 'valet': False}"", 'Caters: True', 'DogsAllowed: True', 'GoodForKids: True', ""GoodForMeal: {'dessert': False, 'latenight': False, 'lunch': True, 'dinner': True, 'breakfast': False, 'brunch': False}"", 'HasTV: False', 'NoiseLevel: average', 'OutdoorSeating: False', 'RestaurantsAttire: casual', 'RestaurantsDelivery: False', 'RestaurantsGoodForGroups: True', 'RestaurantsPriceRange2: 1', 'RestaurantsReservations: False', 'RestaurantsTableService: False', 'RestaurantsTakeOut: True', 'WheelchairAccessible: True', 'WiFi: no']",-112.098273,1830 W Glendale Ave,85021,AZ,0,2Yq-Y-tDroP7mdDfcWJLCQ,business
Jack in the Box,Phoenix,6,"['Monday 0:0-0:0', 'Tuesday 0:0-0:0', 'Wednesday 0:0-0:0', 'Thursday 0:0-0:0', 'Friday 0:0-0:0', 'Saturday 0:0-0:0', 'Sunday 0:0-0:0']",,"['Fast Food', 'Restaurants']",33.5669469,2.5,"['Alcohol: none', ""Ambience: {'romantic': False, 'intimate': False, 'classy': False, 'hipster': False, 'divey': False, 'touristy': False, 'trendy': False, 'upscale': False, 'casual': False}"", 'BikeParking: True', 'BusinessAcceptsCreditCards: True', ""BusinessParking: {'garage': False, 'street': False, 'validated': False, 'lot': False, 'valet': False}"", 'Caters: False', 'DriveThru: True', 'GoodForKids: True', ""GoodForMeal: {'dessert': False, 'latenight': False, 'lunch': False, 'dinner': False, 'breakfast': False, 'brunch': False}"", 'HasTV: False', 'NoiseLevel: quiet', 'OutdoorSeating: False', 'RestaurantsAttire: casual', 'RestaurantsDelivery: False', 'RestaurantsGoodForGroups: True', 'RestaurantsPriceRange2: 1', 'RestaurantsReservations: False', 'RestaurantsTableService: False', 'RestaurantsTakeOut: True']",-112.0992265,8951 N 19th Ave,85021,AZ,1,aL6HK8EBNMPUWm3zi8xtew,business
Sushi Time,Tempe,112,"['Monday 11:30-15:0', 'Monday 17:0-22:0', 'Tuesday 11:30-15:0', 'Tuesday 17:0-22:0', 'Wednesday 11:30-15:0', 'Wednesday 17:0-22:0', 'Thursday 11:30-15:0', 'Thursday 17:0-22:0', 'Friday 11:30-15:0', 'Friday 17:0-22:0', 'Saturday 12:0-15:0', 'Saturday 17:0-22:0']",,"['Restaurants', 'Sushi Bars']",33.3784399134,3.5,"['Alcohol: beer_and_wine', ""Ambience: {'romantic': False, 'intimate': False, 'classy': False, 'hipster': False, 'divey': False, 'touristy': False, 'trendy': False, 'upscale': False, 'casual': True}"", 'BikeParking: True', 'BusinessAcceptsCreditCards: True', ""BusinessParking: {'garage': False, 'street': False, 'validated': False, 'lot': True, 'valet': False}"", 'Caters: True', 'DogsAllowed: False', 'GoodForKids: True', ""GoodForMeal: {'dessert': False, 'latenight': False, 'lunch': True, 'dinner': True, 'breakfast': False, 'brunch': False}"", 'HasTV: False', 'NoiseLevel: average', 'OutdoorSeating: False', 'RestaurantsAttire: casual', 'RestaurantsDelivery: False', 'RestaurantsPriceRange2: 2', 'RestaurantsReservations: False', 'RestaurantsTableService: True', 'RestaurantsTakeOut: True', 'WheelchairAccessible: True', 'WiFi: free', 'RestaurantsGoodForGroups: True']",-111.928999825,5136 S Rural Rd,85282,AZ,1,_nB8HNT2IDRhlAoY9TPYew,business
Ken Ho's Snack Service,Toronto,6,,University of Toronto,"['Food Stands', 'Chinese', 'Restaurants']",43.659641,3.0,"[""Ambience: {'romantic': False, 'intimate': False, 'classy': False, 'hipster': False, 'touristy': False, 'trendy': False, 'upscale': False, 'casual': False}"", 'BusinessAcceptsCreditCards: False', ""GoodForMeal: {'dessert': False, 'latenight': False, 'lunch': False, 'dinner': False, 'breakfast': False, 'brunch': False}"", 'RestaurantsAttire: casual', 'RestaurantsPriceRange2: 1', 'RestaurantsReservations: False', 'RestaurantsTakeOut: True', 'WiFi: no']",-79.3967921,40 St George St,M5S 2E4,ON,1,XhI9jFlXmT33LQzOHkJrlw,business
Thai Express,Toronto,14,,Downtown Core,"['Thai', 'Restaurants']",43.6493491,2.5,"['Alcohol: none', 'BusinessAcceptsCreditCards: True', 'GoodForKids: False', ""GoodForMeal: {'dessert': False, 'latenight': False, 'lunch': False, 'dinner': False, 'breakfast': False, 'brunch': False}"", 'HasTV: False', 'NoiseLevel: loud', 'OutdoorSeating: False', 'RestaurantsAttire: casual', 'RestaurantsDelivery: False', 'RestaurantsGoodForGroups: False', 'RestaurantsPriceRange2: 1', 'RestaurantsReservations: False', 'RestaurantsTableService: False', 'RestaurantsTakeOut: True', 'WiFi: no', ""Ambience: {'romantic': False, 'intimate': False, 'classy': False, 'hipster': False, 'touristy': False, 'trendy': False, 'upscale': False, 'casual': False}""]",-79.3795277,40 King St W,M5H 3Y2,ON,1,2XibM_ahlC7kRP59gLOnCA,business
Ninki Japanese Cuisine,Toronto,67,"['Monday 11:0-21:0', 'Tuesday 11:0-21:0', 'Wednesday 11:0-21:0', 'Thursday 11:0-21:0', 'Friday 11:0-21:0']",Downtown Core,"['Restaurants', 'Japanese']",43.6493491,2.5,"['Alcohol: full_bar', ""Ambience: {'romantic': False, 'intimate': False, 'classy': False, 'hipster': False, 'touristy': False, 'trendy': False, 'upscale': False, 'casual': True}"", 'BikeParking: False', 'BusinessAcceptsCreditCards: True', ""BusinessParking: {'garage': True, 'street': False, 'validated': False, 'lot': False, 'valet': False}"", 'Caters: False', 'GoodForKids: True', ""GoodForMeal: {'dessert': False, 'latenight': False, 'lunch': True, 'dinner': False, 'breakfast': False, 'brunch': False}"", 'HasTV: False', 'NoiseLevel: average', 'OutdoorSeating: False', 'RestaurantsAttire: casual', 'RestaurantsDelivery: False', 'RestaurantsGoodForGroups: True', 'RestaurantsPriceRange2: 2', 'RestaurantsReservations: True', 'RestaurantsTableService: True', 'RestaurantsTakeOut: True', 'WheelchairAccessible: True', 'WiFi: no']",-79.3795277,40 King St W,M5H 3Y2,ON,1,3dfJjFeXVb8UoESrypybeQ,business
Chop Chop Leith,Edinburgh,19,"['Monday 12:0-14:0', 'Monday 18:0-22:0', 'Wednesday 12:0-14:0', 'Wednesday 18:0-22:0', 'Thursday 12:0-14:0', 'Thursday 18:0-22:0', 'Friday 12:0-14:0', 'Friday 18:0-22:0', 'Saturday 12:0-14:0', 'Saturday 17:0-22:0', 'Sunday 12:30-14:30', 'Sunday 17:0-22:0']",Leith,"['Restaurants', 'Chinese']",55.9770251,4.0,"['Alcohol: full_bar', ""Ambience: {'romantic': False, 'intimate': False, 'classy': False, 'hipster': False, 'touristy': False, 'trendy': False, 'upscale': False, 'casual': True}"", 'BusinessAcceptsCreditCards: True', ""BusinessParking: {'garage': False, 'street': True, 'lot': False, 'valet': False}"", 'GoodForKids: True', ""GoodForMeal: {'dessert': False, 'latenight': False, 'lunch': False, 'dinner': True, 'breakfast': False, 'brunch': False}"", 'HasTV: False', 'NoiseLevel: average', 'OutdoorSeating: True', 'RestaurantsAttire: casual', 'RestaurantsDelivery: True', 'RestaurantsGoodForGroups: True', 'RestaurantsPriceRange2: 2', 'RestaurantsReservations: True', 'RestaurantsTableService: True', 'RestaurantsTakeOut: True', 'WheelchairAccessible: True', 'WiFi: no']",-3.1727333,76 Commercial Street,EH6 6LX,EDH,0,mwO4cm8qs32djjve5ni_Vg,business
Chip Inn,Edinburgh,7,"['Monday 12:0-23:0', 'Tuesday 12:0-23:0', 'Wednesday 12:0-23:0', 'Thursday 12:0-23:0', 'Friday 12:0-23:0', 'Saturday 16:0-23:0', 'Sunday 16:0-23:0']",,"['Restaurants', 'Fish & Chips']",55.9085210029,3.5,"['BusinessAcceptsCreditCards: True', ""BusinessParking: {'garage': False, 'street': False, 'lot': False, 'valet': False}"", 'GoodForKids: True', 'HasTV: False', 'OutdoorSeating: False', 'RestaurantsAttire: formal', 'RestaurantsDelivery: True', 'RestaurantsPriceRange2: 3', 'RestaurantsReservations: True', 'RestaurantsTakeOut: True']",-3.2284550517,226 Oxgangs Road North,EH13 9EB,EDH,1,CZRba6sPzqpGwWpz5HJdbA,business
Tony's Pizza,Huntersville,81,"['Monday 11:0-21:30', 'Tuesday 11:0-21:30', 'Wednesday 11:0-21:30', 'Thursday 11:0-21:30', 'Friday 11:0-21:30', 'Saturday 11:0-21:30', 'Sunday 12:0-20:0']",,"['Italian', 'Sandwiches', 'Restaurants', 'Pizza']",35.357556,4.0,"['Alcohol: beer_and_wine', ""Ambience: {'romantic': False, 'intimate': False, 'classy': False, 'hipster': False, 'divey': False, 'touristy': False, 'trendy': False, 'upscale': False, 'casual': True}"", 'BikeParking: True', 'BusinessAcceptsCreditCards: True', ""BusinessParking: {'garage': False, 'street': False, 'validated': False, 'lot': True, 'valet': False}"", 'Caters: True', 'GoodForKids: True', ""GoodForMeal: {'dessert': False, 'latenight': False, 'lunch': True, 'dinner': True, 'breakfast': False, 'brunch': False}"", 'HasTV: False', 'NoiseLevel: average', 'OutdoorSeating: False', 'RestaurantsAttire: casual', 'RestaurantsDelivery: False', 'RestaurantsGoodForGroups: True', 'RestaurantsPriceRange2: 1', 'RestaurantsReservations: False', 'RestaurantsTableService: False', 'RestaurantsTakeOut: True', 'WheelchairAccessible: True', 'WiFi: no']",-80.868144,9548 Mt Holly Huntersville Rd,28078,NC,1,fOKeVUHC7nb6c8G5sILdHQ,business
Sree's Foods,Pittsburgh,45,"['Monday 11:30-15:0', 'Tuesday 11:30-15:0', 'Wednesday 11:30-15:0', 'Thursday 11:30-15:0', 'Friday 11:30-15:0']",Downtown,"['Restaurants', 'Indian', 'Pakistani']",40.4430393,3.5,"['Alcohol: none', ""Ambience: {'romantic': False, 'intimate': False, 'classy': False, 'hipster': False, 'divey': True, 'touristy': False, 'trendy': False, 'upscale': False, 'casual': False}"", 'BikeParking: True', 'BusinessAcceptsCreditCards: False', ""BusinessParking: {'garage': False, 'street': True, 'validated': False, 'lot': False, 'valet': False}"", 'Caters: False', 'GoodForKids: False', ""GoodForMeal: {'dessert': False, 'latenight': False, 'lunch': True, 'dinner': False, 'breakfast': False, 'brunch': False}"", 'HasTV: False', 'NoiseLevel: quiet', 'OutdoorSeating: False', 'RestaurantsAttire: casual', 'RestaurantsDelivery: False', 'RestaurantsGoodForGroups: False', 'RestaurantsPriceRange2: 1', 'RestaurantsReservations: False', 'RestaurantsTableService: False', 'RestaurantsTakeOut: True', 'WheelchairAccessible: True', 'WiFi: no']",-79.9969232,701 Smithfield St,15222,PA,1,8vzMRsSIjkdjwq3u190ohw,business
Papa Murphy's,Glendale,7,,,"['Pizza', 'Restaurants', 'Food']",33.5675177,3.5,"['Alcohol: none', ""Ambience: {'romantic': False, 'intimate': False, 'classy': False, 'hipster': False, 'divey': False, 'touristy': False, 'trendy': False, 'upscale': False, 'casual': False}"", 'BikeParking: True', 'BusinessAcceptsCreditCards: True', ""BusinessParking: {'garage': False, 'street': False, 'validated': False, 'lot': False, 'valet': False}"", 'Caters: False', 'GoodForKids: True', ""GoodForMeal: {'dessert': False, 'latenight': False, 'lunch': False, 'dinner': False, 'breakfast': False, 'brunch': False}"", 'HasTV: False', 'NoiseLevel: quiet', 'OutdoorSeating: False', 'RestaurantsAttire: casual', 'RestaurantsDelivery: False', 'RestaurantsGoodForGroups: True', 'RestaurantsPriceRange2: 2', 'RestaurantsReservations: False', 'RestaurantsTableService: False', 'RestaurantsTakeOut: True', 'WiFi: no']",-112.1703705,5150 W Olive Ave,85302,AZ,1,CsdDwluwDz6NpiSx3QfToA,business
Empire Bagels,Las Vegas,76,"['Monday 6:30-16:30', 'Tuesday 6:30-16:30', 'Wednesday 6:30-16:30', 'Thursday 6:30-16:30', 'Friday 6:30-16:30', 'Saturday 7:30-15:30', 'Sunday 7:30-15:30']",Spring Valley,"['Food', 'Restaurants', 'Bagels', 'Delis', 'Breakfast & Brunch']",36.0772861605,3.0,"['Alcohol: none', ""Ambience: {'romantic': False, 'intimate': False, 'classy': False, 'hipster': False, 'divey': False, 'touristy': False, 'trendy': False, 'upscale': False, 'casual': True}"", 'BikeParking: True', 'BusinessAcceptsCreditCards: True', ""BusinessParking: {'garage': False, 'street': False, 'validated': False, 'lot': True, 'valet': False}"", 'Caters: True', 'GoodForKids: True', ""GoodForMeal: {'dessert': False, 'latenight': False, 'lunch': False, 'dinner': False, 'breakfast': True, 'brunch': False}"", 'HasTV: True', 'NoiseLevel: quiet', 'OutdoorSeating: True', 'RestaurantsAttire: casual', 'RestaurantsDelivery: False', 'RestaurantsGoodForGroups: True', 'RestaurantsPriceRange2: 1', 'RestaurantsReservations: False', 'RestaurantsTableService: False', 'RestaurantsTakeOut: True', 'WiFi: no']",-115.298175927,6105 S Fort Apache Rd,89148,NV,1,E6VoYfE4YDQueOHYpdyQaQ,business
Ali Baba Restaurant,Cleveland,3,"['Wednesday 11:30-21:0', 'Thursday 11:30-21:0', 'Friday 11:30-21:0', 'Saturday 11:30-21:0']",Jefferson,"['Restaurants', 'Lebanese', 'Vegetarian', 'Middle Eastern', 'Vegan']",41.4606693,4.5,,-81.7720292,12021 Lorain Ave,44111,OH,1,CF2abR1isMzLfRPzjTvIkg,business
Harvey's Restaurants,North York,6,"['Monday 10:30-22:0', 'Tuesday 10:30-22:0', 'Wednesday 10:30-22:0', 'Thursday 10:30-22:0', 'Friday 10:30-22:0', 'Saturday 10:30-22:0', 'Sunday 10:30-22:0']",,"['Burgers', 'Hot Dogs', 'Restaurants', 'Fast Food', 'American (Traditional)']",43.7265728,3.0,"['Alcohol: none', 'BikeParking: True', 'BusinessAcceptsCreditCards: True', 'Caters: False', 'DriveThru: True', 'GoodForKids: True', 'HasTV: False', 'NoiseLevel: average', 'RestaurantsAttire: casual', 'RestaurantsDelivery: False', 'RestaurantsGoodForGroups: True', 'RestaurantsPriceRange2: 1', 'RestaurantsReservations: False', 'RestaurantsTableService: False', 'RestaurantsTakeOut: True']",-79.341009,898 Don Mills Rd,M3C 1V6,ON,1,cvIcgTWZmnNsv0jXtl3KVg,business
Pizza Hut,Toronto,9,"['Monday 11:0-23:0', 'Tuesday 11:0-23:0', 'Wednesday 11:0-23:0', 'Thursday 11:0-23:0', 'Friday 11:0-1:0', 'Saturday 11:0-1:0', 'Sunday 12:0-23:0']",Bloor-West Village,"['Pizza', 'Restaurants', 'Italian', 'Chicken Wings']",43.6526178,2.5,"['Alcohol: beer_and_wine', ""BusinessParking: {'garage': False, 'street': False, 'validated': False, 'lot': False, 'valet': False}"", 'GoodForKids: False', ""GoodForMeal: {'dessert': False, 'latenight': False, 'lunch': False, 'dinner': False, 'breakfast': False, 'brunch': False}"", 'HasTV: False', 'OutdoorSeating: False', 'RestaurantsAttire: casual', 'RestaurantsPriceRange2: 1', 'RestaurantsTableService: True']",-79.4708935,2100 Bloor Street W,M6S 4Y7,ON,1,6tFbsJuIarw6vawDOZ9GkA,business
North Star Bar & Grill,North Las Vegas,24,,,"['Restaurants', 'Nightlife', 'American (Traditional)', 'Bars', 'Salad', 'American (New)', 'Pubs']",36.2540775,4.0,"['Alcohol: full_bar', ""Ambience: {'romantic': False, 'intimate': False, 'classy': False, 'hipster': False, 'divey': False, 'touristy': False, 'trendy': False, 'upscale': False, 'casual': True}"", ""BestNights: {'monday': False, 'tuesday': False, 'friday': False, 'wednesday': False, 'thursday': True, 'sunday': False, 'saturday': False}"", 'BikeParking: True', 'BusinessAcceptsCreditCards: True', ""BusinessParking: {'garage': False, 'street': False, 'validated': False, 'lot': True, 'valet': False}"", 'Caters: False', 'CoatCheck: False', 'GoodForDancing: False', 'GoodForKids: False', ""GoodForMeal: {'dessert': False, 'latenight': True, 'lunch': True, 'dinner': False, 'breakfast': False, 'brunch': False}"", 'HappyHour: True', 'HasTV: True', ""Music: {'dj': False, 'background_music': False, 'no_music': False, 'karaoke': False, 'live': False, 'video': False, 'jukebox': True}"", 'NoiseLevel: average', 'OutdoorSeating: False', 'RestaurantsAttire: casual', 'RestaurantsDelivery: False', 'RestaurantsGoodForGroups: True', 'RestaurantsPriceRange2: 1', 'RestaurantsReservations: False', 'RestaurantsTableService: True', 'RestaurantsTakeOut: True', 'Smoking: yes', 'WiFi: no']",-115.1526103,5150 Camino Al Norte,89031,NV,1,KwxLywiOt7L8t7fsMsd9VQ,business
Chipotle Mexican Grill,Las Vegas,42,"['Monday 10:45-22:0', 'Tuesday 10:45-22:0', 'Wednesday 10:45-22:0', 'Thursday 10:45-22:0', 'Friday 10:45-22:0', 'Saturday 10:45-22:0', 'Sunday 10:45-22:0']",Westside,"['Restaurants', 'Fast Food', 'Mexican']",36.1595287253,2.5,"['Alcohol: none', ""Ambience: {'romantic': False, 'intimate': False, 'classy': False, 'hipster': True, 'divey': False, 'touristy': False, 'trendy': False, 'upscale': False, 'casual': True}"", 'BikeParking: True', 'BusinessAcceptsCreditCards: True', ""BusinessParking: {'garage': False, 'street': False, 'validated': False, 'lot': True, 'valet': False}"", 'Caters: True', 'DriveThru: False', 'GoodForKids: True', ""GoodForMeal: {'dessert': False, 'latenight': False, 'lunch': True, 'dinner': False, 'breakfast': False, 'brunch': False}"", 'HasTV: False', 'NoiseLevel: average', 'OutdoorSeating: False', 'RestaurantsAttire: casual', 'RestaurantsDelivery: False', 'RestaurantsGoodForGroups: True', 'RestaurantsPriceRange2: 1', 'RestaurantsReservations: False', 'RestaurantsTableService: False', 'RestaurantsTakeOut: True', 'WiFi: no']",-115.232730303,"6340 W Charleston Blvd, Ste 110",89146,NV,1,gWlasTc2Af0VV24mCR1tWg,business
Fat Bastard Burrito,Toronto,58,"['Monday 11:0-23:0', 'Tuesday 11:0-23:0', 'Wednesday 11:0-23:0', 'Thursday 11:0-23:0', 'Friday 11:0-0:0', 'Saturday 11:0-0:0', 'Sunday 11:0-23:0']",Etobicoke,"['Mexican', 'Restaurants', 'Tex-Mex']",43.622319,3.0,"['Alcohol: none', ""Ambience: {'romantic': False, 'intimate': False, 'classy': False, 'hipster': False, 'touristy': False, 'trendy': False, 'upscale': False, 'casual': True}"", 'BikeParking: True', 'BusinessAcceptsCreditCards: True', ""BusinessParking: {'garage': False, 'street': True, 'validated': False, 'lot': True, 'valet': False}"", 'Caters: False', 'GoodForKids: True', ""GoodForMeal: {'dessert': False, 'latenight': False, 'lunch': True, 'dinner': True, 'breakfast': False, 'brunch': False}"", 'HasTV: True', 'NoiseLevel: average', 'OutdoorSeating: True', 'RestaurantsAttire: casual', 'RestaurantsDelivery: True', 'RestaurantsGoodForGroups: False', 'RestaurantsPriceRange2: 1', 'RestaurantsReservations: False', 'RestaurantsTableService: False', 'RestaurantsTakeOut: True', 'WheelchairAccessible: True', 'WiFi: no']",-79.521924,1180 The Queensway,M8Z 1R5,ON,1,w761Gs5wswaiKRNq0IpA7w,business
McDonald's,Montréal,3,,Saint-Laurent,"['Burgers', 'Fast Food', 'Restaurants']",45.4957063792,3.5,"['Alcohol: none', ""Ambience: {'romantic': False, 'intimate': False, 'classy': False, 'hipster': False, 'touristy': False, 'trendy': False, 'upscale': False, 'casual': False}"", 'BikeParking: True', 'BusinessAcceptsCreditCards: True', 'Caters: False', 'DriveThru: True', 'GoodForKids: True', ""GoodForMeal: {'dessert': False, 'latenight': False, 'lunch': False, 'dinner': False, 'breakfast': False, 'brunch': False}"", 'HasTV: True', 'NoiseLevel: average', 'OutdoorSeating: False', 'RestaurantsAttire: casual', 'RestaurantsDelivery: False', 'RestaurantsGoodForGroups: True', 'RestaurantsPriceRange2: 1', 'RestaurantsReservations: False', 'RestaurantsTableService: False', 'RestaurantsTakeOut: True', 'WiFi: free']",-73.7043839693,3330 Chemin De La Côte-Vertu,H4R 2X7,QC,1,mLaI3K5oLZKd7syHtkFJUw,business
The Nosh Box,Cleveland,13,,Civic Center,"['American (Traditional)', 'Tex-Mex', 'Restaurants', 'Food Stands']",41.4994954,4.0,"['Alcohol: none', ""Ambience: {'romantic': False, 'intimate': False, 'classy': False, 'hipster': False, 'divey': False, 'touristy': False, 'trendy': False, 'upscale': False, 'casual': False}"", 'BusinessAcceptsCreditCards: True', ""BusinessParking: {'garage': True, 'street': True, 'validated': False, 'lot': True, 'valet': False}"", 'GoodForKids: True', ""GoodForMeal: {'dessert': False, 'latenight': False, 'lunch': False, 'dinner': False, 'breakfast': False, 'brunch': False}"", 'HasTV: False', 'NoiseLevel: average', 'OutdoorSeating: True', 'RestaurantsAttire: casual', 'RestaurantsDelivery: True', 'RestaurantsGoodForGroups: True', 'RestaurantsPriceRange2: 2', 'RestaurantsReservations: False', 'RestaurantsTableService: True', 'RestaurantsTakeOut: True', 'WheelchairAccessible: True', 'WiFi: no']",-81.6954088,,,OH,1,2N4AeKjw2WdBchIVqYPv_A,business
Pizza Hut,Phoenix,4,,,"['Chicken Wings', 'Italian', 'Pizza', 'Restaurants']",33.3211875,2.5,"['Alcohol: beer_and_wine', ""Ambience: {'romantic': False, 'intimate': False, 'classy': False, 'hipster': False, 'divey': False, 'touristy': False, 'trendy': False, 'upscale': False, 'casual': False}"", 'BikeParking: False', 'BusinessAcceptsCreditCards: True', ""BusinessParking: {'garage': False, 'street': False, 'validated': False, 'lot': False, 'valet': False}"", 'GoodForKids: True', ""GoodForMeal: {'dessert': False, 'latenight': False, 'lunch': False, 'dinner': False, 'breakfast': False, 'brunch': False}"", 'OutdoorSeating: False', 'RestaurantsDelivery: True', 'RestaurantsGoodForGroups: True', 'RestaurantsPriceRange2: 2', 'RestaurantsReservations: False', 'RestaurantsTableService: True', 'RestaurantsTakeOut: False']",-111.9795022,"4810 E Ray Rd, Ste 1",85044,AZ,1,_LNVUUb8bTvOxfUNABf0xA,business
Mezza Notte Trattoria,North York,39,"['Monday 11:30-23:0', 'Tuesday 11:30-23:0', 'Wednesday 11:30-23:0', 'Thursday 11:30-23:0', 'Friday 11:30-0:0', 'Saturday 16:30-0:0', 'Sunday 16:30-22:0']",Willowdale,"['Italian', 'Caterers', 'Pizza', 'Restaurants', 'Event Planning & Services']",43.7725604,3.0,"['Alcohol: full_bar', ""Ambience: {'romantic': False, 'intimate': False, 'classy': False, 'hipster': False, 'touristy': False, 'trendy': False, 'upscale': False, 'casual': True}"", 'BikeParking: False', 'BusinessAcceptsCreditCards: True', ""BusinessParking: {'garage': False, 'street': False, 'validated': False, 'lot': True, 'valet': False}"", 'Caters: True', 'GoodForKids: True', ""GoodForMeal: {'dessert': False, 'latenight': False, 'lunch': False, 'dinner': True, 'breakfast': False, 'brunch': False}"", 'HasTV: True', 'NoiseLevel: average', 'OutdoorSeating: True', 'RestaurantsAttire: casual', 'RestaurantsDelivery: True', 'RestaurantsGoodForGroups: True', 'RestaurantsPriceRange2: 2', 'RestaurantsReservations: True', 'RestaurantsTableService: True', 'RestaurantsTakeOut: True', 'WiFi: no']",-79.4137686,5304 Yonge Street,M2N 5P9,ON,1,WrKAFRFcx6GiLYR4Pshtgg,business
Tara Inn,Scarborough,9,,Scarborough,"['Restaurants', 'Breakfast & Brunch']",43.7357045,3.5,"['Alcohol: full_bar', ""Ambience: {'romantic': False, 'intimate': False, 'classy': False, 'hipster': False, 'touristy': False, 'trendy': False, 'upscale': False, 'casual': True}"", 'BikeParking: False', 'BusinessAcceptsCreditCards: True', ""BusinessParking: {'garage': False, 'street': False, 'validated': False, 'lot': False, 'valet': False}"", 'Caters: False', 'GoodForKids: True', ""GoodForMeal: {'dessert': False, 'latenight': False, 'lunch': False, 'dinner': False, 'breakfast': False, 'brunch': False}"", 'HasTV: True', 'NoiseLevel: loud', 'OutdoorSeating: False', 'RestaurantsAttire: casual', 'RestaurantsDelivery: False', 'RestaurantsGoodForGroups: True', 'RestaurantsPriceRange2: 1', 'RestaurantsReservations: True', 'RestaurantsTableService: True', 'RestaurantsTakeOut: True', 'WiFi: no']",-79.2528143,2609 Eglinton Avenue E,M1K 2S2,ON,1,FYtSz2AhRRieip6k-OEm8Q,business
Malena Restaurant,Toronto,6,"['Tuesday 17:30-22:0', 'Wednesday 17:30-22:0', 'Thursday 17:30-22:0', 'Friday 17:30-23:0', 'Saturday 17:30-23:0']",The Annex,"['Mediterranean', 'Restaurants']",43.6737991,4.0,"['Alcohol: full_bar', ""Ambience: {'romantic': True, 'intimate': True, 'classy': True, 'hipster': False, 'touristy': False, 'trendy': False, 'upscale': False, 'casual': False}"", 'BusinessAcceptsCreditCards: True', ""BusinessParking: {'garage': False, 'street': False, 'validated': False, 'lot': False, 'valet': False}"", 'GoodForKids: False', ""GoodForMeal: {'dessert': True, 'latenight': False, 'lunch': False, 'dinner': True, 'breakfast': False, 'brunch': False}"", 'NoiseLevel: average', 'RestaurantsAttire: dressy', 'RestaurantsDelivery: False', 'RestaurantsGoodForGroups: True', 'RestaurantsPriceRange2: 4', 'RestaurantsReservations: True', 'RestaurantsTableService: True', 'WiFi: no']",-79.396321,120 Avenue Road,M5R 1R2,ON,0,wY3pB0uJCRk2Qvvvso8DjA,business
Oko Sushi,Kirkland,5,,Kirkland,"['Restaurants', 'Sushi Bars', 'Japanese']",45.457942,5.0,"[""BusinessParking: {'garage': False, 'street': False, 'validated': False, 'lot': False, 'valet': False}"", 'GoodForKids: True', 'HasTV: False', 'RestaurantsAttire: casual', 'RestaurantsGoodForGroups: False', 'RestaurantsReservations: False']",-73.862891,114 Rue du Barry,H9H 4P8,QC,1,GZzRg8wUxVpDm6OBxNxkmw,business
Belleria Pizza & Italian Restaurant,Kent,20,"['Monday 11:0-22:0', 'Tuesday 11:0-22:0', 'Wednesday 11:0-22:0', 'Thursday 11:0-22:0', 'Friday 11:0-22:0', 'Saturday 12:0-23:0', 'Sunday 11:30-21:0']",,"['Restaurants', 'Pizza']",41.1527249,4.0,"['Alcohol: beer_and_wine', ""Ambience: {'romantic': False, 'intimate': False, 'classy': False, 'hipster': False, 'divey': False, 'touristy': False, 'trendy': False, 'upscale': False, 'casual': False}"", 'BikeParking: True', 'BusinessAcceptsCreditCards: True', ""BusinessParking: {'garage': False, 'street': False, 'validated': False, 'lot': False, 'valet': False}"", 'GoodForKids: True', ""GoodForMeal: {'dessert': False, 'latenight': False, 'lunch': False, 'dinner': False, 'breakfast': False, 'brunch': False}"", 'HasTV: True', 'NoiseLevel: average', 'OutdoorSeating: True', 'RestaurantsAttire: casual', 'RestaurantsDelivery: True', 'RestaurantsGoodForGroups: True', 'RestaurantsPriceRange2: 1', 'RestaurantsReservations: False', 'RestaurantsTakeOut: True', 'WiFi: paid', 'Caters: True', 'RestaurantsTableService: True']",-81.3575584,"135 E Erie St, Ste 202",44240,OH,1,hvS-3lxc8qwyOUpGBm5sAg,business
Paragon Wines+ Martinis + Plates,Euclid,45,"['Monday 11:0-2:0', 'Tuesday 11:0-2:0', 'Wednesday 11:0-2:0', 'Thursday 11:0-2:0', 'Friday 11:0-2:0', 'Saturday 11:0-2:0', 'Sunday 11:0-2:0']",,"['Nightlife', 'Bars', 'American (New)', 'Restaurants']",41.6085901634,4.0,"['Alcohol: full_bar', ""Ambience: {'romantic': False, 'intimate': False, 'classy': False, 'hipster': False, 'divey': False, 'touristy': False, 'trendy': False, 'upscale': False, 'casual': True}"", ""BestNights: {'monday': True, 'tuesday': False, 'friday': True, 'wednesday': False, 'thursday': False, 'sunday': True, 'saturday': False}"", 'BikeParking: True', 'BusinessAcceptsCreditCards: True', ""BusinessParking: {'garage': False, 'street': True, 'validated': False, 'lot': True, 'valet': False}"", 'Caters: False', 'CoatCheck: False', 'DogsAllowed: True', 'GoodForDancing: False', 'GoodForKids: True', 'HappyHour: True', 'HasTV: True', ""Music: {'dj': False, 'background_music': False, 'no_music': False, 'karaoke': False, 'live': False, 'video': False, 'jukebox': True}"", 'NoiseLevel: average', 'OutdoorSeating: True', 'RestaurantsAttire: casual', 'RestaurantsDelivery: False', 'RestaurantsGoodForGroups: True', 'RestaurantsPriceRange2: 2', 'RestaurantsReservations: True', 'RestaurantsTableService: True', 'RestaurantsTakeOut: True', 'Smoking: outdoor', 'WheelchairAccessible: True', 'WiFi: free', ""GoodForMeal: {'dessert': False, 'latenight': True, 'lunch': False, 'dinner': True, 'breakfast': False, 'brunch': False}""]",-81.5282380727,21920 Lakeshore Blvd,44123,OH,1,Fwi9X2fyQ0zVoWAlUi4skQ,business
La Signora Moro,Ludwigsburg,43,"['Monday 12:0-0:0', 'Tuesday 12:0-0:0', 'Wednesday 12:0-0:0', 'Thursday 12:0-0:0', 'Friday 12:0-0:0', 'Saturday 12:0-0:0', 'Sunday 12:0-0:0']",,"['Restaurants', 'Italian']",48.8978871494,3.0,"['Alcohol: beer_and_wine', ""Ambience: {'romantic': False, 'intimate': False, 'classy': False, 'hipster': False, 'touristy': False, 'trendy': False, 'upscale': False, 'casual': False}"", 'BusinessAcceptsCreditCards: True', 'GoodForKids: True', ""GoodForMeal: {'dessert': False, 'latenight': False, 'lunch': False, 'dinner': False, 'breakfast': False, 'brunch': False}"", 'OutdoorSeating: True', 'RestaurantsAttire: casual', 'RestaurantsDelivery: False', 'RestaurantsGoodForGroups: True', 'RestaurantsPriceRange2: 2', 'RestaurantsReservations: True', 'RestaurantsTableService: True', 'RestaurantsTakeOut: True', 'WiFi: free']",9.191148746,Marktplatz 9,71634,BW,1,HdrNFxU13wntmKQqH8o42Q,business
Bagel Nosh,Gilbert,92,"['Monday 6:0-14:0', 'Tuesday 6:0-14:0', 'Wednesday 6:0-14:0', 'Thursday 6:0-14:0', 'Friday 6:0-14:0', 'Saturday 6:0-14:0', 'Sunday 7:0-14:0']",,"['Bagels', 'Sandwiches', 'Breakfast & Brunch', 'Restaurants', 'Food']",33.3340413,4.0,"['Alcohol: none', ""Ambience: {'romantic': False, 'intimate': False, 'classy': False, 'hipster': False, 'divey': False, 'touristy': False, 'trendy': False, 'upscale': False, 'casual': True}"", 'BikeParking: True', 'BusinessAcceptsCreditCards: True', ""BusinessParking: {'garage': False, 'street': False, 'validated': False, 'lot': True, 'valet': False}"", 'Caters: True', 'GoodForKids: True', ""GoodForMeal: {'dessert': False, 'latenight': False, 'lunch': True, 'dinner': False, 'breakfast': True, 'brunch': True}"", 'HasTV: False', 'NoiseLevel: average', 'OutdoorSeating: True', 'RestaurantsAttire: casual', 'RestaurantsDelivery: False', 'RestaurantsGoodForGroups: True', 'RestaurantsPriceRange2: 1', 'RestaurantsReservations: False', 'RestaurantsTableService: False', 'RestaurantsTakeOut: True', 'WiFi: free']",-111.8075763,"835 W Warner Rd, Ste 109",85233,AZ,1,XEMoBJcgavYQxOrWM-YAvA,business
Boba Hut,Las Vegas,181,"['Monday 11:0-22:0', 'Tuesday 11:0-22:0', 'Wednesday 11:0-22:0', 'Thursday 11:0-22:0', 'Friday 11:0-0:0', 'Saturday 11:0-0:0', 'Sunday 11:0-22:0']",Spring Valley,"['Restaurants', 'Chinese', 'Hawaiian', 'Food', 'Coffee & Tea', 'Asian Fusion', 'Bubble Tea']",36.087483,4.0,"['Alcohol: none', ""Ambience: {'romantic': False, 'intimate': False, 'classy': False, 'hipster': False, 'divey': False, 'touristy': False, 'trendy': False, 'upscale': False, 'casual': True}"", 'BikeParking: True', 'BusinessAcceptsCreditCards: True', ""BusinessParking: {'garage': False, 'street': False, 'validated': False, 'lot': True, 'valet': False}"", 'Caters: True', 'GoodForKids: True', 'HasTV: False', 'NoiseLevel: average', 'OutdoorSeating: False', 'RestaurantsAttire: casual', 'RestaurantsDelivery: False', 'RestaurantsGoodForGroups: True', 'RestaurantsPriceRange2: 1', 'RestaurantsReservations: False', 'RestaurantsTableService: False', 'RestaurantsTakeOut: True', 'WiFi: free', ""GoodForMeal: {'dessert': True, 'latenight': True, 'lunch': True, 'dinner': True, 'breakfast': False, 'brunch': True}""]",-115.243782,"5597 S Rainbow Blvd, Ste 130",89118,NV,1,VzUo-RURV3VnfNItAYM8yg,business
7 Pizzeria Enoteca,Oakville,55,"['Tuesday 12:0-23:0', 'Wednesday 12:0-23:0', 'Thursday 12:0-23:0', 'Friday 12:0-0:0', 'Saturday 12:0-0:0', 'Sunday 12:0-22:0']",,"['Pizza', 'Italian', 'Restaurants']",43.4459005,3.5,"['Alcohol: full_bar', ""Ambience: {'romantic': False, 'intimate': False, 'classy': False, 'hipster': False, 'touristy': False, 'trendy': True, 'upscale': False, 'casual': False}"", 'BikeParking: True', 'BusinessAcceptsCreditCards: True', ""BusinessParking: {'garage': False, 'street': True, 'validated': False, 'lot': False, 'valet': False}"", 'Caters: False', 'GoodForKids: False', ""GoodForMeal: {'dessert': False, 'latenight': False, 'lunch': False, 'dinner': True, 'breakfast': False, 'brunch': False}"", 'HasTV: False', 'NoiseLevel: very_loud', 'OutdoorSeating: True', 'RestaurantsAttire: casual', 'RestaurantsDelivery: False', 'RestaurantsGoodForGroups: True', 'RestaurantsPriceRange2: 3', 'RestaurantsReservations: False', 'RestaurantsTableService: True', 'RestaurantsTakeOut: False', 'WiFi: no']",-79.6680131,216 Lakeshore Rd E,L6J 1H8,ON,1,fAmKmT11vMF56DtKrH6CDA,business
Ming Lou Chinese Restaurant,North York,8,,,"['Chinese', 'Restaurants']",43.7904326,3.0,"['Alcohol: beer_and_wine', ""Ambience: {'romantic': False, 'intimate': False, 'classy': False, 'hipster': False, 'touristy': False, 'trendy': False, 'upscale': False, 'casual': False}"", 'BusinessAcceptsCreditCards: True', ""BusinessParking: {'garage': False, 'street': False, 'validated': False, 'lot': True, 'valet': False}"", 'Caters: False', 'GoodForKids: True', ""GoodForMeal: {'dessert': False, 'latenight': False, 'lunch': False, 'dinner': False, 'breakfast': False, 'brunch': False}"", 'HasTV: False', 'NoiseLevel: average', 'OutdoorSeating: False', 'RestaurantsAttire: casual', 'RestaurantsDelivery: False', 'RestaurantsGoodForGroups: True', 'RestaurantsPriceRange2: 2', 'RestaurantsReservations: True', 'RestaurantsTableService: True', 'RestaurantsTakeOut: True', 'WheelchairAccessible: True', 'WiFi: no']",-79.3656742,10 Ravel Rd,M2H 1S8,ON,0,BdKQzbaAJXk8xHteL4IcHQ,business
Way Sushi & Teppanyaki,Gilbert,33,,,"['Restaurants', 'Sushi Bars']",33.3049148,3.0,"[""Ambience: {'romantic': False, 'intimate': False, 'classy': False, 'hipster': False, 'divey': False, 'touristy': False, 'trendy': False, 'upscale': False, 'casual': False}"", 'BusinessAcceptsCreditCards: True', ""BusinessParking: {'garage': False, 'street': False, 'validated': False, 'lot': True, 'valet': False}"", 'GoodForKids: True', ""GoodForMeal: {'dessert': False, 'latenight': False, 'lunch': False, 'dinner': True, 'breakfast': False, 'brunch': False}"", 'HasTV: True', 'NoiseLevel: loud', 'OutdoorSeating: False', 'RestaurantsAttire: casual', 'RestaurantsDelivery: False', 'RestaurantsGoodForGroups: True', 'RestaurantsPriceRange2: 2', 'RestaurantsReservations: True', 'RestaurantsTableService: True', 'RestaurantsTakeOut: True', 'WheelchairAccessible: True', 'WiFi: no']",-111.7559224,"2512 S Val Vista Dr, Ste 101",85295,AZ,0,hPYGpHefTOWcqayL6UxO0g,business
Kosta and Vic's Family Restaurant,Parma,26,"['Monday 7:0-16:0', 'Tuesday 7:0-16:0', 'Wednesday 7:0-16:0', 'Thursday 7:0-16:0', 'Friday 7:0-16:0', 'Saturday 7:0-16:0', 'Sunday 7:0-16:0']",,"['Food', 'American (New)', 'Restaurants', 'American (Traditional)', 'Greek']",41.351227,3.0,"['Alcohol: none', ""Ambience: {'romantic': False, 'intimate': False, 'classy': False, 'hipster': False, 'divey': False, 'touristy': False, 'trendy': False, 'upscale': False, 'casual': True}"", 'BikeParking: False', 'BusinessAcceptsBitcoin: False', 'BusinessAcceptsCreditCards: True', ""BusinessParking: {'garage': False, 'street': False, 'validated': False, 'lot': True, 'valet': False}"", 'Caters: True', 'GoodForKids: True', ""GoodForMeal: {'dessert': False, 'latenight': False, 'lunch': True, 'dinner': False, 'breakfast': True, 'brunch': True}"", 'HasTV: False', 'NoiseLevel: average', 'OutdoorSeating: False', 'RestaurantsAttire: casual', 'RestaurantsDelivery: False', 'RestaurantsGoodForGroups: True', 'RestaurantsPriceRange2: 1', 'RestaurantsReservations: True', 'RestaurantsTableService: True', 'RestaurantsTakeOut: True', 'WheelchairAccessible: True', 'WiFi: no']",-81.7578599,10300 W Sprague Rd,44130,OH,1,GECYtaSkNrRpBIiqkX-PyQ,business
Domino's Pizza,Markham,4,"['Monday 11:0-0:0', 'Tuesday 11:0-0:0', 'Wednesday 11:0-0:0', 'Thursday 11:0-0:0', 'Friday 11:0-2:0', 'Saturday 11:0-2:0', 'Sunday 11:0-0:0']",Unionville,"['Restaurants', 'Pizza']",43.8610155,4.0,"['BusinessAcceptsCreditCards: True', ""BusinessParking: {'garage': False, 'street': False, 'validated': False, 'lot': False, 'valet': False}"", 'GoodForKids: True', 'HasTV: False', 'OutdoorSeating: False', 'RestaurantsAttire: casual', 'RestaurantsDelivery: True', 'RestaurantsGoodForGroups: True', 'RestaurantsPriceRange2: 2', 'RestaurantsReservations: False', 'RestaurantsTableService: False', 'RestaurantsTakeOut: True', ""Ambience: {'romantic': False, 'intimate': False, 'classy': False, 'hipster': False, 'touristy': False, 'trendy': False, 'upscale': False, 'casual': False}"", ""GoodForMeal: {'dessert': False, 'latenight': False, 'lunch': False, 'dinner': False, 'breakfast': False, 'brunch': False}"", 'Alcohol: none']",-79.3114185,5-4450 Hiway 7,L3R 1M6,ON,1,bpXjVgy_XkTnySLMlvSg5w,business
Olives Mediterranean Grill,Charlotte,42,"['Monday 11:0-21:0', 'Tuesday 11:0-21:0', 'Wednesday 11:0-21:0', 'Thursday 11:0-21:0', 'Friday 11:0-22:0', 'Saturday 11:0-22:0', 'Sunday 12:0-20:0']",Steele Creek,"['Mediterranean', 'Restaurants']",35.1383505146,3.5,"['Alcohol: none', ""Ambience: {'romantic': False, 'intimate': False, 'classy': False, 'hipster': False, 'divey': False, 'touristy': False, 'trendy': False, 'upscale': False, 'casual': True}"", 'BikeParking: True', 'BusinessAcceptsCreditCards: True', ""BusinessParking: {'garage': False, 'street': False, 'validated': False, 'lot': True, 'valet': False}"", 'Caters: True', 'GoodForKids: True', ""GoodForMeal: {'dessert': False, 'latenight': False, 'lunch': True, 'dinner': False, 'breakfast': False, 'brunch': False}"", 'HasTV: True', 'NoiseLevel: average', 'OutdoorSeating: True', 'RestaurantsAttire: casual', 'RestaurantsDelivery: False', 'RestaurantsGoodForGroups: True', 'RestaurantsPriceRange2: 2', 'RestaurantsReservations: False', 'RestaurantsTableService: True', 'RestaurantsTakeOut: True', 'WiFi: no']",-80.9354200521,2215 Ayersley Town Blvd,28273,NC,0,cpoymNVg8jDEv8azrAg5gQ,business
Hong Kong,Charlotte,16,"['Monday 11:0-22:30', 'Tuesday 11:0-22:30', 'Wednesday 11:0-22:30', 'Thursday 11:0-22:30', 'Friday 11:0-22:30', 'Saturday 11:0-22:30', 'Sunday 11:0-23:30']",Plaza Midwood,"['Restaurants', 'Chinese']",35.220624,2.5,"[""Ambience: {'romantic': False, 'intimate': False, 'classy': False, 'hipster': False, 'divey': False, 'touristy': False, 'trendy': False, 'upscale': False, 'casual': False}"", 'BikeParking: False', 'BusinessAcceptsCreditCards: True', ""BusinessParking: {'garage': False, 'street': False, 'validated': False, 'lot': False, 'valet': False}"", 'GoodForKids: True', ""GoodForMeal: {'dessert': False, 'latenight': False, 'lunch': False, 'dinner': False, 'breakfast': False, 'brunch': False}"", 'HasTV: False', 'NoiseLevel: average', 'OutdoorSeating: False', 'RestaurantsAttire: casual', 'RestaurantsDelivery: False', 'RestaurantsGoodForGroups: False', 'RestaurantsPriceRange2: 1', 'RestaurantsReservations: False', 'RestaurantsTableService: False', 'RestaurantsTakeOut: True']",-80.8098575,1713 Central Ave,28205,NC,1,98gLNkYYJCg4f_uJ7o2wBg,business
Lin's Golden Chinese Restaurant,Phoenix,10,"['Monday 11:0-8:30', 'Tuesday 11:0-8:30', 'Wednesday 11:0-8:30', 'Thursday 11:0-8:30', 'Friday 11:0-8:30', 'Saturday 11:0-8:30', 'Sunday 11:0-8:30']",,"['Chinese', 'Restaurants']",33.48001,4.5,"['Alcohol: none', ""Ambience: {'romantic': False, 'intimate': False, 'classy': False, 'hipster': False, 'divey': False, 'touristy': False, 'trendy': False, 'upscale': False, 'casual': True}"", 'BusinessAcceptsCreditCards: True', ""BusinessParking: {'garage': False, 'street': False, 'validated': False, 'lot': True, 'valet': False}"", 'Caters: True', 'GoodForKids: True', ""GoodForMeal: {'dessert': False, 'latenight': False, 'lunch': True, 'dinner': True, 'breakfast': False, 'brunch': False}"", 'HasTV: True', 'NoiseLevel: quiet', 'OutdoorSeating: True', 'RestaurantsAttire: casual', 'RestaurantsDelivery: True', 'RestaurantsGoodForGroups: True', 'RestaurantsPriceRange2: 1', 'RestaurantsReservations: False', 'RestaurantsTableService: True', 'RestaurantsTakeOut: True', 'WiFi: no']",-112.167718,5037 W Thomas Rd,85035,AZ,0,KWTv8elo9HiN9sIKvN0_bQ,business
Domino's Pizza,Medina,5,"['Monday 10:30-0:0', 'Tuesday 10:30-0:0', 'Wednesday 10:30-0:0', 'Thursday 10:30-0:0', 'Friday 10:30-1:0', 'Saturday 10:30-1:0', 'Sunday 10:30-0:0']",,"['Pizza', 'Sandwiches', 'Restaurants', 'Chicken Wings']",41.160004,2.0,"['Alcohol: none', ""Ambience: {'romantic': False, 'intimate': False, 'classy': False, 'hipster': False, 'divey': False, 'touristy': False, 'trendy': False, 'upscale': False, 'casual': False}"", 'BusinessAcceptsCreditCards: True', ""BusinessParking: {'garage': False, 'street': False, 'validated': False, 'lot': False, 'valet': False}"", 'Caters: True', 'GoodForKids: True', 'HasTV: True', 'NoiseLevel: quiet', 'OutdoorSeating: False', 'RestaurantsAttire: casual', 'RestaurantsDelivery: True', 'RestaurantsGoodForGroups: True', 'RestaurantsPriceRange2: 1', 'RestaurantsReservations: True', 'RestaurantsTableService: False', 'RestaurantsTakeOut: True', 'WiFi: no']",-81.863155,1209 N Court St,44256,OH,1,4asr35mgBPLpNH4NCFPEhg,business
Bread and  Kabob,Charlotte,48,"['Monday 6:0-22:0', 'Tuesday 6:0-22:0', 'Wednesday 6:0-22:0', 'Thursday 6:0-22:0', 'Friday 6:0-22:0', 'Saturday 6:0-22:0', 'Sunday 6:0-22:0']",University City,"['Falafel', 'Restaurants', 'Bakeries', 'Greek', 'Arabian', 'Food', 'Grocery', 'Delis', 'Halal', 'Middle Eastern', 'Mediterranean']",35.312179,3.5,"['Alcohol: none', ""Ambience: {'romantic': False, 'intimate': False, 'classy': False, 'hipster': False, 'divey': False, 'touristy': False, 'trendy': False, 'upscale': False, 'casual': True}"", 'BikeParking: True', 'BusinessAcceptsBitcoin: False', 'BusinessAcceptsCreditCards: True', ""BusinessParking: {'garage': False, 'street': False, 'validated': False, 'lot': True, 'valet': False}"", 'Caters: True', 'DogsAllowed: False', 'GoodForKids: True', 'HasTV: True', 'NoiseLevel: quiet', 'OutdoorSeating: True', 'RestaurantsAttire: casual', 'RestaurantsDelivery: True', 'RestaurantsGoodForGroups: True', 'RestaurantsPriceRange2: 1', 'RestaurantsReservations: True', 'RestaurantsTableService: True', 'RestaurantsTakeOut: True', 'WheelchairAccessible: True', 'WiFi: free', ""GoodForMeal: {'dessert': False, 'latenight': False, 'lunch': True, 'dinner': True, 'breakfast': False, 'brunch': False}""]",-80.713576,10221 University City Blvd,28213,NC,1,COqLTo3bb1fuMIg2_fA6Fw,business
Bombay Bhel,Oakville,10,"['Monday 11:30-22:0', 'Tuesday 11:30-22:0', 'Wednesday 11:30-22:0', 'Thursday 11:30-22:0', 'Friday 11:30-22:0', 'Saturday 11:30-22:0', 'Sunday 11:30-22:0']",,"['Indian', 'Specialty Food', 'Food', 'Restaurants']",43.5200070984,2.5,"['BikeParking: True', 'BusinessAcceptsCreditCards: True', ""BusinessParking: {'garage': False, 'street': False, 'validated': False, 'lot': True, 'valet': False}"", ""GoodForMeal: {'dessert': False, 'latenight': False, 'lunch': False, 'dinner': False, 'breakfast': False, 'brunch': False}"", 'RestaurantsPriceRange2: 2', 'RestaurantsTakeOut: True', 'RestaurantsDelivery: True', ""Ambience: {'romantic': False, 'intimate': False, 'classy': False, 'hipster': False, 'touristy': False, 'trendy': False, 'upscale': False, 'casual': False}"", 'GoodForKids: True', 'RestaurantsAttire: casual', 'RestaurantsGoodForGroups: True', 'RestaurantsReservations: True']",-79.6828806748,2525 Hampshire Gate,L6H 6C8,ON,1,eJWTlUL96op0xa8dVPIGzw,business
Oh Boy Burger Market,Toronto,20,"['Monday 11:30-21:0', 'Tuesday 11:30-21:0', 'Wednesday 11:30-21:0', 'Thursday 11:30-21:0', 'Friday 11:30-0:0', 'Saturday 11:30-0:0', 'Sunday 11:30-21:0']",Cabbagetown,"['Restaurants', 'Burgers']",43.6619759,2.5,"['Alcohol: none', ""Ambience: {'romantic': False, 'intimate': False, 'classy': False, 'hipster': True, 'touristy': False, 'trendy': False, 'upscale': False, 'casual': False}"", 'BikeParking: True', 'BusinessAcceptsCreditCards: False', ""BusinessParking: {'garage': False, 'street': False, 'validated': False, 'lot': False, 'valet': False}"", 'Caters: False', 'DriveThru: False', 'GoodForKids: True', ""GoodForMeal: {'dessert': False, 'latenight': False, 'lunch': True, 'dinner': True, 'breakfast': False, 'brunch': False}"", 'HasTV: False', 'NoiseLevel: quiet', 'OutdoorSeating: False', 'RestaurantsAttire: casual', 'RestaurantsDelivery: True', 'RestaurantsGoodForGroups: False', 'RestaurantsPriceRange2: 2', 'RestaurantsReservations: False', 'RestaurantsTableService: False', 'RestaurantsTakeOut: True', 'WiFi: no']",-79.3669642,296 Gerrard Street E,M5A 2G5,ON,0,hFTr6Zi0smtF24xgGCJoEg,business
R.T. O'Sullivan's,Mesa,64,"['Monday 11:0-2:0', 'Tuesday 11:0-2:0', 'Wednesday 11:0-2:0', 'Thursday 11:0-2:0', 'Friday 11:0-2:0', 'Saturday 9:0-2:0', 'Sunday 9:0-2:0']",,"['Pubs', 'Nightlife', 'Restaurants', 'Bars', 'Irish', 'Sports Bars']",33.3848688,3.5,"['Alcohol: full_bar', ""Ambience: {'romantic': False, 'intimate': False, 'classy': False, 'hipster': False, 'divey': False, 'touristy': False, 'trendy': False, 'upscale': False, 'casual': True}"", ""BestNights: {'monday': False, 'tuesday': False, 'friday': True, 'wednesday': False, 'thursday': False, 'sunday': True, 'saturday': True}"", 'BikeParking: True', 'BusinessAcceptsCreditCards: True', ""BusinessParking: {'garage': False, 'street': False, 'validated': False, 'lot': True, 'valet': False}"", 'Caters: False', 'CoatCheck: False', 'GoodForDancing: False', 'GoodForKids: False', ""GoodForMeal: {'dessert': False, 'latenight': False, 'lunch': True, 'dinner': True, 'breakfast': False, 'brunch': False}"", 'HappyHour: True', 'HasTV: True', ""Music: {'dj': True, 'background_music': False, 'no_music': False, 'karaoke': False, 'live': False, 'video': False, 'jukebox': False}"", 'NoiseLevel: average', 'OutdoorSeating: True', 'RestaurantsAttire: casual', 'RestaurantsDelivery: False', 'RestaurantsGoodForGroups: True', 'RestaurantsPriceRange2: 2', 'RestaurantsReservations: False', 'RestaurantsTableService: True', 'RestaurantsTakeOut: True', 'Smoking: outdoor', 'WheelchairAccessible: True', 'WiFi: free']",-111.6880531,6646 Superstition Springs,85206,AZ,1,kctSmjXXK_1laQV7J8-3Cg,business
Tony Roma's,Henderson,49,"['Monday 11:0-22:0', 'Tuesday 11:0-22:0', 'Wednesday 11:0-22:0', 'Thursday 11:0-22:0', 'Friday 11:0-23:0', 'Saturday 11:0-23:0', 'Sunday 11:0-22:0']",,"['American (Traditional)', 'Steakhouses', 'Restaurants', 'Seafood']",36.0594861,3.5,"['Alcohol: full_bar', ""Ambience: {'romantic': False, 'intimate': False, 'classy': False, 'hipster': False, 'divey': False, 'touristy': False, 'trendy': False, 'upscale': False, 'casual': True}"", 'BusinessAcceptsCreditCards: True', ""BusinessParking: {'garage': False, 'street': False, 'validated': False, 'lot': True, 'valet': False}"", 'Caters: True', 'GoodForKids: True', ""GoodForMeal: {'dessert': False, 'latenight': False, 'lunch': True, 'dinner': True, 'breakfast': False, 'brunch': False}"", 'HasTV: True', 'NoiseLevel: average', 'OutdoorSeating: False', 'RestaurantsAttire: casual', 'RestaurantsDelivery: True', 'RestaurantsGoodForGroups: True', 'RestaurantsPriceRange2: 2', 'RestaurantsReservations: True', 'RestaurantsTableService: True', 'RestaurantsTakeOut: True', 'WheelchairAccessible: True', 'WiFi: free']",-115.0468547,555 N Stephanie St,89014,NV,0,-sjCxkxv6xU5rEVLFybAuA,business
Port Of Subs,Henderson,12,"['Monday 8:0-20:0', 'Tuesday 8:0-20:0', 'Wednesday 8:0-20:0', 'Thursday 8:0-20:0', 'Friday 8:0-20:0', 'Saturday 10:0-17:0', 'Sunday 11:0-16:0']",,"['Food', 'Restaurants', 'Sandwiches']",36.0385705261,4.0,"['Alcohol: none', 'BikeParking: True', 'BusinessAcceptsCreditCards: True', ""BusinessParking: {'garage': False, 'street': False, 'validated': False, 'lot': False, 'valet': False}"", 'Caters: True', 'GoodForKids: True', 'HasTV: True', 'NoiseLevel: quiet', 'OutdoorSeating: False', 'RestaurantsAttire: casual', 'RestaurantsDelivery: False', 'RestaurantsGoodForGroups: True', 'RestaurantsPriceRange2: 1', 'RestaurantsReservations: False', 'RestaurantsTableService: False', 'RestaurantsTakeOut: True', ""Ambience: {'romantic': False, 'intimate': False, 'classy': False, 'hipster': False, 'divey': False, 'touristy': False, 'trendy': False, 'upscale': False, 'casual': True}"", ""GoodForMeal: {'dessert': False, 'latenight': False, 'lunch': False, 'dinner': False, 'breakfast': False, 'brunch': False}""]",-115.030029945,151 N Gibson Rd,89014,NV,1,I4HLQGcHaiDHfb4p6Znt1A,business
Wendy's,Henderson,26,,,"['Restaurants', 'Fast Food', 'Burgers']",36.071217,2.0,"['Alcohol: none', ""Ambience: {'romantic': False, 'intimate': False, 'classy': False, 'hipster': False, 'divey': False, 'touristy': False, 'trendy': False, 'upscale': False, 'casual': False}"", 'BikeParking: False', 'BusinessAcceptsCreditCards: True', ""BusinessParking: {'garage': False, 'street': False, 'validated': False, 'lot': False, 'valet': False}"", 'Caters: False', 'DriveThru: True', 'GoodForKids: True', ""GoodForMeal: {'dessert': False, 'latenight': False, 'lunch': True, 'dinner': False, 'breakfast': False, 'brunch': False}"", 'HasTV: False', 'NoiseLevel: average', 'OutdoorSeating: False', 'RestaurantsAttire: casual', 'RestaurantsDelivery: False', 'RestaurantsGoodForGroups: False', 'RestaurantsPriceRange2: 1', 'RestaurantsReservations: False', 'RestaurantsTableService: False', 'RestaurantsTakeOut: True', 'WiFi: no']",-115.07614,4450 E Sunset Rd,89014,NV,1,w6-qlTncaWlSxTJwK_HvfQ,business
Brando's Grill & Bar,Henderson,8,"['Monday 6:0-6:0', 'Tuesday 6:0-6:0', 'Wednesday 6:0-6:0', 'Thursday 6:0-6:0', 'Friday 6:0-6:0', 'Saturday 6:0-6:0', 'Sunday 6:0-6:0']",,"['Italian', 'American (New)', 'Bars', 'Restaurants', 'Nightlife']",36.0717478,3.5,"['Alcohol: full_bar', ""Ambience: {'romantic': False, 'intimate': False, 'classy': False, 'hipster': False, 'divey': False, 'touristy': False, 'trendy': False, 'upscale': False, 'casual': False}"", ""BestNights: {'monday': False, 'tuesday': False, 'friday': True, 'wednesday': False, 'thursday': True, 'sunday': False, 'saturday': True}"", 'BusinessAcceptsCreditCards: True', ""BusinessParking: {'garage': False, 'street': False, 'validated': False, 'lot': True, 'valet': False}"", 'Caters: True', 'CoatCheck: False', 'GoodForDancing: False', 'GoodForKids: False', ""GoodForMeal: {'dessert': False, 'latenight': False, 'lunch': False, 'dinner': True, 'breakfast': False, 'brunch': False}"", 'HappyHour: True', 'HasTV: True', ""Music: {'dj': False, 'background_music': True, 'no_music': False, 'karaoke': False, 'live': False, 'video': False, 'jukebox': True}"", 'NoiseLevel: quiet', 'OutdoorSeating: True', 'RestaurantsAttire: casual', 'RestaurantsDelivery: False', 'RestaurantsGoodForGroups: True', 'RestaurantsPriceRange2: 1', 'RestaurantsReservations: True', 'RestaurantsTableService: True', 'RestaurantsTakeOut: True', 'Smoking: yes', 'WiFi: free']",-115.0841118,2801 N Green Valley Pkwy,89014,NV,0,3eeAyVgdYTO2w5owlbTnVQ,business
Jerusalem Cafe,Indian Land,9,"['Monday 11:0-21:0', 'Tuesday 11:0-21:0', 'Wednesday 11:0-21:0', 'Thursday 11:0-21:0', 'Friday 11:0-21:0', 'Saturday 11:0-21:0', 'Sunday 11:0-19:0']",,"['Mediterranean', 'Middle Eastern', 'Salad', 'Wraps', 'Restaurants']",34.9658091,4.5,"['GoodForKids: True', 'RestaurantsPriceRange2: 1']",-80.8543397,"1821 Sandal Brook Rd, Ste 101",29707,SC,1,Iz3Cpk4HEd88K0niEmdK5w,business
Famous Toastery,Indian Land,29,"['Monday 7:0-15:0', 'Tuesday 7:0-15:0', 'Wednesday 7:0-15:0', 'Thursday 7:0-15:0', 'Friday 7:0-15:0', 'Saturday 7:0-15:0', 'Sunday 7:0-15:0']",,"['Restaurants', 'Breakfast & Brunch', 'American (Traditional)']",34.9985141759,4.0,"['Alcohol: full_bar', 'BikeParking: True', 'BusinessAcceptsBitcoin: False', 'BusinessAcceptsCreditCards: True', ""BusinessParking: {'garage': False, 'street': True, 'validated': False, 'lot': True, 'valet': False}"", 'Caters: True', 'DogsAllowed: False', 'GoodForKids: True', ""GoodForMeal: {'dessert': False, 'latenight': False, 'lunch': False, 'dinner': False, 'breakfast': True, 'brunch': False}"", 'HasTV: False', 'NoiseLevel: average', 'OutdoorSeating: True', 'RestaurantsAttire: casual', 'RestaurantsDelivery: False', 'RestaurantsGoodForGroups: True', 'RestaurantsPriceRange2: 2', 'RestaurantsReservations: True', 'RestaurantsTableService: True', 'RestaurantsTakeOut: True', 'WheelchairAccessible: True', 'WiFi: free', ""Ambience: {'romantic': False, 'intimate': False, 'classy': False, 'hipster': False, 'divey': False, 'touristy': False, 'trendy': False, 'upscale': False, 'casual': True}""]",-80.8555686371,1028 Edgewater Corporate Pkwy,29707,SC,1,CWu6oDNKDIABkzlQYMC-FA,business
Zur Kate,Mesa,133,"['Monday 16:0-21:0', 'Tuesday 16:0-21:0', 'Wednesday 16:0-21:0', 'Thursday 16:0-21:0', 'Friday 16:0-21:0', 'Saturday 16:0-21:0']",,"['German', 'Restaurants']",33.4149445,4.0,"['Alcohol: full_bar', ""Ambience: {'romantic': False, 'intimate': False, 'classy': False, 'hipster': False, 'divey': False, 'touristy': False, 'trendy': False, 'upscale': False, 'casual': True}"", 'BikeParking: True', 'BusinessAcceptsCreditCards: True', ""BusinessParking: {'garage': False, 'street': False, 'validated': False, 'lot': True, 'valet': False}"", 'Caters: False', 'DogsAllowed: False', 'GoodForKids: True', ""GoodForMeal: {'dessert': False, 'latenight': False, 'lunch': False, 'dinner': True, 'breakfast': False, 'brunch': False}"", 'HasTV: False', 'NoiseLevel: average', 'OutdoorSeating: False', 'RestaurantsAttire: casual', 'RestaurantsDelivery: False', 'RestaurantsGoodForGroups: True', 'RestaurantsPriceRange2: 2', 'RestaurantsReservations: False', 'RestaurantsTableService: True', 'RestaurantsTakeOut: True', 'WheelchairAccessible: True', 'WiFi: free']",-111.726882,"4815 E Main St, Ste 16",85205,AZ,1,Bb-Y-gKgZJak83zfzQoj1g,business
Nando's,Toronto,11,"['Monday 11:0-23:0', 'Tuesday 11:0-23:0', 'Wednesday 11:0-23:0', 'Thursday 11:0-23:0', 'Friday 11:0-0:0', 'Saturday 11:0-0:0', 'Sunday 11:0-23:0']",Niagara,"['Portuguese', 'Restaurants', 'African']",43.646351,3.5,"['Alcohol: beer_and_wine', ""Ambience: {'romantic': False, 'intimate': False, 'classy': False, 'hipster': False, 'touristy': False, 'trendy': False, 'upscale': False, 'casual': False}"", 'BikeParking: True', 'GoodForKids: True', ""GoodForMeal: {'dessert': False, 'latenight': False, 'lunch': False, 'dinner': False, 'breakfast': False, 'brunch': False}"", 'HasTV: False', 'OutdoorSeating: True', 'RestaurantsAttire: casual', 'RestaurantsDelivery: True', 'RestaurantsGoodForGroups: True', 'RestaurantsPriceRange2: 2', 'RestaurantsReservations: False', 'RestaurantsTakeOut: True']",-79.4069366,741 Queen Street W,M6J 1G1,ON,1,QMj3DbUwntH6bTRN6PJ-HA,business
Gourmet Burger,Toronto,30,"['Monday 11:0-22:0', 'Tuesday 11:0-22:0', 'Wednesday 11:0-22:0', 'Thursday 11:0-22:0', 'Friday 11:0-22:0', 'Saturday 11:0-22:0', 'Sunday 11:0-21:0']",Downtown Core,"['Burgers', 'Restaurants']",43.6685154,3.0,"['Alcohol: none', ""Ambience: {'romantic': False, 'intimate': False, 'classy': False, 'hipster': False, 'touristy': False, 'trendy': False, 'upscale': False, 'casual': True}"", 'BusinessAcceptsCreditCards: True', ""BusinessParking: {'garage': False, 'street': True, 'validated': False, 'lot': False, 'valet': False}"", 'DriveThru: False', 'GoodForKids: True', ""GoodForMeal: {'dessert': False, 'latenight': False, 'lunch': True, 'dinner': False, 'breakfast': False, 'brunch': False}"", 'HasTV: True', 'NoiseLevel: average', 'OutdoorSeating: True', 'RestaurantsAttire: casual', 'RestaurantsDelivery: False', 'RestaurantsGoodForGroups: False', 'RestaurantsPriceRange2: 2', 'RestaurantsReservations: False', 'RestaurantsTableService: False', 'RestaurantsTakeOut: True', 'WheelchairAccessible: False']",-79.3868092,9 Charles Street W,M4Y 1R4,ON,0,dZVMp70AuSa4dQPvx3J4ow,business
Matta's Cantina,Mesa,17,"['Monday 11:0-21:0', 'Tuesday 11:0-21:0', 'Wednesday 11:0-21:0', 'Thursday 11:0-21:0', 'Friday 11:0-23:0', 'Saturday 11:0-23:0', 'Sunday 11:0-20:0']",,"['Restaurants', 'Mexican']",33.4364793,2.0,"['RestaurantsGoodForGroups: True', 'RestaurantsReservations: False']",-111.6308147,1157 North Ellsworth Rd,85207,AZ,0,-yeIdDaCHwXnWfjoGQNYoQ,business
Izakaya Cocokala,Las Vegas,96,"['Monday 17:0-1:0', 'Tuesday 17:0-1:0', 'Wednesday 17:0-1:0', 'Thursday 17:0-1:0', 'Friday 17:0-1:0', 'Saturday 17:0-1:0', 'Sunday 17:0-1:0']",,"['Sushi Bars', 'Asian Fusion', 'Tapas/Small Plates', 'Food', 'Salad', 'Tapas Bars', 'Seafood', 'Desserts', 'Ramen', 'Japanese', 'Restaurants']",36.115417,4.0,"['Alcohol: none', ""Ambience: {'romantic': False, 'intimate': False, 'classy': False, 'hipster': False, 'divey': False, 'touristy': False, 'trendy': False, 'upscale': False, 'casual': True}"", 'BikeParking: True', 'BusinessAcceptsCreditCards: True', ""BusinessParking: {'garage': False, 'street': False, 'validated': False, 'lot': True, 'valet': False}"", 'Caters: False', 'GoodForKids: True', ""GoodForMeal: {'dessert': True, 'latenight': True, 'lunch': False, 'dinner': True, 'breakfast': False, 'brunch': False}"", 'HasTV: True', 'OutdoorSeating: False', 'RestaurantsAttire: casual', 'RestaurantsDelivery: False', 'RestaurantsGoodForGroups: True', 'RestaurantsPriceRange2: 2', 'RestaurantsReservations: False', 'RestaurantsTableService: True', 'RestaurantsTakeOut: True', 'WheelchairAccessible: True', 'WiFi: free', 'NoiseLevel: average']",-115.2003327,4449 W Flamingo Rd,89103,NV,1,3GfdCuI0YCc5U3rLLLPHUw,business
Imadake,Montréal,202,"['Monday 12:0-14:30', 'Tuesday 12:0-14:30', 'Wednesday 12:0-14:30', 'Thursday 17:0-23:30', 'Friday 12:0-14:30', 'Saturday 17:0-1:0', 'Sunday 17:0-22:30']",Ville-Marie,"['Japanese', 'Pubs', 'French', 'Restaurants', 'Bars', 'Nightlife']",45.488794,4.0,"['Alcohol: full_bar', ""Ambience: {'romantic': False, 'intimate': False, 'classy': False, 'hipster': False, 'touristy': False, 'trendy': True, 'upscale': False, 'casual': False}"", 'BikeParking: True', 'BusinessAcceptsCreditCards: True', ""BusinessParking: {'garage': False, 'street': True, 'validated': False, 'lot': False, 'valet': False}"", 'Caters: True', 'CoatCheck: True', 'GoodForDancing: False', 'GoodForKids: False', ""GoodForMeal: {'dessert': False, 'latenight': True, 'lunch': False, 'dinner': True, 'breakfast': False, 'brunch': False}"", 'HappyHour: False', 'HasTV: False', ""Music: {'dj': False, 'background_music': False, 'no_music': False, 'karaoke': False, 'live': False, 'video': False, 'jukebox': False}"", 'NoiseLevel: loud', 'OutdoorSeating: False', 'RestaurantsAttire: casual', 'RestaurantsDelivery: False', 'RestaurantsGoodForGroups: True', 'RestaurantsPriceRange2: 2', 'RestaurantsReservations: True', 'RestaurantsTableService: True', 'RestaurantsTakeOut: True', 'Smoking: no', 'WheelchairAccessible: False', 'WiFi: free']",-73.584954,4006 Rue Sainte-Catherine Ouest,H3Z 1P2,QC,1,u-SvRRAfYgpbXZRfQgcTzA,business
Dandelion Market,Charlotte,452,"['Monday 11:0-2:0', 'Tuesday 11:0-2:0', 'Wednesday 11:0-2:0', 'Thursday 11:0-2:0', 'Friday 11:0-2:0', 'Saturday 10:0-2:0', 'Sunday 10:0-2:0']",Fourth Ward,"['American (New)', 'Bars', 'Tapas/Small Plates', 'Restaurants', 'Nightlife']",35.2286689,4.0,"['Alcohol: full_bar', ""Ambience: {'romantic': False, 'intimate': False, 'classy': False, 'hipster': False, 'divey': False, 'touristy': False, 'trendy': False, 'upscale': False, 'casual': True}"", ""BestNights: {'monday': False, 'tuesday': False, 'friday': True, 'wednesday': False, 'thursday': True, 'sunday': False, 'saturday': True}"", 'BikeParking: True', 'BusinessAcceptsCreditCards: True', ""BusinessParking: {'garage': False, 'street': True, 'validated': False, 'lot': False, 'valet': False}"", 'Caters: False', 'CoatCheck: False', 'DogsAllowed: False', 'GoodForDancing: False', 'GoodForKids: False', ""GoodForMeal: {'dessert': False, 'latenight': False, 'lunch': False, 'dinner': True, 'breakfast': False, 'brunch': False}"", 'HappyHour: True', 'HasTV: True', ""Music: {'dj': False, 'background_music': False, 'no_music': False, 'karaoke': False, 'live': False, 'video': False, 'jukebox': False}"", 'NoiseLevel: average', 'OutdoorSeating: False', 'RestaurantsAttire: casual', 'RestaurantsDelivery: False', 'RestaurantsGoodForGroups: True', 'RestaurantsPriceRange2: 2', 'RestaurantsReservations: True', 'RestaurantsTableService: True', 'RestaurantsTakeOut: True', 'Smoking: no', 'WheelchairAccessible: False', 'WiFi: free']",-80.84241,118 W 5th St,28202,NC,1,SHFlELFcEcAOJv_fTAKChQ,business
Red Lobster,Mississauga,42,"['Monday 11:0-22:0', 'Tuesday 11:0-22:0', 'Wednesday 11:0-22:0', 'Thursday 11:0-22:0', 'Friday 11:0-23:0', 'Saturday 11:0-23:0', 'Sunday 11:0-22:0']",,"['Seafood', 'American (Traditional)', 'Restaurants']",43.5766435061,3.5,"['Alcohol: beer_and_wine', ""Ambience: {'romantic': False, 'intimate': False, 'classy': False, 'hipster': False, 'touristy': True, 'trendy': False, 'upscale': False, 'casual': False}"", 'BikeParking: False', 'BusinessAcceptsCreditCards: True', ""BusinessParking: {'garage': False, 'street': False, 'validated': False, 'lot': False, 'valet': False}"", 'Caters: False', 'GoodForKids: True', ""GoodForMeal: {'dessert': False, 'latenight': False, 'lunch': False, 'dinner': False, 'breakfast': False, 'brunch': False}"", 'HasTV: False', 'OutdoorSeating: False', 'RestaurantsAttire: casual', 'RestaurantsDelivery: False', 'RestaurantsGoodForGroups: True', 'RestaurantsPriceRange2: 2', 'RestaurantsReservations: True', 'RestaurantsTableService: True', 'RestaurantsTakeOut: True', 'WiFi: free']",-79.6536538404,790 Burnhamthorpe Road W,L5C 3X3,ON,1,dgtnRh4A3kowZz_b7AgZqQ,business
Rev. Jim's Roadhouse,Madison,5,"['Monday 11:0-2:0', 'Tuesday 11:0-2:0', 'Wednesday 11:0-2:0', 'Thursday 11:0-2:0', 'Friday 11:0-2:30', 'Saturday 10:0-2:30', 'Sunday 10:0-2:0']",,"['Sports Bars', 'Bars', 'Nightlife', 'Restaurants', 'American (Traditional)']",43.0446999,2.5,"['Alcohol: full_bar', ""Ambience: {'romantic': False, 'intimate': False, 'classy': False, 'hipster': False, 'divey': False, 'touristy': False, 'trendy': False, 'upscale': False, 'casual': False}"", ""BestNights: {'monday': False, 'tuesday': False, 'friday': True, 'wednesday': False, 'thursday': False, 'sunday': False, 'saturday': False}"", 'BikeParking: True', 'BusinessAcceptsCreditCards: True', ""BusinessParking: {'garage': False, 'street': False, 'validated': False, 'lot': True, 'valet': False}"", 'CoatCheck: False', 'DogsAllowed: False', 'GoodForDancing: True', 'GoodForKids: False', 'HappyHour: True', 'HasTV: True', ""Music: {'dj': False, 'background_music': False, 'no_music': False, 'karaoke': False, 'live': False, 'video': False, 'jukebox': False}"", 'NoiseLevel: loud', 'OutdoorSeating: True', 'RestaurantsAttire: casual', 'RestaurantsDelivery: False', 'RestaurantsGoodForGroups: True', 'RestaurantsPriceRange2: 1', 'RestaurantsReservations: False', 'RestaurantsTakeOut: True', 'Smoking: outdoor', 'WheelchairAccessible: True']",-89.2681911,6402 Millpond Rd,53718,WI,1,gVTna38clthQRSd9doGYjg,business
Cafe Voltaire,Edinburgh,3,"['Monday 16:0-3:0', 'Tuesday 16:0-3:0', 'Wednesday 16:0-3:0', 'Thursday 16:0-3:0', 'Friday 12:0-3:0', 'Saturday 12:0-3:0', 'Sunday 12:0-3:0']",Old Town,"['Coffee & Tea', 'Bars', 'Food', 'Restaurants', 'Cocktail Bars', 'Pizza', 'Nightlife']",55.9489587749,4.0,"['Alcohol: full_bar', ""Ambience: {'romantic': False, 'intimate': False, 'classy': False, 'hipster': False, 'touristy': False, 'trendy': False, 'upscale': False, 'casual': False}"", ""BestNights: {'monday': False, 'tuesday': False, 'friday': False, 'wednesday': False, 'thursday': False, 'sunday': False, 'saturday': True}"", 'BusinessAcceptsCreditCards: True', 'CoatCheck: False', 'DogsAllowed: False', 'GoodForDancing: False', 'HappyHour: False', 'HasTV: False', ""Music: {'dj': True, 'background_music': False, 'no_music': False, 'karaoke': False, 'live': False, 'video': False, 'jukebox': False}"", 'NoiseLevel: loud', 'OutdoorSeating: False', 'RestaurantsGoodForGroups: True', 'RestaurantsPriceRange2: 2', 'Smoking: outdoor', 'WheelchairAccessible: True']",-3.1873862312,36-38 Blair Street,EH1 1QR,EDH,1,SBZEyV_T_heCgE0f6iGGrg,business
Flipper's Fish House,Scarborough,5,"['Monday 9:0-22:0', 'Tuesday 9:0-22:0', 'Wednesday 9:0-22:0', 'Thursday 9:0-22:0', 'Friday 9:0-22:0', 'Saturday 9:0-22:0', 'Sunday 12:0-21:0']",Scarborough,"['Caterers', 'Venues & Event Spaces', 'Event Planning & Services', 'Restaurants', 'Seafood']",43.749302,3.5,"[""Ambience: {'romantic': False, 'intimate': False, 'classy': False, 'hipster': False, 'touristy': False, 'trendy': False, 'upscale': False, 'casual': False}"", 'BikeParking: True', 'BusinessAcceptsCreditCards: True', ""BusinessParking: {'garage': False, 'street': False, 'validated': False, 'lot': False, 'valet': False}"", 'Caters: False', 'GoodForKids: True', 'HasTV: False', 'NoiseLevel: quiet', 'OutdoorSeating: False', 'RestaurantsAttire: casual', 'RestaurantsDelivery: False', 'RestaurantsGoodForGroups: True', 'RestaurantsPriceRange2: 2', 'RestaurantsReservations: True', 'RestaurantsTableService: True', 'RestaurantsTakeOut: True']",-79.276326,2300 Lawrence Ave E,M1P 2R2,ON,1,dCFK08mW3yIYcVmRJd6UnA,business
Cast Iron Waffles,Charlotte,30,"['Monday 7:0-18:0', 'Tuesday 7:0-18:0', 'Wednesday 7:0-18:0', 'Thursday 7:0-18:0', 'Friday 7:0-18:0', 'Saturday 8:0-15:0', 'Sunday 8:0-15:0']",South Park,"['Breakfast & Brunch', 'Coffee & Tea', 'Food', 'Desserts', 'Belgian', 'Restaurants']",35.152852,3.0,"['Alcohol: none', ""Ambience: {'romantic': False, 'intimate': False, 'classy': False, 'hipster': False, 'divey': False, 'touristy': False, 'trendy': False, 'upscale': False, 'casual': True}"", 'BikeParking: True', 'BusinessAcceptsBitcoin: False', 'BusinessAcceptsCreditCards: True', ""BusinessParking: {'garage': True, 'street': False, 'validated': False, 'lot': False, 'valet': True}"", 'Caters: True', 'DogsAllowed: True', 'GoodForKids: True', 'HasTV: True', 'NoiseLevel: average', 'OutdoorSeating: True', 'RestaurantsAttire: casual', 'RestaurantsDelivery: False', 'RestaurantsPriceRange2: 1', 'RestaurantsReservations: False', 'RestaurantsTableService: False', 'RestaurantsTakeOut: True', 'WheelchairAccessible: True', 'WiFi: free', ""GoodForMeal: {'dessert': False, 'latenight': False, 'lunch': False, 'dinner': False, 'breakfast': True, 'brunch': True}"", 'RestaurantsGoodForGroups: True']",-80.840464,"4620 Piedmont Row Dr, Ste 100",28210,NC,1,VJ46ohh-N7iHKfEX1z7mcg,business
FCO di Fiumicino,Montréal,3,"['Monday 11:0-21:0', 'Tuesday 11:0-21:0', 'Wednesday 11:0-21:0', 'Thursday 11:0-21:0', 'Friday 11:0-21:0', 'Saturday 11:0-21:0', 'Sunday 11:0-21:0']",Ville-Marie,"['Pizza', 'Restaurants', 'Ice Cream & Frozen Yogurt', 'Food']",45.5024643,4.5,"['BikeParking: True', 'BusinessAcceptsCreditCards: True', ""BusinessParking: {'garage': False, 'street': False, 'validated': False, 'lot': False, 'valet': False}"", 'GoodForKids: False', 'RestaurantsAttire: casual', 'RestaurantsDelivery: True', 'RestaurantsGoodForGroups: False', 'RestaurantsPriceRange2: 3', 'RestaurantsReservations: False', 'RestaurantsTakeOut: True']",-73.5627426,451 Viger Avenue W,H2Z 1G6,QC,1,YchS6-q3IbzEZSaQ6r1T_Q,business
De La Crepe,Mississauga,11,"['Monday 11:0-23:0', 'Tuesday 11:0-23:0', 'Wednesday 11:0-23:0', 'Thursday 11:0-23:0', 'Friday 11:0-0:0', 'Saturday 8:0-0:0', 'Sunday 8:0-22:0']",Streetsville,"['French', 'Creperies', 'Restaurants']",43.580349,2.5,"['Alcohol: none', ""Ambience: {'romantic': False, 'intimate': False, 'classy': False, 'hipster': False, 'touristy': False, 'trendy': False, 'upscale': False, 'casual': True}"", 'BusinessAcceptsCreditCards: True', ""BusinessParking: {'garage': False, 'street': True, 'validated': False, 'lot': False, 'valet': False}"", 'Caters: False', 'GoodForKids: True', ""GoodForMeal: {'dessert': True, 'latenight': False, 'lunch': False, 'dinner': False, 'breakfast': False, 'brunch': True}"", 'HasTV: True', 'NoiseLevel: very_loud', 'OutdoorSeating: False', 'RestaurantsAttire: casual', 'RestaurantsDelivery: False', 'RestaurantsGoodForGroups: False', 'RestaurantsPriceRange2: 1', 'RestaurantsReservations: False', 'RestaurantsTableService: False', 'RestaurantsTakeOut: True', 'WheelchairAccessible: True', 'WiFi: no']",-79.7122498,236 Queen Street S,L5M 1L5,ON,0,5StufJYKgIYtYt60rZ6vIw,business
Nobuya,Toronto,77,"['Monday 17:30-22:0', 'Tuesday 17:30-22:0', 'Wednesday 17:30-22:0', 'Thursday 17:30-22:0', 'Friday 17:30-23:30', 'Saturday 17:30-23:0', 'Sunday 17:30-22:0']",Etobicoke,"['Japanese', 'Restaurants', 'Fish & Chips', 'Ramen']",43.6144814,4.5,"['Alcohol: none', ""Ambience: {'romantic': False, 'intimate': False, 'classy': False, 'hipster': False, 'touristy': False, 'trendy': False, 'upscale': False, 'casual': True}"", 'BikeParking: True', 'BusinessAcceptsCreditCards: True', ""BusinessParking: {'garage': False, 'street': False, 'validated': False, 'lot': True, 'valet': True}"", 'Caters: False', 'DogsAllowed: False', 'GoodForKids: True', ""GoodForMeal: {'dessert': False, 'latenight': False, 'lunch': True, 'dinner': True, 'breakfast': False, 'brunch': False}"", 'HasTV: True', 'NoiseLevel: quiet', 'OutdoorSeating: True', 'RestaurantsAttire: casual', 'RestaurantsDelivery: False', 'RestaurantsGoodForGroups: True', 'RestaurantsPriceRange2: 2', 'RestaurantsTableService: True', 'RestaurantsTakeOut: True', 'WheelchairAccessible: True', 'RestaurantsReservations: True', 'WiFi: free']",-79.4975159,285 Royal York Road,M8V 2W1,ON,1,abO4gvGKB0aVjsrXHlgeFg,business
NY Hibachi Buffet,Gastonia,6,"['Monday 11:0-21:30', 'Tuesday 11:0-21:30', 'Wednesday 11:0-21:30', 'Thursday 11:0-21:30', 'Friday 11:0-21:30', 'Saturday 11:0-22:30', 'Sunday 11:0-21:30']",,"['Sushi Bars', 'Restaurants', 'Chicken Wings', 'Buffets', 'Chinese']",35.2602256,1.5,"['Alcohol: none', ""Ambience: {'romantic': False, 'intimate': False, 'classy': False, 'hipster': False, 'divey': False, 'touristy': False, 'trendy': False, 'upscale': False, 'casual': False}"", 'BusinessAcceptsCreditCards: True', ""BusinessParking: {'garage': False, 'street': False, 'validated': False, 'lot': True, 'valet': False}"", 'Caters: True', 'DogsAllowed: False', 'GoodForKids: True', ""GoodForMeal: {'dessert': False, 'latenight': False, 'lunch': False, 'dinner': False, 'breakfast': False, 'brunch': False}"", 'HasTV: True', 'NoiseLevel: average', 'OutdoorSeating: False', 'RestaurantsAttire: casual', 'RestaurantsDelivery: False', 'RestaurantsGoodForGroups: True', 'RestaurantsPriceRange2: 2', 'RestaurantsReservations: True', 'RestaurantsTableService: True', 'RestaurantsTakeOut: True', 'WheelchairAccessible: False', 'WiFi: no']",-81.1264516,2900 E Franklin Blvd,28056,NC,0,TgshgSQtZV-RTZlQ0ztmBw,business
Nunu Ethiopian Fusion,Toronto,51,"['Tuesday 17:0-0:0', 'Wednesday 17:0-0:0', 'Thursday 17:0-0:0', 'Friday 17:0-0:0', 'Saturday 17:0-2:0']",West Queen West,"['Ethiopian', 'Restaurants']",43.642969,4.0,"['Alcohol: full_bar', ""Ambience: {'romantic': False, 'intimate': False, 'classy': False, 'hipster': False, 'touristy': False, 'trendy': True, 'upscale': False, 'casual': False}"", 'BikeParking: True', 'BusinessAcceptsCreditCards: True', ""BusinessParking: {'garage': False, 'street': True, 'validated': False, 'lot': False, 'valet': False}"", 'Caters: True', 'GoodForKids: True', ""GoodForMeal: {'dessert': False, 'latenight': False, 'lunch': False, 'dinner': True, 'breakfast': False, 'brunch': False}"", 'HasTV: False', 'NoiseLevel: average', 'OutdoorSeating: False', 'RestaurantsAttire: casual', 'RestaurantsDelivery: False', 'RestaurantsGoodForGroups: True', 'RestaurantsPriceRange2: 2', 'RestaurantsReservations: True', 'RestaurantsTableService: True', 'RestaurantsTakeOut: True', 'WheelchairAccessible: True', 'WiFi: no']",-79.4257048,1178 Queen Street W,M6J 2J5,ON,1,xfbjRpE3yhRQ9Zw-D_mBgQ,business
Apron Cafe,Richmond Hill,16,"['Monday 7:30-21:30', 'Tuesday 7:30-21:30', 'Wednesday 7:30-21:30', 'Thursday 7:30-21:30', 'Friday 7:30-21:30', 'Saturday 7:30-21:30', 'Sunday 7:30-21:30']",,"['Restaurants', 'Chinese']",43.8625792751,2.5,"['BikeParking: False', 'GoodForKids: True', ""GoodForMeal: {'dessert': False, 'latenight': False, 'lunch': False, 'dinner': False, 'breakfast': False, 'brunch': False}"", 'HasTV: True', 'OutdoorSeating: False', 'RestaurantsAttire: casual', 'RestaurantsDelivery: True', 'RestaurantsGoodForGroups: True', 'RestaurantsPriceRange2: 1', 'RestaurantsReservations: False', 'RestaurantsTableService: True', 'RestaurantsTakeOut: True', 'WiFi: free']",-79.435085468,"9631 Yonge Street, Unit 2",L4C 0M5,ON,1,N7wlv3nrhDPuDDY8yX6QvQ,business
Linden Tavern,Rocky River,7,,,"['American (Traditional)', 'Bars', 'Restaurants', 'Nightlife']",41.4794367,3.5,"['Alcohol: full_bar', ""Ambience: {'romantic': False, 'intimate': False, 'classy': False, 'hipster': False, 'divey': False, 'touristy': False, 'trendy': False, 'upscale': False, 'casual': False}"", ""BestNights: {'monday': False, 'tuesday': True, 'friday': False, 'wednesday': False, 'thursday': False, 'sunday': True, 'saturday': False}"", 'BusinessAcceptsCreditCards: True', ""BusinessParking: {'garage': False, 'street': False, 'validated': False, 'lot': True, 'valet': False}"", 'Caters: False', 'CoatCheck: False', 'GoodForDancing: False', 'GoodForKids: False', ""GoodForMeal: {'dessert': False, 'latenight': False, 'lunch': False, 'dinner': True, 'breakfast': False, 'brunch': False}"", 'HappyHour: True', 'HasTV: True', ""Music: {'dj': False, 'background_music': False, 'no_music': False, 'karaoke': False, 'live': False, 'video': False, 'jukebox': True}"", 'NoiseLevel: average', 'OutdoorSeating: False', 'RestaurantsAttire: casual', 'RestaurantsDelivery: False', 'RestaurantsGoodForGroups: True', 'RestaurantsPriceRange2: 1', 'RestaurantsReservations: True', 'RestaurantsTableService: True', 'RestaurantsTakeOut: True', 'Smoking: no']",-81.8415526,19865 Detroit Rd,44116,OH,0,YxXADzoLSfyrXYAZYHJerA,business
Bobo China,Las Vegas,158,"['Monday 11:0-21:0', 'Tuesday 11:0-21:0', 'Wednesday 11:0-21:0', 'Thursday 11:0-21:0', 'Friday 11:0-21:0', 'Saturday 11:0-21:0']",Westside,"['Restaurants', 'Fast Food', 'Chinese']",36.1429966,4.5,"['Alcohol: none', ""Ambience: {'romantic': False, 'intimate': False, 'classy': False, 'hipster': False, 'divey': False, 'touristy': False, 'trendy': False, 'upscale': False, 'casual': True}"", 'BikeParking: True', 'BusinessAcceptsCreditCards: True', ""BusinessParking: {'garage': False, 'street': False, 'validated': False, 'lot': True, 'valet': False}"", 'Caters: True', 'DriveThru: False', 'GoodForKids: True', ""GoodForMeal: {'dessert': False, 'latenight': False, 'lunch': True, 'dinner': True, 'breakfast': False, 'brunch': False}"", 'HasTV: False', 'NoiseLevel: quiet', 'OutdoorSeating: False', 'RestaurantsAttire: casual', 'RestaurantsDelivery: True', 'RestaurantsGoodForGroups: False', 'RestaurantsPriceRange2: 1', 'RestaurantsReservations: False', 'RestaurantsTableService: True', 'RestaurantsTakeOut: True', 'WheelchairAccessible: True', 'WiFi: no']",-115.2761063,8465 W Sahara Ave,89117,NV,1,H_eO04NZAQIDcbtFQ4BUag,business
Novecento,Toronto,7,,Corso Italia,"['Italian', 'Restaurants']",43.6775605,4.5,"['Alcohol: full_bar', ""Ambience: {'romantic': False, 'intimate': False, 'classy': False, 'hipster': False, 'touristy': False, 'trendy': False, 'upscale': False, 'casual': False}"", 'BusinessAcceptsCreditCards: True', ""BusinessParking: {'garage': False, 'street': True, 'validated': False, 'lot': False, 'valet': False}"", 'GoodForKids: True', ""GoodForMeal: {'dessert': False, 'latenight': False, 'lunch': False, 'dinner': False, 'breakfast': False, 'brunch': False}"", 'HasTV: True', 'NoiseLevel: quiet', 'OutdoorSeating: True', 'RestaurantsAttire: casual', 'RestaurantsDelivery: False', 'RestaurantsGoodForGroups: True', 'RestaurantsPriceRange2: 2', 'RestaurantsReservations: False', 'RestaurantsTableService: True', 'RestaurantsTakeOut: True', 'WiFi: free']",-79.4451386,1228 Saint Clair Avenue W,M6E 1B7,ON,0,6a7zecn8W8r9dDWwQVb6aA,business
Brixx Wood Fired Pizza,Charlotte,62,"['Monday 11:0-1:0', 'Tuesday 11:0-1:0', 'Wednesday 11:0-1:0', 'Thursday 11:0-1:0', 'Friday 11:0-1:0', 'Saturday 11:0-1:0', 'Sunday 11:0-23:0']",,"['Restaurants', 'Pizza']",35.1465729,3.0,"['Alcohol: full_bar', ""Ambience: {'romantic': False, 'intimate': False, 'classy': False, 'hipster': False, 'divey': False, 'touristy': False, 'trendy': False, 'upscale': False, 'casual': True}"", 'BikeParking: True', 'BusinessAcceptsCreditCards: True', ""BusinessParking: {'garage': False, 'street': False, 'validated': False, 'lot': True, 'valet': False}"", 'Caters: True', 'GoodForKids: True', ""GoodForMeal: {'dessert': False, 'latenight': False, 'lunch': True, 'dinner': True, 'breakfast': False, 'brunch': False}"", 'HasTV: True', 'NoiseLevel: average', 'OutdoorSeating: True', 'RestaurantsAttire: casual', 'RestaurantsDelivery: False', 'RestaurantsGoodForGroups: True', 'RestaurantsPriceRange2: 2', 'RestaurantsReservations: False', 'RestaurantsTableService: True', 'RestaurantsTakeOut: True', 'WheelchairAccessible: False', 'WiFi: free']",-80.80895,7814 Fairview Rd,28226,NC,1,EaIho6EvTuODNHPLO98yeQ,business
KFC,Charlotte,4,"['Monday 10:0-23:0', 'Tuesday 10:0-23:0', 'Wednesday 10:0-23:0', 'Thursday 10:0-23:0', 'Friday 10:0-23:0', 'Saturday 10:0-23:0', 'Sunday 10:0-23:0']",Cotswold,"['Restaurants', 'Chicken Wings', 'Fast Food']",35.1934,2.0,"[""Ambience: {'romantic': False, 'intimate': False, 'classy': False, 'hipster': False, 'divey': False, 'touristy': False, 'trendy': False, 'upscale': False, 'casual': False}"", 'BikeParking: True', 'BusinessAcceptsCreditCards: True', 'Caters: True', 'DriveThru: True', 'GoodForKids: True', ""GoodForMeal: {'dessert': False, 'latenight': False, 'lunch': False, 'dinner': False, 'breakfast': False, 'brunch': False}"", 'NoiseLevel: loud', 'OutdoorSeating: True', 'RestaurantsAttire: casual', 'RestaurantsDelivery: False', 'RestaurantsGoodForGroups: True', 'RestaurantsPriceRange2: 2', 'RestaurantsReservations: False', 'RestaurantsTakeOut: True', 'WiFi: free']",-80.795,1101 N Wendover Rd,28211,NC,1,aCoRJp8Zty-hY3YaHqIItA,business
Bhai's Indian Canteen,Richmond Hill,5,"['Tuesday 11:45-14:45', 'Tuesday 17:0-22:0', 'Wednesday 11:45-14:45', 'Wednesday 17:0-22:0', 'Thursday 11:45-14:45', 'Thursday 17:0-22:30', 'Friday 11:45-14:45', 'Friday 17:0-23:0', 'Saturday 12:0-16:0', 'Saturday 16:30-23:0', 'Sunday 12:0-16:0', 'Sunday 16:30-22:0']",,"['Indian', 'Vegetarian', 'Restaurants']",43.8470893822,4.5,"['Alcohol: full_bar', ""BusinessParking: {'garage': False, 'street': False, 'validated': False, 'lot': True, 'valet': False}"", 'Caters: True', 'HasTV: True', 'RestaurantsDelivery: True', 'RestaurantsPriceRange2: 2', 'RestaurantsReservations: True', 'RestaurantsTableService: True', 'RestaurantsTakeOut: True', 'WiFi: free', ""GoodForMeal: {'dessert': False, 'latenight': False, 'lunch': False, 'dinner': False, 'breakfast': False, 'brunch': False}"", ""Ambience: {'romantic': False, 'intimate': False, 'classy': False, 'hipster': False, 'touristy': False, 'trendy': False, 'upscale': False, 'casual': False}"", 'GoodForKids: True', 'OutdoorSeating: False', 'RestaurantsAttire: casual', 'RestaurantsGoodForGroups: True']",-79.3782470196,115 York Boulevard,L4B 3B4,ON,1,Zcd2yYA5ck-38duDOg6dww,business
Carhops,Monroeville,25,"['Monday 10:30-20:0', 'Tuesday 10:30-20:0', 'Wednesday 10:30-20:0', 'Thursday 10:30-20:0', 'Friday 10:30-20:0', 'Saturday 10:30-20:0']",,"['Fast Food', 'Restaurants']",40.4386421,4.5,"['Alcohol: none', ""Ambience: {'romantic': False, 'intimate': False, 'classy': False, 'hipster': False, 'divey': False, 'touristy': False, 'trendy': False, 'upscale': False, 'casual': False}"", 'BikeParking: False', 'BusinessAcceptsCreditCards: False', ""BusinessParking: {'garage': False, 'street': False, 'validated': False, 'lot': False, 'valet': False}"", 'DriveThru: False', 'GoodForKids: True', ""GoodForMeal: {'dessert': False, 'latenight': False, 'lunch': False, 'dinner': False, 'breakfast': False, 'brunch': False}"", 'HasTV: True', 'NoiseLevel: average', 'OutdoorSeating: False', 'RestaurantsAttire: casual', 'RestaurantsDelivery: True', 'RestaurantsGoodForGroups: True', 'RestaurantsPriceRange2: 1', 'RestaurantsReservations: False', 'RestaurantsTableService: False', 'RestaurantsTakeOut: True', 'WheelchairAccessible: True']",-79.7687817,4019 William Penn Hwy,15146,PA,1,k-zdOw1KYrwEMoud1MhFSQ,business
Penn Station East Coast Subs,Monroeville,11,"['Monday 10:30-22:30', 'Tuesday 10:30-22:30', 'Wednesday 10:30-22:30', 'Thursday 10:30-22:30', 'Friday 10:30-23:0', 'Saturday 10:30-22:30', 'Sunday 11:0-21:0']",,"['Burgers', 'American (Traditional)', 'Restaurants']",40.4390648367,4.0,"['Alcohol: none', ""Ambience: {'romantic': False, 'intimate': False, 'classy': False, 'hipster': False, 'divey': False, 'touristy': False, 'trendy': False, 'upscale': False, 'casual': False}"", 'BikeParking: True', 'BusinessAcceptsCreditCards: True', 'DriveThru: False', 'GoodForKids: True', ""GoodForMeal: {'dessert': False, 'latenight': False, 'lunch': False, 'dinner': False, 'breakfast': False, 'brunch': False}"", 'HasTV: True', 'OutdoorSeating: False', 'RestaurantsAttire: casual', 'RestaurantsDelivery: False', 'RestaurantsGoodForGroups: True', 'RestaurantsPriceRange2: 2', 'RestaurantsReservations: False', 'RestaurantsTakeOut: True']",-79.7590996698,4302 William Penn Hwy,15146,PA,1,p7JJ9fCP8QP3jN7SyOTtnQ,business
Alioli Ristorante,Mississauga,61,"['Monday 11:30-21:30', 'Tuesday 11:30-21:30', 'Wednesday 11:30-22:0', 'Thursday 11:30-22:0', 'Friday 11:30-22:30', 'Saturday 17:0-22:30', 'Sunday 16:0-21:0']",,"['Italian', 'Nightlife', 'Wine Bars', 'Restaurants', 'Bars', 'Mediterranean']",43.5852,4.0,"['Alcohol: full_bar', ""Ambience: {'romantic': False, 'intimate': False, 'classy': True, 'hipster': False, 'touristy': False, 'trendy': False, 'upscale': False, 'casual': False}"", 'BikeParking: True', 'BusinessAcceptsCreditCards: True', ""BusinessParking: {'garage': False, 'street': False, 'validated': False, 'lot': True, 'valet': False}"", 'Caters: True', 'DogsAllowed: False', 'GoodForKids: True', ""GoodForMeal: {'dessert': False, 'latenight': False, 'lunch': False, 'dinner': True, 'breakfast': False, 'brunch': False}"", 'HasTV: False', 'NoiseLevel: average', 'OutdoorSeating: True', 'RestaurantsAttire: dressy', 'RestaurantsDelivery: True', 'RestaurantsGoodForGroups: True', 'RestaurantsPriceRange2: 3', 'RestaurantsReservations: True', 'RestaurantsTableService: True', 'RestaurantsTakeOut: True', 'WheelchairAccessible: True', 'WiFi: free']",-79.644006,350 Burnhamthorpe Road W,L5B 3J1,ON,1,yxQsedCcjJEfqhC7u8Rl0A,business
Thai Orchid Garden Restaurant,Avondale,150,"['Monday 17:0-21:0', 'Tuesday 11:0-15:0', 'Wednesday 17:0-21:0', 'Thursday 11:0-15:0', 'Thursday 17:0-21:0', 'Friday 11:0-21:30', 'Saturday 11:0-21:30', 'Sunday 12:0-20:0']",,"['Thai', 'Restaurants']",33.4927898356,4.0,"['Alcohol: beer_and_wine', ""Ambience: {'romantic': False, 'intimate': False, 'classy': False, 'hipster': False, 'divey': False, 'touristy': False, 'trendy': False, 'upscale': False, 'casual': True}"", 'BikeParking: True', 'BusinessAcceptsCreditCards: True', ""BusinessParking: {'garage': False, 'street': False, 'validated': False, 'lot': True, 'valet': False}"", 'Caters: True', 'DogsAllowed: False', 'GoodForKids: True', ""GoodForMeal: {'dessert': False, 'latenight': False, 'lunch': True, 'dinner': True, 'breakfast': False, 'brunch': False}"", 'HasTV: True', 'NoiseLevel: quiet', 'OutdoorSeating: False', 'RestaurantsAttire: casual', 'RestaurantsDelivery: True', 'RestaurantsGoodForGroups: True', 'RestaurantsPriceRange2: 2', 'RestaurantsReservations: True', 'RestaurantsTableService: True', 'RestaurantsTakeOut: True', 'WheelchairAccessible: True', 'WiFi: free']",-112.332560223,"12725 W Indian School Rd, Ste A-104",85392,AZ,1,CdpBVSkL2Pljj-yP0ihb_w,business
Jamaica House Kitchen,Brampton,12,,,"['Restaurants', 'Caribbean']",43.6807754,3.5,"['Alcohol: full_bar', ""Ambience: {'romantic': False, 'intimate': False, 'classy': False, 'hipster': False, 'touristy': False, 'trendy': False, 'upscale': False, 'casual': False}"", 'BikeParking: True', 'BusinessAcceptsCreditCards: True', ""BusinessParking: {'garage': False, 'street': False, 'validated': False, 'lot': False, 'valet': False}"", 'Caters: True', 'GoodForKids: True', 'HasTV: True', 'NoiseLevel: average', 'OutdoorSeating: False', 'RestaurantsAttire: casual', 'RestaurantsDelivery: False', 'RestaurantsGoodForGroups: True', 'RestaurantsPriceRange2: 2', 'RestaurantsReservations: False', 'RestaurantsTableService: True', 'RestaurantsTakeOut: True', 'WiFi: no']",-79.80496,80 Pertosa Drive,L6X 5E9,ON,1,OLumaNuQkLXNnyQTZ-Y9Qg,business
Village Juicery,Toronto,7,"['Monday 7:30-20:0', 'Tuesday 7:30-20:0', 'Wednesday 7:30-20:0', 'Thursday 7:30-20:0', 'Friday 7:30-20:0', 'Saturday 8:0-19:0', 'Sunday 10:0-17:0']",Roncesvalles,"['Organic Stores', 'Salad', 'Juice Bars & Smoothies', 'Restaurants', 'Food', 'Live/Raw Food']",43.642113,4.5,"['Alcohol: none', 'BikeParking: True', 'BusinessAcceptsCreditCards: True', ""BusinessParking: {'garage': False, 'street': True, 'validated': False, 'lot': False, 'valet': False}"", 'Caters: False', 'OutdoorSeating: True', 'RestaurantsDelivery: False', 'RestaurantsPriceRange2: 3', 'RestaurantsReservations: False', 'RestaurantsTableService: False', 'RestaurantsTakeOut: True', 'WheelchairAccessible: True', 'WiFi: free']",-79.4472816,99 Roncesvalles Ave,M6R 2K9,ON,1,KyO_DCkbUL1AJSxdgIihUw,business
Osteria Ciceri e Tria,Toronto,32,,Downtown Core,"['Italian', 'Restaurants']",43.6521997,3.5,"['Alcohol: full_bar', ""Ambience: {'romantic': False, 'intimate': False, 'classy': False, 'hipster': False, 'touristy': False, 'trendy': False, 'upscale': False, 'casual': True}"", 'BikeParking: True', 'BusinessAcceptsCreditCards: True', ""BusinessParking: {'garage': False, 'street': True, 'validated': False, 'lot': False, 'valet': False}"", 'GoodForKids: False', ""GoodForMeal: {'dessert': False, 'latenight': False, 'lunch': False, 'dinner': True, 'breakfast': False, 'brunch': False}"", 'HasTV: False', 'NoiseLevel: loud', 'OutdoorSeating: False', 'RestaurantsAttire: casual', 'RestaurantsDelivery: True', 'RestaurantsGoodForGroups: True', 'RestaurantsPriceRange2: 2', 'RestaurantsReservations: True', 'RestaurantsTableService: True', 'RestaurantsTakeOut: True', 'WheelchairAccessible: True', 'WiFi: no']",-79.3781549,106 Victoria St,M5C,ON,1,3QS2Wgedv3jjKC5vJXJTcA,business
Pincho,Stuttgart,4,"['Monday 18:0-22:0', 'Tuesday 12:0-14:0', 'Tuesday 18:0-22:0', 'Wednesday 12:0-14:0', 'Wednesday 18:0-22:0', 'Thursday 12:0-14:0', 'Thursday 18:0-22:0', 'Friday 12:0-14:0', 'Friday 18:0-22:0', 'Saturday 18:0-22:0']",,"['Bars', 'Wine Bars', 'Spanish', 'Nightlife', 'Restaurants', 'Tapas/Small Plates', 'Tapas Bars']",48.7467103008,5.0,"['Alcohol: full_bar', ""Ambience: {'romantic': False, 'intimate': False, 'classy': False, 'hipster': False, 'touristy': False, 'trendy': False, 'upscale': False, 'casual': False}"", 'BikeParking: True', 'BusinessAcceptsCreditCards: True', ""BusinessParking: {'garage': False, 'street': False, 'validated': False, 'lot': False, 'valet': False}"", 'DogsAllowed: False', 'GoodForDancing: False', 'HasTV: False', ""Music: {'dj': False, 'background_music': False, 'no_music': False, 'karaoke': False, 'live': False, 'video': False, 'jukebox': False}"", 'NoiseLevel: average', 'OutdoorSeating: True', 'RestaurantsAttire: casual', 'RestaurantsDelivery: False', 'RestaurantsGoodForGroups: True', 'RestaurantsReservations: True', 'RestaurantsTableService: True', 'RestaurantsTakeOut: False', 'Smoking: no', 'RestaurantsPriceRange2: 2', 'GoodForKids: False']",9.1702399403,Epplestr. 30,70597,BW,1,HWK8falw7ECHf-ClY13xVg,business
Debu's Indian Cuisine,Toronto,6,,Kensington Market,"['Restaurants', 'Indian']",43.6563011,3.5,"['Alcohol: none', 'BusinessAcceptsCreditCards: False', ""BusinessParking: {'garage': False, 'street': False, 'validated': False, 'lot': False, 'valet': False}"", ""GoodForMeal: {'dessert': False, 'latenight': False, 'lunch': False, 'dinner': False, 'breakfast': False, 'brunch': False}"", 'OutdoorSeating: True', 'RestaurantsAttire: casual', 'RestaurantsDelivery: False', 'RestaurantsGoodForGroups: False', 'RestaurantsPriceRange2: 1', 'RestaurantsReservations: False', 'RestaurantsTableService: False', 'RestaurantsTakeOut: True', 'WheelchairAccessible: False', 'WiFi: no']",-79.402713,291 Augusta Ave,M5T 2M2,ON,1,14m4FbWr2BIgrbSdPBKG8Q,business
DB Brasserie,Las Vegas,317,"['Monday 17:0-23:0', 'Tuesday 17:0-23:0', 'Wednesday 17:0-23:0', 'Thursday 17:0-23:0', 'Friday 17:0-23:0', 'Saturday 17:0-23:0', 'Sunday 17:0-23:0']",The Strip,"['Brasseries', 'French', 'Restaurants', 'Nightlife', 'Bars']",36.122917,3.5,"['Alcohol: full_bar', ""Ambience: {'romantic': False, 'intimate': False, 'classy': True, 'hipster': False, 'divey': False, 'touristy': False, 'trendy': False, 'upscale': False, 'casual': False}"", 'BikeParking: False', 'BusinessAcceptsBitcoin: False', 'BusinessAcceptsCreditCards: True', ""BusinessParking: {'garage': True, 'street': False, 'validated': False, 'lot': False, 'valet': True}"", 'Caters: False', 'DogsAllowed: False', 'GoodForKids: False', ""GoodForMeal: {'dessert': False, 'latenight': False, 'lunch': True, 'dinner': True, 'breakfast': False, 'brunch': False}"", 'HasTV: True', 'NoiseLevel: average', 'OutdoorSeating: False', 'RestaurantsAttire: casual', 'RestaurantsDelivery: False', 'RestaurantsGoodForGroups: True', 'RestaurantsPriceRange2: 3', 'RestaurantsReservations: True', 'RestaurantsTableService: True', 'RestaurantsTakeOut: False', 'WheelchairAccessible: True', 'WiFi: free', 'GoodForDancing: False', 'HappyHour: True', 'Smoking: no', ""Music: {'dj': False, 'background_music': False, 'no_music': False, 'karaoke': False, 'live': False, 'video': False, 'jukebox': False}""]",-115.168527,3355 S Las Vegas Blvd S,89109,NV,0,d482l58ho0_IMdFkXX1F5Q,business
Rio Mirage Cafe Y Cantina,El Mirage,142,"['Monday 11:0-21:0', 'Tuesday 11:0-21:0', 'Wednesday 11:0-21:0', 'Thursday 11:0-21:0', 'Friday 11:0-22:0', 'Saturday 11:0-22:0', 'Sunday 10:0-20:0']",,"['Restaurants', 'Tex-Mex', 'Mexican']",33.6174141,4.0,"['Alcohol: full_bar', ""Ambience: {'romantic': False, 'intimate': False, 'classy': False, 'hipster': False, 'divey': False, 'touristy': False, 'trendy': False, 'upscale': False, 'casual': True}"", 'BikeParking: True', 'BusinessAcceptsCreditCards: True', ""BusinessParking: {'garage': False, 'street': False, 'validated': False, 'lot': True, 'valet': False}"", 'Caters: True', 'GoodForKids: True', ""GoodForMeal: {'dessert': False, 'latenight': False, 'lunch': True, 'dinner': True, 'breakfast': False, 'brunch': False}"", 'HasTV: False', 'NoiseLevel: average', 'OutdoorSeating: True', 'RestaurantsAttire: casual', 'RestaurantsDelivery: False', 'RestaurantsGoodForGroups: True', 'RestaurantsPriceRange2: 2', 'RestaurantsReservations: True', 'RestaurantsTableService: True', 'RestaurantsTakeOut: True', 'WheelchairAccessible: True', 'WiFi: free']",-112.3242882,12245 W Santa Fe Dr,85335,AZ,1,-1VaIJza42Hjev6ukacCNg,business
Mr Tonkatsu,Toronto,51,"['Monday 11:30-22:0', 'Tuesday 11:30-22:0', 'Wednesday 11:30-22:0', 'Thursday 11:30-22:0', 'Friday 11:30-22:0', 'Saturday 11:30-22:0', 'Sunday 11:30-21:0']",,"['Japanese', 'Restaurants']",43.7901852,3.5,"['Alcohol: none', ""Ambience: {'romantic': False, 'intimate': False, 'classy': False, 'hipster': False, 'touristy': False, 'trendy': False, 'upscale': False, 'casual': True}"", 'BikeParking: True', 'BusinessAcceptsCreditCards: True', ""BusinessParking: {'garage': False, 'street': False, 'validated': False, 'lot': True, 'valet': False}"", 'Caters: False', 'GoodForKids: True', ""GoodForMeal: {'dessert': False, 'latenight': False, 'lunch': False, 'dinner': True, 'breakfast': False, 'brunch': False}"", 'HasTV: False', 'NoiseLevel: average', 'OutdoorSeating: False', 'RestaurantsAttire: casual', 'RestaurantsDelivery: False', 'RestaurantsGoodForGroups: False', 'RestaurantsPriceRange2: 2', 'RestaurantsReservations: True', 'RestaurantsTableService: True', 'RestaurantsTakeOut: True', 'WiFi: no']",-79.4181563,6048 Yonge street,M2M 3W5,ON,0,D0TsIM7U5UfvZ8dBdFi4sg,business
Wendy's,Pittsburgh,9,,Lawrenceville,"['Fast Food', 'Restaurants', 'Burgers']",40.4691075,3.0,"['Alcohol: none', ""Ambience: {'romantic': False, 'intimate': False, 'classy': False, 'hipster': False, 'divey': False, 'touristy': False, 'trendy': False, 'upscale': False, 'casual': False}"", 'BikeParking: False', 'BusinessAcceptsCreditCards: True', 'Caters: False', 'DriveThru: True', 'GoodForKids: True', ""GoodForMeal: {'dessert': False, 'latenight': False, 'lunch': False, 'dinner': False, 'breakfast': False, 'brunch': False}"", 'HasTV: True', 'OutdoorSeating: False', 'RestaurantsAttire: casual', 'RestaurantsDelivery: False', 'RestaurantsGoodForGroups: True', 'RestaurantsPriceRange2: 1', 'RestaurantsReservations: False', 'RestaurantsTableService: False', 'RestaurantsTakeOut: True']",-79.9623256,4001 Butler St,15201,PA,1,a7xD9CEepfivEZAKrCEPbw,business
Habanero Mexican Food,Mesa,9,,,"['Mexican', 'Fast Food', 'Restaurants', 'Food Court']",33.3906732666,4.0,"['BusinessAcceptsCreditCards: True', 'DriveThru: False', 'GoodForKids: True', ""GoodForMeal: {'dessert': False, 'latenight': False, 'lunch': False, 'dinner': False, 'breakfast': False, 'brunch': False}"", 'HasTV: False', 'OutdoorSeating: False', 'RestaurantsAttire: casual', 'RestaurantsDelivery: False', 'RestaurantsGoodForGroups: True', 'RestaurantsPriceRange2: 1', 'RestaurantsReservations: False', 'RestaurantsTakeOut: False', ""Ambience: {'romantic': False, 'intimate': False, 'classy': False, 'hipster': False, 'divey': False, 'touristy': False, 'trendy': False, 'upscale': False, 'casual': False}""]",-111.689858752,"6555 E Southern Ave, 2nd Fl, Ste 2006",85206,AZ,1,37n2MtSu1Xe8j1ci8jd-0g,business
Freshii,Toronto,13,,Mount Pleasant and Davisville,['Restaurants'],43.7072596,3.0,"['Alcohol: none', ""Ambience: {'romantic': False, 'intimate': False, 'classy': False, 'hipster': False, 'touristy': False, 'trendy': False, 'upscale': False, 'casual': True}"", 'BikeParking: True', 'BusinessAcceptsCreditCards: True', ""BusinessParking: {'garage': False, 'street': False, 'validated': False, 'lot': False, 'valet': False}"", 'Caters: True', 'GoodForKids: True', ""GoodForMeal: {'dessert': False, 'latenight': False, 'lunch': True, 'dinner': False, 'breakfast': False, 'brunch': False}"", 'HasTV: False', 'NoiseLevel: average', 'OutdoorSeating: False', 'RestaurantsAttire: casual', 'RestaurantsDelivery: False', 'RestaurantsGoodForGroups: False', 'RestaurantsPriceRange2: 2', 'RestaurantsReservations: False', 'RestaurantsTableService: False', 'RestaurantsTakeOut: True', 'WiFi: no']",-79.398458,2300 Yonge St.,M4P 2W6,ON,1,21QPpgP86hABa5ZmfLvooA,business
Outback Steakhouse,Parma,33,"['Monday 11:0-22:0', 'Tuesday 11:0-22:0', 'Wednesday 11:0-22:0', 'Thursday 11:0-22:0', 'Friday 11:0-23:0', 'Saturday 11:0-23:0', 'Sunday 11:0-21:0']",,"['Steakhouses', 'Restaurants']",41.3764054,2.5,"['Alcohol: full_bar', ""Ambience: {'romantic': False, 'intimate': False, 'classy': False, 'hipster': False, 'divey': False, 'touristy': False, 'trendy': False, 'upscale': False, 'casual': True}"", 'BikeParking: False', 'BusinessAcceptsCreditCards: True', ""BusinessParking: {'garage': False, 'street': False, 'validated': False, 'lot': True, 'valet': False}"", 'Caters: True', 'GoodForKids: True', ""GoodForMeal: {'dessert': False, 'latenight': False, 'lunch': False, 'dinner': False, 'breakfast': False, 'brunch': False}"", 'HasTV: True', 'NoiseLevel: loud', 'OutdoorSeating: False', 'RestaurantsAttire: casual', 'RestaurantsDelivery: False', 'RestaurantsGoodForGroups: True', 'RestaurantsPriceRange2: 2', 'RestaurantsReservations: True', 'RestaurantsTableService: True', 'RestaurantsTakeOut: True', 'WiFi: no']",-81.7353943,6950 Ridge Rd,44129,OH,1,6wwz7b5xehEilPx98ZnZtA,business
Amy Joy Donuts,Cleveland,10,"['Monday 6:0-5:30', 'Tuesday 6:0-5:30', 'Wednesday 6:0-5:30', 'Thursday 6:0-5:30', 'Friday 6:0-5:30', 'Saturday 6:0-5:30', 'Sunday 6:0-5:30']",,"['Coffee & Tea', 'Donuts', 'Restaurants', 'Food']",41.519356,2.5,"['Alcohol: none', 'BikeParking: True', 'BusinessAcceptsBitcoin: True', 'BusinessAcceptsCreditCards: True', ""BusinessParking: {'garage': False, 'street': False, 'validated': False, 'lot': True, 'valet': False}"", 'Caters: True', 'HasTV: False', 'OutdoorSeating: False', 'RestaurantsDelivery: True', 'RestaurantsPriceRange2: 1', 'RestaurantsReservations: True', 'RestaurantsTableService: True', 'RestaurantsTakeOut: True', 'WheelchairAccessible: True', 'WiFi: free']",-81.496749,5076 Mayfield Rd,44124,OH,1,VSo34eZH-0u-CMyLpXD1qQ,business
Quiznos,Las Vegas,18,,Centennial,"['Delis', 'Restaurants', 'Fast Food', 'Sandwiches']",36.2777739,2.0,"['Alcohol: none', ""Ambience: {'romantic': False, 'intimate': False, 'classy': False, 'hipster': False, 'divey': False, 'touristy': False, 'trendy': False, 'upscale': False, 'casual': False}"", 'BikeParking: False', 'BusinessAcceptsCreditCards: True', ""BusinessParking: {'garage': False, 'street': False, 'validated': False, 'lot': False, 'valet': False}"", 'Caters: True', 'DriveThru: False', 'GoodForKids: True', ""GoodForMeal: {'dessert': False, 'latenight': False, 'lunch': True, 'dinner': False, 'breakfast': False, 'brunch': False}"", 'HasTV: False', 'NoiseLevel: quiet', 'OutdoorSeating: True', 'RestaurantsAttire: casual', 'RestaurantsDelivery: True', 'RestaurantsGoodForGroups: False', 'RestaurantsPriceRange2: 1', 'RestaurantsReservations: False', 'RestaurantsTableService: False', 'RestaurantsTakeOut: True', 'WiFi: no']",-115.2883157,"6441 N Durango Dr, Ste 140",89149,NV,1,19wIOjBlI_2EKGM8E4O6Mg,business
Weinstube Grashöfle,Kornwestheim,12,,,"['German', 'Restaurants', 'Bars', 'Wine Bars', 'Nightlife']",48.8652003,4.5,"['BusinessAcceptsCreditCards: True', ""BusinessParking: {'garage': False, 'street': False, 'validated': False, 'lot': False, 'valet': False}"", 'DogsAllowed: False', 'OutdoorSeating: True', 'RestaurantsDelivery: False', 'RestaurantsPriceRange2: 2', 'RestaurantsTakeOut: False', 'Smoking: no']",9.1877052,Lange Str. 24,70806,BW,1,BxwhYB-eOcjB25MyNG1TpQ,business
Restaurant La Maree,Montréal,24,,Ville-Marie,"['Restaurants', 'French']",45.5074852,2.0,"['Alcohol: full_bar', ""Ambience: {'romantic': False, 'intimate': False, 'classy': False, 'hipster': False, 'touristy': False, 'trendy': False, 'upscale': False, 'casual': True}"", 'BikeParking: True', 'BusinessAcceptsCreditCards: True', ""BusinessParking: {'garage': False, 'street': True, 'validated': False, 'lot': False, 'valet': False}"", 'Caters: False', 'GoodForKids: False', ""GoodForMeal: {'dessert': False, 'latenight': False, 'lunch': True, 'dinner': False, 'breakfast': False, 'brunch': False}"", 'HasTV: False', 'NoiseLevel: quiet', 'OutdoorSeating: True', 'RestaurantsAttire: casual', 'RestaurantsDelivery: False', 'RestaurantsGoodForGroups: False', 'RestaurantsPriceRange2: 2', 'RestaurantsReservations: True', 'RestaurantsTableService: True', 'RestaurantsTakeOut: False', 'WiFi: no']",-73.552706,404 Jacques-Cartier Place,H2Y 3B2,QC,1,KWoXY9-R00NY-Rv_MSNwaQ,business
Tako Sushi Japanese Restaurant,North York,58,,,"['Restaurants', 'Sushi Bars', 'Japanese']",43.7454716,2.5,"['Alcohol: full_bar', ""Ambience: {'romantic': False, 'intimate': False, 'classy': False, 'hipster': False, 'touristy': False, 'trendy': False, 'upscale': False, 'casual': True}"", 'BusinessAcceptsCreditCards: True', ""BusinessParking: {'garage': False, 'street': False, 'validated': False, 'lot': True, 'valet': False}"", 'Caters: True', 'GoodForKids: True', ""GoodForMeal: {'dessert': False, 'latenight': False, 'lunch': True, 'dinner': True, 'breakfast': False, 'brunch': False}"", 'HasTV: False', 'NoiseLevel: average', 'OutdoorSeating: False', 'RestaurantsAttire: casual', 'RestaurantsDelivery: True', 'RestaurantsGoodForGroups: True', 'RestaurantsPriceRange2: 2', 'RestaurantsReservations: True', 'RestaurantsTableService: True', 'RestaurantsTakeOut: True', 'WheelchairAccessible: True', 'WiFi: no']",-79.3461585,1300 Don Mills Rd,M3B 2W6,ON,0,LWtKuyX8w5SFm-JviPr4qQ,business
Tru Burger Co.,Anthem,124,"['Monday 11:0-21:0', 'Tuesday 11:0-21:0', 'Wednesday 11:0-21:0', 'Thursday 11:0-21:0', 'Friday 11:0-21:0', 'Saturday 11:0-21:0', 'Sunday 11:0-21:0']",,"['Restaurants', 'American (New)', 'Sandwiches', 'Burgers']",33.843457,3.5,"['Alcohol: full_bar', ""Ambience: {'romantic': False, 'intimate': False, 'classy': False, 'hipster': False, 'divey': False, 'touristy': False, 'trendy': False, 'upscale': False, 'casual': True}"", 'BikeParking: True', 'BusinessAcceptsBitcoin: False', 'BusinessAcceptsCreditCards: True', ""BusinessParking: {'garage': False, 'street': False, 'validated': False, 'lot': True, 'valet': False}"", 'Caters: False', 'DriveThru: False', 'GoodForKids: True', ""GoodForMeal: {'dessert': False, 'latenight': False, 'lunch': True, 'dinner': True, 'breakfast': False, 'brunch': False}"", 'HasTV: True', 'NoiseLevel: average', 'OutdoorSeating: True', 'RestaurantsAttire: casual', 'RestaurantsDelivery: False', 'RestaurantsGoodForGroups: True', 'RestaurantsPriceRange2: 2', 'RestaurantsReservations: False', 'RestaurantsTableService: True', 'RestaurantsTakeOut: True', 'WheelchairAccessible: True', 'WiFi: free']",-112.1347224,39504 Daisy Mountain Dr,85086,AZ,1,C-Qkudv7u8465nLasGR31A,business
Mr Right Pizza,Toronto,9,"['Monday 11:0-23:0', 'Tuesday 11:0-23:0', 'Wednesday 11:0-23:0', 'Thursday 11:0-23:0', 'Friday 11:0-2:0', 'Saturday 11:0-2:0', 'Sunday 11:0-0:0']",Bickford Park,"['Pizza', 'Chicken Wings', 'Restaurants']",43.6625882,4.5,"['Alcohol: none', 'BusinessAcceptsCreditCards: True', ""BusinessParking: {'garage': False, 'street': False, 'validated': False, 'lot': False, 'valet': False}"", 'GoodForKids: True', ""GoodForMeal: {'dessert': False, 'latenight': False, 'lunch': True, 'dinner': False, 'breakfast': False, 'brunch': False}"", 'HasTV: True', 'NoiseLevel: quiet', 'OutdoorSeating: False', 'RestaurantsAttire: casual', 'RestaurantsDelivery: True', 'RestaurantsPriceRange2: 2', 'RestaurantsTakeOut: True']",-79.4223655,821A Bloor Street W,M6G 1M1,ON,0,6D_rZE3vtdur2RR_QK0G6Q,business
Japan Sushi,Toronto,33,,The Annex,"['Restaurants', 'Sushi Bars', 'Japanese']",43.6654886,3.5,"['Alcohol: beer_and_wine', ""Ambience: {'romantic': False, 'intimate': False, 'classy': False, 'hipster': False, 'touristy': False, 'trendy': False, 'upscale': False, 'casual': False}"", 'BikeParking: True', 'BusinessAcceptsCreditCards: True', ""BusinessParking: {'garage': False, 'street': False, 'validated': False, 'lot': False, 'valet': False}"", 'GoodForKids: True', ""GoodForMeal: {'dessert': False, 'latenight': False, 'lunch': True, 'dinner': True, 'breakfast': False, 'brunch': False}"", 'HasTV: False', 'NoiseLevel: quiet', 'OutdoorSeating: False', 'RestaurantsAttire: casual', 'RestaurantsDelivery: True', 'RestaurantsGoodForGroups: True', 'RestaurantsPriceRange2: 2', 'RestaurantsReservations: True', 'RestaurantsTableService: True', 'RestaurantsTakeOut: True']",-79.4095432,482 Bloor Street W,M5S 1X8,ON,1,uANuB3YVqjRWychfyhXJvA,business
Hello Wonton Noodle,North York,14,,Willowdale,"['Restaurants', 'Chinese']",43.7732399,3.5,"['BusinessAcceptsCreditCards: False', 'NoiseLevel: quiet', 'OutdoorSeating: False', 'RestaurantsAttire: casual', 'RestaurantsDelivery: False', 'RestaurantsGoodForGroups: True', 'RestaurantsPriceRange2: 1', 'RestaurantsTakeOut: True']",-79.4138733,5313 Yonge Street,M2N 5R4,ON,0,mYr9GB-kjRW6I_fDql1Z6A,business
Long John Silver's,Glendale,4,,,"['Seafood', 'Restaurants']",33.711171,3.5,"['BusinessAcceptsCreditCards: True', 'GoodForKids: True', 'OutdoorSeating: False', 'RestaurantsAttire: casual', 'RestaurantsDelivery: False', 'RestaurantsGoodForGroups: False', 'RestaurantsPriceRange2: 1', 'RestaurantsReservations: False', 'RestaurantsTakeOut: True']",-112.20256,6645 W Happy Valley Rd,85310,AZ,1,x2zNQhp--YNQDnEEHVZtsQ,business
Brand Steakhouse,Las Vegas,481,"['Monday 17:0-22:0', 'Tuesday 17:0-22:0', 'Wednesday 17:0-22:0', 'Thursday 17:0-22:0', 'Friday 17:0-22:0', 'Saturday 17:0-22:0', 'Sunday 17:0-22:0']",The Strip,"['Nightlife', 'Steakhouses', 'American (Traditional)', 'Restaurants', 'Bars']",36.1047801463,4.0,"['Alcohol: full_bar', ""Ambience: {'romantic': False, 'intimate': False, 'classy': True, 'hipster': False, 'divey': False, 'touristy': False, 'trendy': False, 'upscale': False, 'casual': False}"", ""BestNights: {'monday': False, 'tuesday': False, 'friday': True, 'wednesday': True, 'thursday': True, 'sunday': False, 'saturday': False}"", 'BikeParking: False', 'BusinessAcceptsCreditCards: True', ""BusinessParking: {'garage': True, 'street': False, 'validated': False, 'lot': False, 'valet': False}"", 'Caters: False', 'CoatCheck: False', 'GoodForDancing: False', 'GoodForKids: False', ""GoodForMeal: {'dessert': False, 'latenight': False, 'lunch': False, 'dinner': True, 'breakfast': False, 'brunch': False}"", 'HappyHour: True', 'HasTV: False', ""Music: {'dj': False, 'background_music': False, 'no_music': False, 'karaoke': False, 'live': False, 'video': False, 'jukebox': False}"", 'NoiseLevel: average', 'OutdoorSeating: False', 'RestaurantsAttire: dressy', 'RestaurantsDelivery: False', 'RestaurantsGoodForGroups: True', 'RestaurantsPriceRange2: 3', 'RestaurantsReservations: True', 'RestaurantsTableService: True', 'RestaurantsTakeOut: False', 'Smoking: no', 'WheelchairAccessible: True', 'WiFi: free']",-115.17492681,3770 Las Vegas Blvd S,89109,NV,1,uuGlYAIvYAX1q1KhpY6dtA,business
Cuba Cafe,Las Vegas,261,"['Monday 11:0-21:0', 'Tuesday 11:0-21:0', 'Wednesday 11:0-21:0', 'Thursday 11:0-21:0', 'Friday 11:0-22:0', 'Saturday 11:0-22:0', 'Sunday 11:0-21:0']",Southeast,"['Tapas Bars', 'Cuban', 'Restaurants']",36.1002598,4.0,"['Alcohol: full_bar', ""Ambience: {'romantic': False, 'intimate': False, 'classy': False, 'hipster': False, 'divey': False, 'touristy': False, 'trendy': False, 'upscale': False, 'casual': True}"", 'BYOBCorkage: yes_free', 'BikeParking: True', 'BusinessAcceptsCreditCards: True', ""BusinessParking: {'garage': False, 'street': False, 'validated': False, 'lot': True, 'valet': False}"", 'Caters: True', 'Corkage: False', 'GoodForKids: True', ""GoodForMeal: {'dessert': False, 'latenight': False, 'lunch': True, 'dinner': True, 'breakfast': False, 'brunch': False}"", 'HasTV: True', 'NoiseLevel: average', 'OutdoorSeating: False', 'RestaurantsAttire: casual', 'RestaurantsDelivery: False', 'RestaurantsGoodForGroups: True', 'RestaurantsPriceRange2: 2', 'RestaurantsReservations: True', 'RestaurantsTableService: True', 'RestaurantsTakeOut: True', 'WheelchairAccessible: True', 'WiFi: no']",-115.1251555,2055 E Tropicana Ave,89119,NV,1,jmyvOW6G2T1fIePvajB4nQ,business
Sergio's Italian Gardens,Las Vegas,129,"['Monday 15:0-22:0', 'Tuesday 15:0-22:0', 'Wednesday 15:0-22:0', 'Thursday 15:0-22:0', 'Friday 15:0-23:0', 'Saturday 16:0-23:0', 'Sunday 16:0-23:0']",Southeast,"['Italian', 'Restaurants', 'Event Planning & Services', 'Venues & Event Spaces', 'Caterers']",36.100414,4.0,"['Alcohol: full_bar', ""Ambience: {'romantic': True, 'intimate': False, 'classy': False, 'hipster': False, 'divey': False, 'touristy': False, 'trendy': False, 'upscale': False, 'casual': False}"", 'BikeParking: True', 'BusinessAcceptsBitcoin: False', 'BusinessAcceptsCreditCards: True', ""BusinessParking: {'garage': False, 'street': False, 'validated': False, 'lot': True, 'valet': False}"", 'Caters: True', 'DogsAllowed: False', 'GoodForKids: True', ""GoodForMeal: {'dessert': False, 'latenight': False, 'lunch': False, 'dinner': True, 'breakfast': False, 'brunch': False}"", 'HasTV: True', 'NoiseLevel: quiet', 'OutdoorSeating: False', 'RestaurantsAttire: casual', 'RestaurantsDelivery: False', 'RestaurantsGoodForGroups: True', 'RestaurantsPriceRange2: 2', 'RestaurantsReservations: True', 'RestaurantsTableService: True', 'RestaurantsTakeOut: True', 'WheelchairAccessible: True', 'WiFi: free']",-115.1265829,1955 E Tropicana Ave,89119,NV,1,VYNriOotbFZ7Qj_6jwUB5g,business
Maison India,Montréal,28,"['Monday 11:30-14:30', 'Tuesday 11:30-14:30', 'Tuesday 17:0-22:0', 'Wednesday 11:30-14:30', 'Wednesday 17:0-22:30', 'Thursday 11:30-14:30', 'Thursday 17:0-22:30', 'Friday 11:30-14:30', 'Friday 17:0-23:0', 'Saturday 11:30-14:30', 'Saturday 17:0-23:0', 'Sunday 11:0-22:0']",Notre-Dame-de-Grâce,"['Indian', 'Restaurants']",45.4691158,4.0,"['Alcohol: full_bar', ""Ambience: {'romantic': False, 'intimate': False, 'classy': False, 'hipster': False, 'touristy': False, 'trendy': False, 'upscale': False, 'casual': True}"", 'BikeParking: True', 'BusinessAcceptsCreditCards: True', ""BusinessParking: {'garage': False, 'street': True, 'validated': False, 'lot': False, 'valet': False}"", 'Caters: True', 'DogsAllowed: False', 'GoodForKids: True', ""GoodForMeal: {'dessert': False, 'latenight': False, 'lunch': False, 'dinner': True, 'breakfast': False, 'brunch': False}"", 'HasTV: False', 'NoiseLevel: average', 'OutdoorSeating: True', 'RestaurantsAttire: casual', 'RestaurantsDelivery: True', 'RestaurantsGoodForGroups: True', 'RestaurantsPriceRange2: 2', 'RestaurantsReservations: True', 'RestaurantsTableService: True', 'RestaurantsTakeOut: True', 'WiFi: no']",-73.6181223,5868 Rue Sherbrooke Ouest,H4A 1X5,QC,1,DrdhxvpwlZGhwF5vTR_QnA,business
Calabria Bakery,Markham,11,"['Monday 8:0-20:0', 'Tuesday 8:0-20:0', 'Wednesday 8:0-20:0', 'Thursday 8:0-20:0', 'Friday 8:0-20:0', 'Saturday 8:0-19:0']",Unionville,"['Restaurants', 'Bakeries', 'Italian', 'Coffee & Tea', 'Food']",43.870748,3.5,"['Alcohol: none', ""Ambience: {'romantic': False, 'intimate': False, 'classy': False, 'hipster': False, 'touristy': False, 'trendy': False, 'upscale': False, 'casual': False}"", 'BikeParking: False', 'BusinessAcceptsCreditCards: True', 'Caters: True', 'GoodForKids: True', ""GoodForMeal: {'dessert': False, 'latenight': False, 'lunch': False, 'dinner': False, 'breakfast': False, 'brunch': False}"", 'HasTV: True', 'NoiseLevel: average', 'OutdoorSeating: False', 'RestaurantsAttire: casual', 'RestaurantsDelivery: False', 'RestaurantsGoodForGroups: False', 'RestaurantsPriceRange2: 1', 'RestaurantsReservations: False', 'RestaurantsTableService: False', 'RestaurantsTakeOut: True', 'WiFi: no']",-79.2701198,5694 Highway 7 E,L3P 1B1,ON,1,2PrumlGyBhyqzS4m96FYtQ,business
Tully's Coffee,Glendale,6,,,"['Restaurants', 'Food', 'American (New)', 'Coffee & Tea']",33.5343515,3.0,"['Alcohol: none', ""GoodForMeal: {'dessert': False, 'latenight': False, 'lunch': False, 'dinner': False, 'breakfast': False, 'brunch': False}"", 'HasTV: False', 'NoiseLevel: quiet', 'OutdoorSeating: True', 'RestaurantsAttire: casual', 'RestaurantsDelivery: False', 'RestaurantsPriceRange2: 1', 'RestaurantsReservations: False', 'RestaurantsTableService: False', 'WheelchairAccessible: True']",-112.2618192,"9404 W Westgate Blvd, Ste C103",85305,AZ,0,CyWsCnkl2rEktQnVCZRA4w,business
Bentley's Bar and Grill,Las Vegas,23,"['Monday 0:0-0:0', 'Tuesday 0:0-0:0', 'Wednesday 0:0-0:0', 'Thursday 0:0-0:0', 'Friday 0:0-0:0', 'Saturday 0:0-0:0', 'Sunday 0:0-0:0']",Southeast,"['Pizza', 'Restaurants', 'Food', 'Bars', 'Sports Bars', 'American (Traditional)', 'Nightlife', 'Beer', 'Wine & Spirits']",36.071911773,3.0,"['Alcohol: full_bar', ""Ambience: {'romantic': False, 'intimate': False, 'classy': False, 'hipster': False, 'divey': False, 'touristy': False, 'trendy': False, 'upscale': False, 'casual': False}"", 'BikeParking: True', 'BusinessAcceptsCreditCards: True', ""BusinessParking: {'garage': False, 'street': False, 'validated': False, 'lot': False, 'valet': False}"", 'Caters: True', 'GoodForKids: True', ""GoodForMeal: {'dessert': False, 'latenight': False, 'lunch': False, 'dinner': False, 'breakfast': False, 'brunch': True}"", 'HasTV: True', 'NoiseLevel: average', 'OutdoorSeating: True', 'RestaurantsAttire: casual', 'RestaurantsDelivery: False', 'RestaurantsGoodForGroups: True', 'RestaurantsPriceRange2: 2', 'RestaurantsReservations: False', 'RestaurantsTableService: True', 'RestaurantsTakeOut: True', 'Smoking: yes']",-115.114002787,2640 E Sunset Rd,89120,NV,1,Erj_jPPdF3IupgNS1Yfm4w,business
One Life Raw Juice Bar,Charlotte,23,"['Monday 9:0-14:0', 'Tuesday 8:0-18:0', 'Wednesday 8:0-18:0', 'Thursday 8:0-18:0', 'Friday 8:0-18:0', 'Saturday 8:0-17:0', 'Sunday 9:0-15:0']",,"['Restaurants', 'Live/Raw Food', 'Vegan', 'Food', 'Juice Bars & Smoothies', 'Organic Stores']",35.1731814,4.5,"['Alcohol: none', ""Ambience: {'romantic': False, 'intimate': False, 'classy': False, 'hipster': False, 'divey': False, 'touristy': False, 'trendy': False, 'upscale': False, 'casual': False}"", 'BikeParking: True', 'BusinessAcceptsCreditCards: True', ""BusinessParking: {'garage': False, 'street': False, 'validated': False, 'lot': False, 'valet': False}"", 'DogsAllowed: False', 'GoodForKids: True', 'HasTV: True', 'NoiseLevel: average', 'OutdoorSeating: False', 'RestaurantsAttire: casual', 'RestaurantsDelivery: True', 'RestaurantsPriceRange2: 1', 'RestaurantsReservations: False', 'RestaurantsTableService: False', 'RestaurantsTakeOut: True', 'WheelchairAccessible: True', 'WiFi: free', ""GoodForMeal: {'dessert': False, 'latenight': False, 'lunch': False, 'dinner': False, 'breakfast': True, 'brunch': True}"", 'RestaurantsGoodForGroups: False']",-80.8400346,2927 Selwyn Ave,28209,NC,1,GbCoZiJLPbI-7bu0awyoZQ,business
Mad Mex,Canonsburg,21,"['Monday 11:0-0:0', 'Tuesday 11:0-0:0', 'Wednesday 11:0-0:0', 'Thursday 11:0-0:0', 'Friday 11:0-0:0', 'Saturday 11:0-0:0', 'Sunday 11:0-0:0']",,"['Tex-Mex', 'Restaurants', 'Mexican', 'American (New)']",40.2691767,4.0,"['Alcohol: full_bar', ""Ambience: {'romantic': False, 'intimate': False, 'classy': False, 'hipster': False, 'divey': False, 'touristy': False, 'trendy': False, 'upscale': False, 'casual': False}"", 'BikeParking: False', 'BusinessAcceptsCreditCards: True', ""BusinessParking: {'garage': False, 'street': False, 'validated': False, 'lot': True, 'valet': False}"", 'GoodForKids: True', ""GoodForMeal: {'dessert': False, 'latenight': False, 'lunch': False, 'dinner': False, 'breakfast': False, 'brunch': False}"", 'HasTV: True', 'NoiseLevel: loud', 'OutdoorSeating: True', 'RestaurantsAttire: casual', 'RestaurantsDelivery: False', 'RestaurantsGoodForGroups: True', 'RestaurantsPriceRange2: 2', 'RestaurantsReservations: False', 'RestaurantsTableService: True', 'RestaurantsTakeOut: False', 'WiFi: free', 'Caters: False']",-80.1331308,200 N Lakeside Dr,15317,PA,1,bbovSsUMkTXQSIVNBa9moQ,business
Lion Pavilion Hot Pot,Markham,4,"['Monday 12:0-23:0', 'Tuesday 12:0-23:0', 'Wednesday 12:0-23:0', 'Thursday 12:0-23:0', 'Friday 12:0-0:0', 'Saturday 12:0-0:0', 'Sunday 12:0-23:0']",Unionville,"['Hot Pot', 'Restaurants', 'Chinese']",43.8607259,4.0,"['Alcohol: beer_and_wine', 'Caters: False', 'GoodForKids: True', 'HasTV: True', 'NoiseLevel: average', 'RestaurantsAttire: casual', 'RestaurantsDelivery: False', 'RestaurantsGoodForGroups: True', 'RestaurantsPriceRange2: 2', 'RestaurantsReservations: True', 'RestaurantsTableService: True', 'RestaurantsTakeOut: False', 'WiFi: free', ""GoodForMeal: {'dessert': False, 'latenight': False, 'lunch': False, 'dinner': True, 'breakfast': False, 'brunch': False}""]",-79.304713,"8380 Kennedy Road, Unit C7 - C13",L3R 0W4,ON,1,f5xm2RiwLv0gbmXU4BkrGA,business
Cam's Place,Toronto,17,,,"['Nightlife', 'Restaurants', 'Bars', 'Pubs']",43.7158217,4.0,"['Alcohol: full_bar', ""Ambience: {'romantic': False, 'intimate': False, 'classy': False, 'hipster': False, 'touristy': False, 'trendy': False, 'upscale': False, 'casual': True}"", ""BestNights: {'monday': False, 'tuesday': False, 'friday': True, 'wednesday': False, 'thursday': False, 'sunday': True, 'saturday': False}"", 'BikeParking: True', 'BusinessAcceptsCreditCards: True', ""BusinessParking: {'garage': False, 'street': True, 'validated': False, 'lot': False, 'valet': False}"", 'CoatCheck: False', 'GoodForDancing: False', 'HappyHour: True', 'HasTV: True', ""Music: {'dj': True, 'background_music': False, 'no_music': False, 'karaoke': False, 'live': False, 'video': False, 'jukebox': False}"", 'NoiseLevel: average', 'OutdoorSeating: True', 'RestaurantsGoodForGroups: True', 'RestaurantsPriceRange2: 2', 'RestaurantsReservations: True', 'Smoking: outdoor']",-79.4001117,2655 Yonge Street,M4P,ON,0,vT2xTEIk9u6t6a8_N2YU7Q,business
The Original Barrio Fiesta,North York,14,"['Monday 11:0-21:0', 'Tuesday 11:0-21:0', 'Wednesday 11:0-21:0', 'Thursday 11:0-21:0', 'Friday 11:0-22:0', 'Saturday 11:0-22:0', 'Sunday 11:0-22:0']",,"['Filipino', 'Restaurants', 'Asian Fusion']",43.785159,3.0,"['Alcohol: beer_and_wine', ""Ambience: {'romantic': False, 'intimate': False, 'classy': False, 'hipster': False, 'touristy': False, 'trendy': False, 'upscale': False, 'casual': False}"", 'BikeParking: True', 'BusinessAcceptsCreditCards: True', ""BusinessParking: {'garage': False, 'street': True, 'validated': False, 'lot': False, 'valet': False}"", 'Caters: True', 'GoodForKids: True', ""GoodForMeal: {'dessert': False, 'latenight': False, 'lunch': False, 'dinner': False, 'breakfast': False, 'brunch': True}"", 'HasTV: True', 'NoiseLevel: average', 'OutdoorSeating: False', 'RestaurantsAttire: casual', 'RestaurantsDelivery: True', 'RestaurantsGoodForGroups: True', 'RestaurantsPriceRange2: 2', 'RestaurantsReservations: True', 'RestaurantsTableService: True', 'RestaurantsTakeOut: True', 'WheelchairAccessible: True', 'WiFi: free']",-79.4776221,"Riocan Market Place, 2215 Steeles Avenue W",M3J 3N2,ON,1,7sMxjqfidcS1VTqdXBWhnA,business
Za's Italian Cafe,Champaign,29,"['Monday 11:0-20:30', 'Tuesday 11:0-20:30', 'Wednesday 11:0-20:30', 'Thursday 11:0-20:30', 'Friday 11:0-21:30', 'Saturday 11:0-21:30', 'Sunday 11:0-20:0']",,"['Italian', 'Restaurants']",40.1399247,3.0,"['Alcohol: none', ""Ambience: {'romantic': False, 'intimate': False, 'classy': False, 'hipster': False, 'divey': False, 'touristy': False, 'trendy': False, 'upscale': False, 'casual': True}"", 'BikeParking: False', 'BusinessAcceptsCreditCards: True', ""BusinessParking: {'garage': False, 'street': False, 'validated': False, 'lot': True, 'valet': False}"", 'Caters: True', 'GoodForKids: True', ""GoodForMeal: {'dessert': False, 'latenight': False, 'lunch': True, 'dinner': False, 'breakfast': False, 'brunch': False}"", 'HasTV: False', 'NoiseLevel: average', 'OutdoorSeating: False', 'RestaurantsAttire: casual', 'RestaurantsDelivery: False', 'RestaurantsGoodForGroups: True', 'RestaurantsPriceRange2: 1', 'RestaurantsReservations: False', 'RestaurantsTableService: False', 'RestaurantsTakeOut: True', 'WheelchairAccessible: True', 'WiFi: free']",-88.2458532,1905 N Neil St,61820,IL,1,2YnUIGGmhoJX4Cd61nQLkg,business
Chick-fil-A,Concord,14,"['Monday 6:30-22:0', 'Tuesday 6:30-22:0', 'Wednesday 6:30-22:0', 'Thursday 6:30-22:0', 'Friday 6:30-22:0', 'Saturday 6:30-22:0']",,"['Fast Food', 'Restaurants']",35.419773,4.5,"['Alcohol: none', 'BikeParking: True', 'BusinessAcceptsCreditCards: True', ""BusinessParking: {'garage': False, 'street': False, 'validated': False, 'lot': True, 'valet': False}"", 'DriveThru: True', 'GoodForKids: True', 'HasTV: False', 'NoiseLevel: average', 'OutdoorSeating: False', 'RestaurantsAttire: casual', 'RestaurantsDelivery: False', 'RestaurantsGoodForGroups: True', 'RestaurantsPriceRange2: 1', 'RestaurantsReservations: False', 'RestaurantsTableService: False', 'RestaurantsTakeOut: True', 'WiFi: free', ""Ambience: {'romantic': False, 'intimate': False, 'classy': False, 'hipster': False, 'divey': False, 'touristy': False, 'trendy': False, 'upscale': False, 'casual': True}"", ""GoodForMeal: {'dessert': False, 'latenight': False, 'lunch': True, 'dinner': False, 'breakfast': True, 'brunch': False}"", 'Caters: True']",-80.675218,6061 Bayfield Pkwy,28027,NC,1,-8fOqUWFX_1qiKggIt5LnA,business
Golden Gate Restaurant,Clairton,3,,,['Restaurants'],40.293445,3.0,"[""Ambience: {'romantic': False, 'intimate': False, 'classy': False, 'hipster': False, 'divey': False, 'touristy': False, 'trendy': False, 'upscale': False, 'casual': False}"", 'OutdoorSeating: False', 'RestaurantsTakeOut: True']",-79.889271,700 Saint Clair Ave,15025,PA,1,dmiSOfKvwfjNHMQddKGG_Q,business
Nicky's Kitchen,Charlotte,7,,,"['Breakfast & Brunch', 'Restaurants']",35.236271,4.0,"['Alcohol: none', ""Ambience: {'romantic': False, 'intimate': False, 'classy': False, 'hipster': False, 'divey': False, 'touristy': False, 'trendy': False, 'upscale': False, 'casual': False}"", 'BikeParking: True', 'BusinessAcceptsCreditCards: True', ""BusinessParking: {'garage': False, 'street': False, 'validated': False, 'lot': False, 'valet': False}"", 'Caters: False', 'GoodForKids: True', ""GoodForMeal: {'dessert': False, 'latenight': False, 'lunch': False, 'dinner': False, 'breakfast': False, 'brunch': False}"", 'HasTV: True', 'NoiseLevel: quiet', 'OutdoorSeating: False', 'RestaurantsAttire: casual', 'RestaurantsDelivery: False', 'RestaurantsGoodForGroups: True', 'RestaurantsPriceRange2: 1', 'RestaurantsReservations: False', 'RestaurantsTableService: True', 'RestaurantsTakeOut: True', 'WiFi: no']",-80.878586,2416 Freedom Dr,28208,NC,1,-hTlljcZfYbLuv9pInIZhg,business
Whisky River at the Airport,Charlotte,70,,,"['Restaurants', 'Southern', 'Barbeque']",35.2231187519,2.5,"['Alcohol: full_bar', 'BikeParking: False', 'BusinessAcceptsCreditCards: True', 'Caters: False', 'GoodForKids: False', 'HasTV: True', 'OutdoorSeating: False', 'RestaurantsAttire: casual', 'RestaurantsDelivery: False', 'RestaurantsGoodForGroups: True', 'RestaurantsPriceRange2: 2', 'RestaurantsReservations: False', 'RestaurantsTableService: True', 'RestaurantsTakeOut: True', 'WiFi: free', ""GoodForMeal: {'dessert': False, 'latenight': False, 'lunch': True, 'dinner': False, 'breakfast': True, 'brunch': False}"", ""Ambience: {'romantic': False, 'intimate': False, 'classy': False, 'hipster': False, 'divey': False, 'touristy': True, 'trendy': False, 'upscale': False, 'casual': False}""]",-80.9403813657,"5501 Josh Birmingham Pkwy, Concourse E",28208,NC,1,cMHgw40ldvUBxTYNeZjHQg,business
The Sushi Bar,Toronto,16,,,"['Sushi Bars', 'Japanese', 'Restaurants']",43.7318497,4.0,"['Alcohol: none', ""Ambience: {'romantic': False, 'intimate': False, 'classy': False, 'hipster': False, 'touristy': False, 'trendy': False, 'upscale': False, 'casual': False}"", 'BusinessAcceptsCreditCards: True', ""BusinessParking: {'garage': False, 'street': True, 'validated': False, 'lot': False, 'valet': False}"", 'GoodForKids: True', ""GoodForMeal: {'dessert': False, 'latenight': False, 'lunch': True, 'dinner': True, 'breakfast': False, 'brunch': False}"", 'HasTV: True', 'NoiseLevel: quiet', 'OutdoorSeating: False', 'RestaurantsAttire: casual', 'RestaurantsDelivery: True', 'RestaurantsGoodForGroups: True', 'RestaurantsPriceRange2: 2', 'RestaurantsReservations: True', 'RestaurantsTableService: True', 'RestaurantsTakeOut: True', 'WheelchairAccessible: False']",-79.4035568,3369 Yonge Street,M4N 2M6,ON,0,SN0-O-CuIsyZf3LGZVEUAw,business
Krystos Modern Greek Cuisine,Toronto,28,"['Monday 11:30-21:0', 'Tuesday 11:30-21:0', 'Wednesday 11:30-21:0', 'Thursday 11:30-22:0', 'Friday 11:30-23:0', 'Saturday 12:0-23:0', 'Sunday 12:0-21:0']",,"['Greek', 'Restaurants']",43.7187157,3.5,"['Alcohol: full_bar', ""Ambience: {'romantic': False, 'intimate': False, 'classy': False, 'hipster': False, 'touristy': False, 'trendy': False, 'upscale': False, 'casual': True}"", 'BikeParking: True', 'BusinessAcceptsCreditCards: True', ""BusinessParking: {'garage': False, 'street': False, 'validated': False, 'lot': True, 'valet': False}"", 'Caters: True', 'GoodForKids: True', ""GoodForMeal: {'dessert': False, 'latenight': False, 'lunch': True, 'dinner': True, 'breakfast': False, 'brunch': False}"", 'HasTV: True', 'NoiseLevel: average', 'OutdoorSeating: True', 'RestaurantsAttire: casual', 'RestaurantsDelivery: True', 'RestaurantsGoodForGroups: True', 'RestaurantsPriceRange2: 2', 'RestaurantsReservations: True', 'RestaurantsTableService: True', 'RestaurantsTakeOut: True', 'WheelchairAccessible: True', 'WiFi: no']",-79.4563123,"3200 Dufferin Street, Unit 22",M6A 3B2,ON,1,3etJqAlwlr8km-MXTOBIFQ,business
Rush Espresso Cafe and Wine Bar,Charlotte,164,"['Monday 6:0-20:0', 'Tuesday 6:0-20:0', 'Wednesday 6:0-1:0', 'Thursday 6:0-22:0', 'Friday 6:0-1:0', 'Saturday 6:0-1:0', 'Sunday 6:0-22:0']",Ballantyne,"['Restaurants', 'Cafes', 'Food', 'Coffee & Tea', 'Bars', 'Wine Bars', 'Breakfast & Brunch', 'Nightlife']",35.0541188,4.5,"['Alcohol: beer_and_wine', ""Ambience: {'romantic': False, 'intimate': False, 'classy': False, 'hipster': False, 'divey': False, 'touristy': False, 'trendy': False, 'upscale': False, 'casual': False}"", ""BestNights: {'monday': False, 'tuesday': False, 'friday': False, 'wednesday': False, 'thursday': False, 'sunday': False, 'saturday': True}"", 'BikeParking: True', 'BusinessAcceptsCreditCards: True', ""BusinessParking: {'garage': True, 'street': False, 'validated': False, 'lot': False, 'valet': False}"", 'Caters: True', 'CoatCheck: False', 'GoodForDancing: True', 'GoodForKids: True', 'HappyHour: True', 'HasTV: False', ""Music: {'dj': False, 'background_music': False, 'no_music': False, 'karaoke': False, 'live': False, 'video': False, 'jukebox': False}"", 'NoiseLevel: average', 'OutdoorSeating: True', 'RestaurantsAttire: casual', 'RestaurantsDelivery: False', 'RestaurantsGoodForGroups: True', 'RestaurantsPriceRange2: 1', 'RestaurantsReservations: True', 'RestaurantsTableService: False', 'RestaurantsTakeOut: True', 'WiFi: free', ""GoodForMeal: {'dessert': False, 'latenight': False, 'lunch': True, 'dinner': False, 'breakfast': True, 'brunch': True}""]",-80.8519401,"14825 Ballantyne Village Way, Ste 135",28277,NC,1,uejutOD4_-IUaY5cKkpezg,business
Batuqui,Cleveland,45,"['Tuesday 17:0-22:0', 'Wednesday 17:0-22:0', 'Thursday 17:0-22:0', 'Friday 17:0-22:30', 'Saturday 17:0-22:30', 'Sunday 15:0-21:0']",,"['Restaurants', 'Brazilian', 'Tapas/Small Plates', 'Salad', 'Tapas Bars']",41.4874525269,4.5,"['Alcohol: full_bar', ""Ambience: {'romantic': False, 'intimate': False, 'classy': False, 'hipster': False, 'divey': False, 'touristy': False, 'trendy': False, 'upscale': False, 'casual': False}"", 'BikeParking: False', 'BusinessAcceptsCreditCards: True', 'GoodForKids: False', ""GoodForMeal: {'dessert': True, 'latenight': False, 'lunch': False, 'dinner': False, 'breakfast': False, 'brunch': False}"", 'NoiseLevel: quiet', 'OutdoorSeating: False', 'RestaurantsAttire: casual', 'RestaurantsDelivery: False', 'RestaurantsGoodForGroups: True', 'RestaurantsPriceRange2: 2', 'RestaurantsReservations: True', 'RestaurantsTableService: True', 'RestaurantsTakeOut: True', 'WiFi: no', 'HasTV: True', ""BusinessParking: {'garage': False, 'street': False, 'validated': False, 'lot': False, 'valet': False}""]",-81.5941883093,12706 Larchmere Blvd,44120,OH,1,YVkcZQEfH0qQRtN86CoSDQ,business
Meatballz,Phoenix,16,,,"['Italian', 'Restaurants']",33.508736,4.0,"['Alcohol: none', 'BusinessAcceptsCreditCards: True', ""BusinessParking: {'garage': False, 'street': False, 'validated': False, 'lot': True, 'valet': False}"", 'GoodForKids: True', ""GoodForMeal: {'dessert': False, 'latenight': False, 'lunch': False, 'dinner': True, 'breakfast': False, 'brunch': False}"", 'OutdoorSeating: True', 'RestaurantsAttire: casual', 'RestaurantsDelivery: False', 'RestaurantsGoodForGroups: True', 'RestaurantsPriceRange2: 1', 'RestaurantsReservations: False', 'RestaurantsTableService: False', 'RestaurantsTakeOut: True', 'WheelchairAccessible: True']",-112.041489,1935 E. Camelback Rd.,85016,AZ,0,f_MsP_ohwcNvHk6qGv5CdA,business
Murdock Meals,Las Vegas,4,"['Monday 7:0-19:0', 'Tuesday 7:0-19:0', 'Wednesday 7:0-19:0', 'Thursday 7:0-19:0', 'Friday 7:0-19:0', 'Saturday 7:0-19:0', 'Sunday 7:0-19:0']",Spring Valley,"['Food', 'Health & Medical', 'Health Markets', 'Restaurants', 'Food Delivery Services', 'Specialty Food', 'Home Services', 'Desserts', 'Weight Loss Centers', 'American (New)']",36.0612353,5.0,"['BusinessAcceptsCreditCards: True', ""GoodForMeal: {'dessert': False, 'latenight': False, 'lunch': False, 'dinner': False, 'breakfast': False, 'brunch': False}"", 'RestaurantsPriceRange2: 1', 'RestaurantsTableService: False']",-115.2896852,,89148,NV,1,y-O3h7CV6X6P5ey1ZFcQwA,business
Le Slang Labo à Manger,Montréal,15,"['Monday 17:0-23:0', 'Tuesday 17:0-23:0', 'Wednesday 17:0-23:0', 'Thursday 17:0-23:0', 'Friday 17:0-23:0', 'Saturday 17:0-23:0']",Notre-Dame-de-Grâce,"['Nightlife', 'Canadian (New)', 'International', 'Bars', 'Restaurants']",45.4748965,4.0,"['Alcohol: full_bar', ""Ambience: {'romantic': False, 'intimate': False, 'classy': False, 'hipster': False, 'touristy': False, 'trendy': False, 'upscale': False, 'casual': False}"", 'BikeParking: True', 'BusinessAcceptsCreditCards: True', ""BusinessParking: {'garage': False, 'street': False, 'validated': False, 'lot': False, 'valet': False}"", 'CoatCheck: True', 'GoodForDancing: False', 'GoodForKids: False', ""GoodForMeal: {'dessert': False, 'latenight': False, 'lunch': False, 'dinner': False, 'breakfast': False, 'brunch': False}"", 'HasTV: False', 'NoiseLevel: average', 'OutdoorSeating: True', 'RestaurantsAttire: casual', 'RestaurantsDelivery: False', 'RestaurantsGoodForGroups: True', 'RestaurantsPriceRange2: 3', 'RestaurantsReservations: True', 'RestaurantsTableService: True', 'RestaurantsTakeOut: False', 'Smoking: outdoor', 'WiFi: no']",-73.6237158,5669 Avenue de Monkland,H4A 1E4,QC,0,nGJfnTKRz56ZvT8IcB7ToQ,business
New York Chicken,Toronto,7,,Bloordale Village,"['Restaurants', 'Fast Food']",43.6584011,1.5,"['Alcohol: none', ""BusinessParking: {'garage': False, 'street': False, 'validated': False, 'lot': False, 'valet': False}"", ""GoodForMeal: {'dessert': False, 'latenight': False, 'lunch': False, 'dinner': False, 'breakfast': False, 'brunch': False}"", 'HasTV: False', 'NoiseLevel: average', 'OutdoorSeating: False', 'RestaurantsAttire: casual', 'RestaurantsDelivery: False', 'RestaurantsGoodForGroups: False', 'RestaurantsPriceRange2: 1', 'RestaurantsTableService: False', 'RestaurantsTakeOut: True', 'WiFi: no']",-79.4423819,1281 Bloor Street W,M6H 1N7,ON,0,PaQ1345Hm9dW6f07TkyvUQ,business
Azarias,Toronto,46,"['Monday 16:0-23:0', 'Tuesday 16:0-23:0', 'Wednesday 16:0-23:0', 'Thursday 16:0-23:0', 'Friday 16:0-23:0', 'Saturday 16:0-23:0']",Etobicoke,"['Canadian (New)', 'Gastropubs', 'Beer', 'Wine & Spirits', 'Restaurants', 'Food']",43.6469981,4.5,"['Alcohol: full_bar', ""Ambience: {'romantic': False, 'intimate': False, 'classy': False, 'hipster': False, 'touristy': False, 'trendy': True, 'upscale': False, 'casual': False}"", 'BikeParking: True', 'BusinessAcceptsCreditCards: True', ""BusinessParking: {'garage': False, 'street': True, 'validated': False, 'lot': False, 'valet': False}"", 'Caters: False', 'GoodForKids: False', ""GoodForMeal: {'dessert': False, 'latenight': False, 'lunch': False, 'dinner': True, 'breakfast': False, 'brunch': False}"", 'HasTV: True', 'NoiseLevel: average', 'OutdoorSeating: False', 'RestaurantsAttire: casual', 'RestaurantsDelivery: False', 'RestaurantsGoodForGroups: True', 'RestaurantsReservations: True', 'RestaurantsTableService: True', 'RestaurantsTakeOut: False', 'WiFi: free', 'RestaurantsPriceRange2: 2']",-79.5131954,3058 Bloor Street W,M8X 1C4,ON,1,zeOJYl5UW4D5u3Vcj6QAoA,business
Sciulli's Pizza,Pittsburgh,9,"['Monday 11:0-19:0', 'Tuesday 11:0-19:0', 'Wednesday 11:0-19:0', 'Thursday 11:0-19:0', 'Friday 11:0-19:0', 'Saturday 11:0-16:0']",Oakland,"['Restaurants', 'Pizza']",40.439118,4.5,"['Alcohol: none', ""Ambience: {'romantic': False, 'intimate': False, 'classy': False, 'hipster': False, 'divey': False, 'touristy': False, 'trendy': False, 'upscale': False, 'casual': False}"", 'BusinessAcceptsCreditCards: False', ""BusinessParking: {'garage': False, 'street': False, 'validated': False, 'lot': False, 'valet': False}"", 'GoodForKids: True', ""GoodForMeal: {'dessert': False, 'latenight': False, 'lunch': True, 'dinner': False, 'breakfast': False, 'brunch': False}"", 'HasTV: True', 'OutdoorSeating: False', 'RestaurantsAttire: casual', 'RestaurantsDelivery: False', 'RestaurantsGoodForGroups: True', 'RestaurantsPriceRange2: 1', 'RestaurantsReservations: False', 'RestaurantsTableService: False', 'RestaurantsTakeOut: True', 'WheelchairAccessible: True', 'WiFi: no']",-79.961792,3404 5th Ave,15213,PA,1,a3ZqjElMgAe924sbXZVcvA,business
Le Serpent,Montréal,75,"['Monday 18:0-23:0', 'Tuesday 11:30-14:0', 'Tuesday 18:0-23:0', 'Wednesday 11:30-14:0', 'Wednesday 18:0-23:0', 'Thursday 11:30-14:0', 'Thursday 18:0-23:0', 'Friday 11:30-14:0', 'Friday 18:0-23:0', 'Saturday 18:0-23:0']",Ville-Marie,"['Italian', 'Restaurants', 'Canadian (New)', 'French']",45.4976464,4.5,"['Alcohol: full_bar', ""Ambience: {'romantic': False, 'intimate': False, 'classy': False, 'hipster': False, 'touristy': False, 'trendy': True, 'upscale': False, 'casual': False}"", 'BikeParking: False', 'BusinessAcceptsCreditCards: True', ""BusinessParking: {'garage': False, 'street': True, 'validated': False, 'lot': False, 'valet': False}"", 'Caters: True', 'GoodForKids: False', ""GoodForMeal: {'dessert': False, 'latenight': False, 'lunch': True, 'dinner': False, 'breakfast': False, 'brunch': False}"", 'HasTV: False', 'NoiseLevel: loud', 'OutdoorSeating: False', 'RestaurantsAttire: dressy', 'RestaurantsDelivery: False', 'RestaurantsGoodForGroups: True', 'RestaurantsPriceRange2: 3', 'RestaurantsReservations: True', 'RestaurantsTableService: True', 'RestaurantsTakeOut: False', 'WiFi: no']",-73.5571328,257 Rue Prince,H3C 2N4,QC,1,-Mz3M0g6iFZczs6a7ddf5g,business
The Doric,Edinburgh,49,"['Monday 12:0-22:0', 'Tuesday 12:0-22:0', 'Wednesday 12:0-22:0', 'Thursday 12:0-22:0', 'Friday 12:0-22:30', 'Saturday 12:0-22:30', 'Sunday 12:0-22:0']",Royal Mile,"['Gastropubs', 'Pubs', 'Bars', 'Nightlife', 'Restaurants', 'Scottish']",55.9508962823,4.0,"['Alcohol: full_bar', ""Ambience: {'romantic': False, 'intimate': False, 'classy': False, 'hipster': False, 'touristy': False, 'trendy': False, 'upscale': False, 'casual': False}"", 'BikeParking: True', 'BusinessAcceptsBitcoin: False', 'BusinessAcceptsCreditCards: True', ""BusinessParking: {'garage': False, 'street': True, 'lot': False, 'valet': False}"", 'Caters: False', 'CoatCheck: True', 'DogsAllowed: False', 'GoodForDancing: False', 'GoodForKids: False', ""GoodForMeal: {'dessert': False, 'latenight': False, 'lunch': False, 'dinner': False, 'breakfast': False, 'brunch': False}"", 'HappyHour: False', 'HasTV: True', ""Music: {'dj': False, 'background_music': False, 'no_music': False, 'karaoke': False, 'live': False, 'video': False, 'jukebox': False}"", 'NoiseLevel: average', 'OutdoorSeating: False', 'RestaurantsAttire: casual', 'RestaurantsDelivery: False', 'RestaurantsGoodForGroups: True', 'RestaurantsPriceRange2: 2', 'RestaurantsReservations: True', 'RestaurantsTableService: True', 'RestaurantsTakeOut: False', 'Smoking: no', 'WheelchairAccessible: False', 'WiFi: no']",-3.190759422,15-16 Market Street,EH1 1DE,EDH,1,MuVIpRAEkNfRnmhsPTdl3A,business
The Pompadour by Galvin,Edinburgh,8,"['Tuesday 18:0-22:0', 'Wednesday 18:0-22:0', 'Thursday 18:0-22:0', 'Friday 12:0-14:30', 'Saturday 18:0-22:0']",Old Town,"['French', 'Restaurants', 'Scottish']",55.949726,4.5,"['Alcohol: full_bar', ""Ambience: {'romantic': False, 'intimate': False, 'classy': False, 'hipster': False, 'touristy': False, 'trendy': False, 'upscale': False, 'casual': False}"", 'BusinessAcceptsCreditCards: True', ""BusinessParking: {'garage': False, 'street': False, 'lot': False, 'valet': False}"", 'Caters: True', 'GoodForKids: False', ""GoodForMeal: {'dessert': False, 'latenight': False, 'lunch': False, 'dinner': False, 'breakfast': False, 'brunch': False}"", 'HasTV: False', 'NoiseLevel: quiet', 'OutdoorSeating: False', 'RestaurantsAttire: dressy', 'RestaurantsDelivery: False', 'RestaurantsGoodForGroups: True', 'RestaurantsReservations: True', 'RestaurantsTableService: True', 'RestaurantsTakeOut: False', 'WiFi: free', 'RestaurantsPriceRange2: 3']",-3.207239,"Waldorf Astoria - The Caledonian, Princes Street",EH1 2AB,EDH,1,_ktENpyAriCyBBrQaZIG7w,business
Mermaid Fish and Grill House,Toronto,69,"['Monday 13:0-22:0', 'Tuesday 13:0-22:0', 'Wednesday 13:0-22:0', 'Thursday 13:0-22:0', 'Friday 12:0-23:0', 'Saturday 12:0-23:0', 'Sunday 12:0-22:0']",Scarborough,"['Seafood', 'Fish & Chips', 'Halal', 'Mediterranean', 'Restaurants']",43.7427617885,4.5,"['Alcohol: none', ""Ambience: {'romantic': False, 'intimate': False, 'classy': False, 'hipster': False, 'touristy': False, 'trendy': False, 'upscale': False, 'casual': True}"", 'BikeParking: True', 'BusinessAcceptsCreditCards: True', ""BusinessParking: {'garage': False, 'street': False, 'validated': False, 'lot': True, 'valet': False}"", 'Caters: True', 'GoodForKids: True', ""GoodForMeal: {'dessert': False, 'latenight': False, 'lunch': True, 'dinner': True, 'breakfast': False, 'brunch': False}"", 'HasTV: False', 'NoiseLevel: average', 'OutdoorSeating: False', 'RestaurantsAttire: casual', 'RestaurantsDelivery: True', 'RestaurantsGoodForGroups: True', 'RestaurantsPriceRange2: 2', 'RestaurantsReservations: True', 'RestaurantsTableService: True', 'RestaurantsTakeOut: True', 'WiFi: free']",-79.3082256312,1748 Lawrence Avenue E,M1R 2Y1,ON,1,nD3FyISCri8uLP0NJY5CZA,business
Little Caesars,Surprise,11,"['Monday 10:30-22:0', 'Tuesday 10:30-22:0', 'Wednesday 10:30-22:0', 'Thursday 10:30-22:0', 'Friday 10:30-23:0', 'Saturday 10:30-23:0', 'Sunday 10:30-22:0']",,"['Restaurants', 'Pizza']",33.6090115,2.0,"['BusinessAcceptsCreditCards: True', 'GoodForKids: True', ""GoodForMeal: {'dessert': False, 'latenight': False, 'lunch': False, 'dinner': False, 'breakfast': False, 'brunch': False}"", 'OutdoorSeating: False', 'RestaurantsAttire: casual', 'RestaurantsDelivery: False', 'RestaurantsGoodForGroups: True', 'RestaurantsPriceRange2: 1', 'RestaurantsReservations: False', 'RestaurantsTakeOut: True']",-112.3926022,"15423 W Waddell Rd, Ste 104",85379,AZ,1,hAULuvJWqgH9Wkb4ZhG9cg,business
Nanay Gloria's,Las Vegas,128,"['Monday 9:0-20:0', 'Tuesday 9:0-20:0', 'Wednesday 9:0-20:0', 'Thursday 9:0-20:0', 'Friday 9:0-20:0', 'Saturday 9:0-20:0', 'Sunday 10:0-18:0']",Chinatown,"['Filipino', 'Restaurants']",36.125541,3.5,"['Alcohol: none', ""Ambience: {'romantic': False, 'intimate': False, 'classy': False, 'hipster': False, 'divey': False, 'touristy': False, 'trendy': False, 'upscale': False, 'casual': True}"", 'BusinessAcceptsCreditCards: True', ""BusinessParking: {'garage': False, 'street': False, 'validated': False, 'lot': True, 'valet': False}"", 'Caters: True', 'GoodForKids: True', ""GoodForMeal: {'dessert': False, 'latenight': False, 'lunch': True, 'dinner': True, 'breakfast': False, 'brunch': False}"", 'HasTV: True', 'NoiseLevel: average', 'OutdoorSeating: False', 'RestaurantsAttire: casual', 'RestaurantsDelivery: False', 'RestaurantsGoodForGroups: True', 'RestaurantsPriceRange2: 1', 'RestaurantsReservations: False', 'RestaurantsTableService: False', 'RestaurantsTakeOut: True', 'WheelchairAccessible: False', 'WiFi: no', 'BikeParking: True']",-115.223274,"5980 W Spring Mountain Rd, Ste 2",89146,NV,1,Ta4GRuHyZvU5H_l5IAG1PQ,business
Kkulmat Korean Kitchen,Las Vegas,6,"['Monday 11:0-0:0', 'Tuesday 11:0-0:0', 'Wednesday 11:0-0:0', 'Thursday 11:0-0:0', 'Friday 11:0-0:0', 'Saturday 11:0-0:0', 'Sunday 17:0-0:0']",Chinatown,"['Restaurants', 'Korean']",36.1262628209,4.0,"['BusinessAcceptsCreditCards: True', ""GoodForMeal: {'dessert': False, 'latenight': False, 'lunch': False, 'dinner': False, 'breakfast': False, 'brunch': False}"", 'RestaurantsTakeOut: True']",-115.217379082,5600 Spring Mountain Rd,89146,NV,1,cAs1-wyAjvfsK1Vgo1jCWA,business
Starbucks,Las Vegas,21,"['Monday 5:0-19:30', 'Tuesday 5:0-19:30', 'Wednesday 5:0-19:30', 'Thursday 5:0-19:30', 'Friday 5:0-19:30', 'Saturday 5:0-19:30', 'Sunday 5:0-19:30']",Eastside,"['Desserts', 'Food', 'Restaurants', 'Sandwiches', 'Coffee & Tea']",36.1152068,3.0,"['BikeParking: True', 'BusinessAcceptsCreditCards: True', ""BusinessParking: {'garage': False, 'street': False, 'validated': False, 'lot': True, 'valet': False}"", 'OutdoorSeating: True', 'RestaurantsPriceRange2: 1', 'RestaurantsTakeOut: True', 'WiFi: free']",-115.1181849,"2430 E Flamingo Rd, Ste 100",89121,NV,1,V8HEOhiEUU2i-VHcp_K8lQ,business
Hoang Asia Imbiss,Stuttgart,23,"['Monday 11:0-22:0', 'Tuesday 11:0-22:0', 'Wednesday 11:0-22:0', 'Thursday 11:0-22:0', 'Friday 11:0-22:0', 'Saturday 11:30-22:0']",,"['Vietnamese', 'Restaurants', 'Chinese']",48.7292,4.5,"[""BusinessParking: {'garage': False, 'street': False, 'validated': False, 'lot': False, 'valet': False}"", ""GoodForMeal: {'dessert': False, 'latenight': False, 'lunch': False, 'dinner': False, 'breakfast': False, 'brunch': False}"", 'OutdoorSeating: False', 'RestaurantsAttire: casual', 'RestaurantsPriceRange2: 1', 'RestaurantsReservations: False', 'RestaurantsTableService: False', 'RestaurantsTakeOut: True', 'WiFi: no']",9.11276,Herrenberger Str. 7,70563,BW,1,NiviplzqF1RtwLvYnL79fQ,business
Café Myriade,Montréal,24,"['Monday 8:0-21:0', 'Tuesday 8:0-21:0', 'Wednesday 8:0-21:0', 'Thursday 8:0-21:0', 'Friday 8:0-21:0', 'Saturday 10:0-21:0', 'Sunday 10:0-19:0']",Ville-Marie,"['Coffee & Tea', 'Food', 'Cafes', 'Restaurants']",45.5005207,4.0,"['BikeParking: True', 'BusinessAcceptsCreditCards: True', ""BusinessParking: {'garage': True, 'street': False, 'validated': False, 'lot': False, 'valet': False}"", 'OutdoorSeating: False', 'RestaurantsPriceRange2: 2', 'RestaurantsTakeOut: True', 'WiFi: free', 'DogsAllowed: True', 'WheelchairAccessible: True']",-73.5721972,"The Club Monaco, 1000 Rue Sainte-Catherine Ouest",H3B,QC,1,MW4oUlTstLsUHhO87K1tXg,business
Ming Home,Maple Heights,3,"['Monday 10:30-22:30', 'Tuesday 10:30-22:30', 'Wednesday 10:30-22:30', 'Thursday 10:30-22:30', 'Friday 10:30-23:30', 'Saturday 10:30-23:30', 'Sunday 11:30-22:0']",,"['Chinese', 'Restaurants']",41.4159507,2.5,"['Alcohol: none', ""Ambience: {'romantic': False, 'intimate': False, 'classy': False, 'hipster': False, 'divey': False, 'touristy': False, 'trendy': False, 'upscale': False, 'casual': False}"", 'BikeParking: False', 'BusinessAcceptsCreditCards: True', ""BusinessParking: {'garage': False, 'street': False, 'validated': False, 'lot': False, 'valet': False}"", 'Caters: False', 'GoodForKids: True', ""GoodForMeal: {'dessert': False, 'latenight': False, 'lunch': False, 'dinner': False, 'breakfast': False, 'brunch': False}"", 'HasTV: False', 'NoiseLevel: average', 'OutdoorSeating: False', 'RestaurantsAttire: casual', 'RestaurantsDelivery: True', 'RestaurantsGoodForGroups: True', 'RestaurantsPriceRange2: 1', 'RestaurantsReservations: False', 'RestaurantsTableService: False', 'RestaurantsTakeOut: True', 'WiFi: no']",-81.5719804,15720 Broadway Ave,44137,OH,1,0BEaW7yAystJ2OG-S0jv-Q,business
Matt's Chicago Dog,Charlotte,58,"['Monday 10:30-15:0', 'Tuesday 10:30-15:0', 'Wednesday 10:30-15:0', 'Thursday 10:30-15:0', 'Friday 10:30-15:0']",Uptown,"['Restaurants', 'Hot Dogs', 'Burgers', 'Sandwiches']",35.2240131,4.0,"['Alcohol: none', ""Ambience: {'romantic': False, 'intimate': False, 'classy': False, 'hipster': False, 'divey': False, 'touristy': False, 'trendy': False, 'upscale': False, 'casual': True}"", 'BYOB: False', 'BYOBCorkage: no', 'BikeParking: True', 'BusinessAcceptsCreditCards: True', ""BusinessParking: {'garage': True, 'street': False, 'validated': False, 'lot': False, 'valet': False}"", 'Caters: True', 'DriveThru: False', 'GoodForKids: True', ""GoodForMeal: {'dessert': False, 'latenight': False, 'lunch': True, 'dinner': False, 'breakfast': False, 'brunch': False}"", 'HasTV: True', 'NoiseLevel: average', 'OutdoorSeating: True', 'RestaurantsAttire: casual', 'RestaurantsDelivery: False', 'RestaurantsGoodForGroups: True', 'RestaurantsPriceRange2: 1', 'RestaurantsReservations: False', 'RestaurantsTableService: False', 'RestaurantsTakeOut: True', 'WheelchairAccessible: True', 'WiFi: free']",-80.8464728,"435 S Tryon St, Ste 140",28202,NC,1,O5AjarihqW1V8RlJnoef9A,business
Weston Favourites,Toronto,3,"['Monday 11:0-23:0', 'Tuesday 11:0-23:0', 'Wednesday 11:0-23:0', 'Thursday 11:0-23:0', 'Friday 11:0-0:0', 'Saturday 11:0-0:0', 'Sunday 12:0-22:0']",,"['Italian', 'Sandwiches', 'Coffee & Tea', 'Pizza', 'Restaurants', 'Food', 'Food Delivery Services']",43.7008781042,3.5,"['BusinessAcceptsCreditCards: True', 'GoodForKids: True', 'RestaurantsAttire: casual', 'RestaurantsDelivery: True', 'RestaurantsGoodForGroups: True', 'RestaurantsPriceRange2: 1', 'RestaurantsReservations: False', 'RestaurantsTakeOut: True', ""Ambience: {'romantic': False, 'intimate': False, 'classy': False, 'hipster': False, 'touristy': False, 'trendy': False, 'upscale': False, 'casual': False}""]",-79.5193493081,1986 Weston Road,M9N 1W8,ON,1,wPxQQbwXfqnJEMirpwcPnw,business
Shanghai Wok by B & Y,Northfield,3,"['Monday 10:30-22:30', 'Tuesday 10:30-22:30', 'Wednesday 10:30-22:30', 'Thursday 10:30-22:30', 'Friday 10:30-23:0', 'Saturday 10:30-23:0', 'Sunday 12:0-22:30']",,"['Chinese', 'Restaurants']",41.3423913196,3.0,,-81.5295235813,10424 Northfield Rd,44067,OH,1,D2eZD_MP8Ds32rkoVI_MBQ,business
Taste of Chicago,Scottsdale,34,,,"['Hot Dogs', 'Restaurants']",33.6129703,3.5,"['Alcohol: none', ""Ambience: {'romantic': False, 'intimate': False, 'classy': False, 'hipster': False, 'divey': False, 'touristy': False, 'trendy': False, 'upscale': False, 'casual': True}"", 'BikeParking: True', 'BusinessAcceptsCreditCards: True', ""BusinessParking: {'garage': False, 'street': False, 'validated': False, 'lot': True, 'valet': False}"", 'Caters: False', 'GoodForKids: True', ""GoodForMeal: {'dessert': False, 'latenight': False, 'lunch': True, 'dinner': False, 'breakfast': False, 'brunch': False}"", 'HasTV: True', 'NoiseLevel: quiet', 'OutdoorSeating: True', 'RestaurantsAttire: casual', 'RestaurantsDelivery: False', 'RestaurantsGoodForGroups: True', 'RestaurantsPriceRange2: 1', 'RestaurantsReservations: False', 'RestaurantsTableService: False', 'RestaurantsTakeOut: True', 'WheelchairAccessible: True', 'WiFi: no']",-111.9271938,"13802 N Scottsdale Rd, Suite 130",85254,AZ,1,cVETjwDQeK0SeHLZG8XXqw,business
Port of Subs,Gilbert,26,"['Monday 9:0-21:30', 'Tuesday 9:0-21:30', 'Wednesday 9:0-21:30', 'Thursday 9:0-18:0', 'Friday 10:0-19:0', 'Saturday 9:0-21:30', 'Sunday 9:0-20:0']",,"['Restaurants', 'Sandwiches', 'Salad', 'Delis', 'Food', 'Desserts']",33.2858898814,2.5,"['Alcohol: none', ""Ambience: {'romantic': False, 'intimate': False, 'classy': False, 'hipster': False, 'divey': False, 'touristy': False, 'trendy': False, 'upscale': False, 'casual': True}"", 'BikeParking: True', 'BusinessAcceptsCreditCards: True', ""BusinessParking: {'garage': False, 'street': False, 'validated': False, 'lot': True, 'valet': False}"", 'Caters: True', 'GoodForKids: True', ""GoodForMeal: {'dessert': False, 'latenight': False, 'lunch': True, 'dinner': False, 'breakfast': False, 'brunch': False}"", 'HasTV: False', 'NoiseLevel: quiet', 'OutdoorSeating: True', 'RestaurantsAttire: casual', 'RestaurantsDelivery: False', 'RestaurantsGoodForGroups: True', 'RestaurantsPriceRange2: 1', 'RestaurantsReservations: False', 'RestaurantsTableService: False', 'RestaurantsTakeOut: True', 'WheelchairAccessible: True', 'WiFi: free']",-111.755935325,"3570 S Val Vista Dr, Ste 111",85296,AZ,1,UlkXAPI0qcHkEAMOpICMFA,business
Pizza Hut,Las Vegas,22,"['Monday 10:30-23:0', 'Tuesday 10:30-23:0', 'Wednesday 10:30-23:0', 'Thursday 10:30-23:0', 'Friday 10:30-0:0', 'Saturday 10:30-0:0', 'Sunday 10:30-23:0']",Summerlin,"['Pizza', 'Restaurants']",36.20183,2.5,"['Alcohol: none', ""Ambience: {'romantic': False, 'intimate': False, 'classy': False, 'hipster': False, 'divey': False, 'touristy': False, 'trendy': False, 'upscale': False, 'casual': False}"", 'BikeParking: False', 'BusinessAcceptsCreditCards: True', ""BusinessParking: {'garage': False, 'street': False, 'validated': False, 'lot': True, 'valet': False}"", 'GoodForKids: True', ""GoodForMeal: {'dessert': False, 'latenight': False, 'lunch': False, 'dinner': False, 'breakfast': False, 'brunch': False}"", 'HasTV: False', 'NoiseLevel: average', 'OutdoorSeating: False', 'RestaurantsAttire: casual', 'RestaurantsDelivery: True', 'RestaurantsGoodForGroups: False', 'RestaurantsPriceRange2: 2', 'RestaurantsReservations: False', 'RestaurantsTableService: False', 'RestaurantsTakeOut: True', 'WiFi: no']",-115.282161,"2233 N. Rampart, #3A",89128,NV,1,i5EhA_T8_eWLr4_4DGDS5w,business
Wicked Six Bar & Grill,Fountain Hills,31,"['Monday 7:0-18:0', 'Tuesday 7:0-18:0', 'Wednesday 7:0-20:0', 'Thursday 7:0-20:0', 'Friday 7:0-21:0', 'Saturday 7:0-21:0', 'Sunday 7:0-19:0']",,"['Restaurants', 'American (New)', 'Food']",33.6052144,4.0,"['Alcohol: full_bar', ""Ambience: {'romantic': False, 'intimate': False, 'classy': False, 'hipster': False, 'divey': False, 'touristy': False, 'trendy': False, 'upscale': False, 'casual': True}"", 'BikeParking: True', 'BusinessAcceptsCreditCards: True', ""BusinessParking: {'garage': False, 'street': False, 'validated': False, 'lot': True, 'valet': False}"", 'Caters: True', 'GoodForKids: True', ""GoodForMeal: {'dessert': False, 'latenight': False, 'lunch': True, 'dinner': True, 'breakfast': True, 'brunch': True}"", 'HasTV: True', 'NoiseLevel: quiet', 'OutdoorSeating: True', 'RestaurantsAttire: casual', 'RestaurantsDelivery: False', 'RestaurantsGoodForGroups: True', 'RestaurantsPriceRange2: 2', 'RestaurantsReservations: True', 'RestaurantsTableService: True', 'RestaurantsTakeOut: True', 'WiFi: free']",-111.7565281,13100 N Sunridge Dr,85268,AZ,1,vGQhSTsbHTTly4G3sQoGow,business
Tortilleria Maya,Montréal,3,"['Monday 9:0-17:0', 'Tuesday 9:0-17:0', 'Wednesday 9:0-17:0', 'Thursday 9:0-19:0', 'Friday 9:0-19:0', 'Saturday 9:0-19:0', 'Sunday 9:0-17:0']",Rosemont-La Petite-Patrie,"['Farmers Market', 'Specialty Food', 'Ethnic Food', 'Food', 'Restaurants', 'Delicatessen', 'Mexican', 'Imported Food']",45.5347553457,4.0,"['BikeParking: True', 'BusinessAcceptsCreditCards: False', ""BusinessParking: {'garage': False, 'street': False, 'validated': False, 'lot': False, 'valet': False}"", 'GoodForKids: True', 'OutdoorSeating: False', 'RestaurantsAttire: casual', 'RestaurantsDelivery: False', 'RestaurantsGoodForGroups: True', 'RestaurantsPriceRange2: 2', 'RestaurantsReservations: False', 'RestaurantsTakeOut: True']",-73.6150647472,7016 Casgrain Avenue,H2S 3A2,QC,1,MNkykJJM2tXrYA_cMPkkUA,business
Mercure Hotel,Edinburgh,5,,New Town,"['Restaurants', 'Hotels', 'Hotels & Travel', 'Event Planning & Services']",55.9523619029,3.5,"['BusinessAcceptsCreditCards: True', 'RestaurantsPriceRange2: 2', 'WiFi: free']",-3.1953038054,Princes Street,,EDH,1,pvuqXq2ricB1klqZxxRVCg,business
Cicis,Charlotte,19,"['Monday 11:0-22:0', 'Tuesday 11:0-22:0', 'Wednesday 11:0-22:0', 'Thursday 11:0-22:0', 'Friday 11:0-22:0', 'Saturday 11:0-22:0', 'Sunday 11:0-22:0']",Steele Creek,"['Desserts', 'Chicken Wings', 'American (Traditional)', 'Restaurants', 'Pizza', 'Food']",35.1190101589,2.5,"['Alcohol: none', ""Ambience: {'romantic': False, 'intimate': False, 'classy': False, 'hipster': False, 'divey': False, 'touristy': False, 'trendy': False, 'upscale': False, 'casual': True}"", 'BikeParking: True', 'BusinessAcceptsCreditCards: True', ""BusinessParking: {'garage': False, 'street': False, 'validated': False, 'lot': True, 'valet': False}"", 'Caters: True', 'GoodForKids: True', ""GoodForMeal: {'dessert': False, 'latenight': False, 'lunch': True, 'dinner': False, 'breakfast': False, 'brunch': False}"", 'HasTV: True', 'NoiseLevel: quiet', 'OutdoorSeating: False', 'RestaurantsAttire: casual', 'RestaurantsDelivery: False', 'RestaurantsGoodForGroups: True', 'RestaurantsPriceRange2: 1', 'RestaurantsReservations: False', 'RestaurantsTableService: False', 'RestaurantsTakeOut: True', 'WheelchairAccessible: True', 'WiFi: no']",-80.9574144334,10823 John Price Rd,28273,NC,1,qcTaluNjodgXvSE-MFYvKQ,business
Irma's Kitchen,Phoenix,143,"['Monday 7:0-17:0', 'Tuesday 7:0-17:0', 'Wednesday 7:0-17:0', 'Thursday 7:0-17:0', 'Friday 7:0-17:0', 'Saturday 7:0-17:0', 'Sunday 7:0-14:0']",,"['Breakfast & Brunch', 'American (New)', 'Restaurants', 'Mexican', 'Burgers']",33.4579187,4.5,"['Alcohol: none', ""Ambience: {'romantic': False, 'intimate': False, 'classy': False, 'hipster': False, 'divey': False, 'touristy': False, 'trendy': False, 'upscale': False, 'casual': True}"", 'BikeParking: True', 'BusinessAcceptsCreditCards: True', ""BusinessParking: {'garage': False, 'street': False, 'validated': False, 'lot': True, 'valet': False}"", 'Caters: True', 'DogsAllowed: False', 'GoodForKids: True', ""GoodForMeal: {'dessert': False, 'latenight': False, 'lunch': True, 'dinner': False, 'breakfast': True, 'brunch': True}"", 'HasTV: True', 'NoiseLevel: average', 'OutdoorSeating: False', 'RestaurantsAttire: casual', 'RestaurantsDelivery: True', 'RestaurantsGoodForGroups: False', 'RestaurantsPriceRange2: 1', 'RestaurantsReservations: True', 'RestaurantsTableService: True', 'RestaurantsTakeOut: True', 'WheelchairAccessible: False', 'WiFi: free']",-112.0915077,906 N 15th Ave,85007,AZ,1,1JF9TbJ2d5hH8xsQvvklHg,business
Ravenous,Edinburgh,4,"['Monday 8:0-15:0', 'Tuesday 8:0-15:0', 'Wednesday 8:0-15:0', 'Thursday 8:0-15:0', 'Friday 8:0-15:0', 'Saturday 10:0-15:0']",New Town,"['Restaurants', 'Cafes']",55.9576087,4.5,"['Alcohol: none', 'BusinessAcceptsCreditCards: False', ""BusinessParking: {'garage': False, 'street': False, 'lot': False, 'valet': False}"", ""GoodForMeal: {'dessert': False, 'latenight': False, 'lunch': False, 'dinner': False, 'breakfast': False, 'brunch': False}"", 'OutdoorSeating: True', 'RestaurantsPriceRange2: 1', 'WheelchairAccessible: True', 'WiFi: no']",-3.1994875,42 Dundas Street,EH3 6JN,EDH,1,K8s-oKzrcLwBcNDOs1WT5Q,business
Majerle's Sports Grill,Phoenix,228,"['Monday 11:0-2:0', 'Tuesday 11:0-2:0', 'Wednesday 11:0-2:0', 'Thursday 11:0-2:0', 'Friday 11:0-2:0', 'Saturday 11:0-2:0', 'Sunday 11:0-2:0']",,"['Nightlife', 'American (Traditional)', 'Sports Bars', 'Restaurants', 'Bars']",33.4484654,3.5,"['Alcohol: full_bar', ""Ambience: {'romantic': False, 'intimate': False, 'classy': False, 'hipster': False, 'divey': False, 'touristy': False, 'trendy': False, 'upscale': False, 'casual': True}"", ""BestNights: {'monday': False, 'tuesday': False, 'friday': True, 'wednesday': False, 'thursday': True, 'sunday': False, 'saturday': True}"", 'BikeParking: True', 'BusinessAcceptsCreditCards: True', ""BusinessParking: {'garage': True, 'street': True, 'validated': False, 'lot': False, 'valet': False}"", 'Caters: True', 'CoatCheck: False', 'GoodForDancing: False', 'GoodForKids: False', ""GoodForMeal: {'dessert': False, 'latenight': True, 'lunch': True, 'dinner': False, 'breakfast': False, 'brunch': False}"", 'HappyHour: True', 'HasTV: True', ""Music: {'dj': False, 'background_music': False, 'no_music': False, 'karaoke': False, 'live': False, 'video': False, 'jukebox': False}"", 'NoiseLevel: average', 'OutdoorSeating: True', 'RestaurantsAttire: casual', 'RestaurantsDelivery: False', 'RestaurantsGoodForGroups: True', 'RestaurantsPriceRange2: 2', 'RestaurantsReservations: True', 'RestaurantsTableService: True', 'RestaurantsTakeOut: True', 'Smoking: no', 'WheelchairAccessible: True', 'WiFi: no']",-112.0712574,24 N 2nd St,85004,AZ,1,kHpXJ2vciumu2KhNHg0hYA,business
Hurry 4 Curry,Phoenix,24,"['Monday 11:0-21:0', 'Tuesday 11:0-21:0', 'Wednesday 11:0-21:0', 'Thursday 11:0-21:0', 'Friday 11:0-21:0', 'Saturday 11:0-21:0', 'Sunday 11:0-20:0']",,"['Indian', 'Restaurants']",33.4516878,3.0,"['Alcohol: beer_and_wine', 'BusinessAcceptsCreditCards: True', ""BusinessParking: {'garage': True, 'street': False, 'validated': False, 'lot': False, 'valet': False}"", 'GoodForKids: True', ""GoodForMeal: {'dessert': False, 'latenight': False, 'lunch': True, 'dinner': True, 'breakfast': False, 'brunch': False}"", 'OutdoorSeating: True', 'RestaurantsAttire: casual', 'RestaurantsDelivery: False', 'RestaurantsGoodForGroups: True', 'RestaurantsPriceRange2: 1', 'RestaurantsReservations: False', 'RestaurantsTableService: False', 'RestaurantsTakeOut: True', 'WheelchairAccessible: True']",-112.0686337,"Arizona Center, 400 E Van Buren St",85004,AZ,0,li6HgKl6mEhZpdMgAIQoOQ,business
Sochu House,Phoenix,179,"['Monday 11:0-1:0', 'Tuesday 11:0-1:0', 'Wednesday 11:0-1:0', 'Thursday 11:0-1:0', 'Friday 11:0-2:0', 'Saturday 15:0-2:0', 'Sunday 15:0-2:0']",,"['Restaurants', 'Bars', 'Nightlife', 'Thai', 'Asian Fusion', 'Lounges']",33.47907,4.0,"['Alcohol: full_bar', ""Ambience: {'romantic': False, 'intimate': False, 'classy': False, 'hipster': False, 'divey': False, 'touristy': False, 'trendy': True, 'upscale': False, 'casual': False}"", ""BestNights: {'monday': False, 'tuesday': False, 'friday': True, 'wednesday': False, 'thursday': True, 'sunday': False, 'saturday': True}"", 'BikeParking: True', 'BusinessAcceptsCreditCards: True', ""BusinessParking: {'garage': False, 'street': False, 'validated': False, 'lot': True, 'valet': False}"", 'Caters: False', 'CoatCheck: False', 'GoodForDancing: False', 'GoodForKids: False', ""GoodForMeal: {'dessert': False, 'latenight': True, 'lunch': False, 'dinner': True, 'breakfast': False, 'brunch': False}"", 'HappyHour: True', 'HasTV: False', ""Music: {'dj': False, 'background_music': True, 'no_music': False, 'karaoke': False, 'live': False, 'video': False, 'jukebox': False}"", 'NoiseLevel: average', 'OutdoorSeating: False', 'RestaurantsAttire: casual', 'RestaurantsDelivery: False', 'RestaurantsGoodForGroups: True', 'RestaurantsPriceRange2: 2', 'RestaurantsReservations: True', 'RestaurantsTableService: True', 'RestaurantsTakeOut: True', 'Smoking: no', 'WiFi: no']",-112.073306,2801 N Central Ave,85004,AZ,0,raVyoZbWWuN7JcFUdT7k2g,business
Vishnu's Doubles & Roti Shop,Brampton,13,"['Monday 10:0-20:0', 'Tuesday 10:0-20:0', 'Wednesday 10:0-20:0', 'Thursday 10:0-20:0', 'Friday 9:0-20:0', 'Saturday 9:0-20:0', 'Sunday 9:0-17:0']",,"['Restaurants', 'Caribbean']",43.720368,4.0,"[""Ambience: {'romantic': False, 'intimate': False, 'classy': False, 'hipster': False, 'touristy': False, 'trendy': False, 'upscale': False, 'casual': False}"", 'BikeParking: True', 'BusinessAcceptsCreditCards: True', ""BusinessParking: {'garage': False, 'street': False, 'validated': False, 'lot': False, 'valet': False}"", 'GoodForKids: True', ""GoodForMeal: {'dessert': False, 'latenight': False, 'lunch': True, 'dinner': False, 'breakfast': False, 'brunch': False}"", 'HasTV: True', 'NoiseLevel: average', 'OutdoorSeating: False', 'RestaurantsAttire: casual', 'RestaurantsDelivery: False', 'RestaurantsGoodForGroups: False', 'RestaurantsPriceRange2: 1', 'RestaurantsReservations: False', 'RestaurantsTableService: False', 'RestaurantsTakeOut: True', 'WheelchairAccessible: True']",-79.782015,"10215 Kennedy Road N, Unit 6",L6Z 0C5,ON,1,Vd09wVRVK6ljbTM2cIb-gg,business
Vinny's East Coast Pizzeria,Champaign,56,"['Monday 10:0-22:0', 'Tuesday 10:0-22:0', 'Wednesday 10:0-22:0', 'Thursday 10:0-22:0', 'Friday 10:0-22:0', 'Saturday 10:0-22:0', 'Sunday 10:0-22:0']",,"['Pizza', 'Restaurants']",40.0977984,3.5,"['Alcohol: none', ""Ambience: {'romantic': False, 'intimate': False, 'classy': False, 'hipster': False, 'divey': False, 'touristy': False, 'trendy': False, 'upscale': False, 'casual': False}"", 'BusinessAcceptsCreditCards: True', ""BusinessParking: {'garage': False, 'street': False, 'validated': False, 'lot': True, 'valet': False}"", 'GoodForKids: True', ""GoodForMeal: {'dessert': False, 'latenight': False, 'lunch': True, 'dinner': True, 'breakfast': False, 'brunch': False}"", 'HasTV: False', 'NoiseLevel: quiet', 'OutdoorSeating: False', 'RestaurantsAttire: casual', 'RestaurantsDelivery: True', 'RestaurantsGoodForGroups: True', 'RestaurantsPriceRange2: 2', 'RestaurantsReservations: False', 'RestaurantsTableService: False', 'RestaurantsTakeOut: True', 'WheelchairAccessible: True', 'WiFi: no']",-88.2484631,401 W. Kirby Ave,61820,IL,1,t952QLgrh-5l1woJ4IFgUA,business
Frankie's Famous Pizza,Gilbert,82,"['Monday 10:30-21:0', 'Tuesday 10:30-21:0', 'Wednesday 10:30-21:0', 'Thursday 10:30-21:0', 'Friday 10:30-22:0', 'Saturday 10:30-22:0', 'Sunday 3:0-20:0']",,"['Restaurants', 'Food Delivery Services', 'Pizza', 'Food', 'Italian']",33.377991,3.5,"['Alcohol: none', ""Ambience: {'romantic': False, 'intimate': False, 'classy': False, 'hipster': False, 'divey': False, 'touristy': False, 'trendy': False, 'upscale': False, 'casual': True}"", 'BikeParking: True', 'BusinessAcceptsCreditCards: True', ""BusinessParking: {'garage': False, 'street': False, 'validated': False, 'lot': True, 'valet': False}"", 'Caters: True', 'GoodForKids: True', 'HasTV: True', 'NoiseLevel: average', 'OutdoorSeating: True', 'RestaurantsAttire: casual', 'RestaurantsDelivery: True', 'RestaurantsGoodForGroups: True', 'RestaurantsPriceRange2: 1', 'RestaurantsReservations: True', 'RestaurantsTableService: False', 'RestaurantsTakeOut: True', 'WheelchairAccessible: True', 'WiFi: no', ""GoodForMeal: {'dessert': False, 'latenight': False, 'lunch': True, 'dinner': True, 'breakfast': False, 'brunch': False}""]",-111.806597,"1561 N Cooper Rd, Ste 101",85233,AZ,1,BrhyYc1-gn3lPuhlkqNk2w,business
Theo's Spartan Grill,Tempe,4,,,"['Mediterranean', 'Greek', 'Restaurants']",33.4218916,3.0,"[""BusinessParking: {'garage': False, 'street': False, 'validated': False, 'lot': False, 'valet': False}"", 'OutdoorSeating: False', 'RestaurantsAttire: casual', 'RestaurantsDelivery: False', 'RestaurantsGoodForGroups: True', 'RestaurantsPriceRange2: 1']",-111.9092417,1825 E University Dr,85281,AZ,0,fZSvBAEDfnHskfbDBizjBw,business
Islands Restaurant,Phoenix,45,"['Monday 11:0-21:30', 'Tuesday 11:0-21:30', 'Wednesday 11:0-21:30', 'Thursday 11:0-21:30', 'Friday 11:0-22:30', 'Saturday 11:0-22:30', 'Sunday 11:0-21:30']",,"['Burgers', 'Sports Bars', 'American (Traditional)', 'Bars', 'Nightlife', 'Restaurants']",33.6024722,3.5,"['Alcohol: full_bar', ""Ambience: {'romantic': False, 'intimate': False, 'classy': False, 'hipster': False, 'divey': False, 'touristy': False, 'trendy': False, 'upscale': False, 'casual': True}"", 'BusinessAcceptsCreditCards: True', ""BusinessParking: {'garage': False, 'street': False, 'validated': False, 'lot': True, 'valet': False}"", 'CoatCheck: False', 'DriveThru: False', 'GoodForDancing: False', 'GoodForKids: True', ""GoodForMeal: {'dessert': False, 'latenight': False, 'lunch': True, 'dinner': True, 'breakfast': False, 'brunch': False}"", 'HasTV: True', ""Music: {'dj': False, 'background_music': True, 'no_music': False, 'karaoke': False, 'live': False, 'video': False, 'jukebox': False}"", 'NoiseLevel: average', 'OutdoorSeating: False', 'RestaurantsAttire: casual', 'RestaurantsCounterService: False', 'RestaurantsDelivery: False', 'RestaurantsGoodForGroups: True', 'RestaurantsPriceRange2: 2', 'RestaurantsReservations: False', 'RestaurantsTableService: True', 'RestaurantsTakeOut: True', 'Smoking: no', 'WheelchairAccessible: True', 'WiFi: no']",-111.9781727,"12811 N Tatum Blvd, Ste A",85032,AZ,0,nj8W3FI5Fwg7TA5duszeGw,business
Wendy's,Phoenix,21,,,"['Fast Food', 'Burgers', 'Restaurants']",33.6010865,2.5,"['Alcohol: none', ""Ambience: {'romantic': False, 'intimate': False, 'classy': False, 'hipster': False, 'divey': False, 'touristy': False, 'trendy': False, 'upscale': False, 'casual': True}"", 'BikeParking: True', 'BusinessAcceptsCreditCards: True', ""BusinessParking: {'garage': False, 'street': False, 'validated': False, 'lot': True, 'valet': False}"", 'Caters: False', 'DriveThru: True', 'GoodForKids: True', ""GoodForMeal: {'dessert': False, 'latenight': False, 'lunch': True, 'dinner': True, 'breakfast': True, 'brunch': False}"", 'HasTV: True', 'NoiseLevel: loud', 'OutdoorSeating: False', 'RestaurantsAttire: casual', 'RestaurantsDelivery: False', 'RestaurantsGoodForGroups: True', 'RestaurantsPriceRange2: 1', 'RestaurantsReservations: False', 'RestaurantsTableService: False', 'RestaurantsTakeOut: True', 'WiFi: no']",-111.9797821,12630 N Tatum Blvd,85032,AZ,1,gkIyPrNGpF4EGqoYWe2KBQ,business
R T O'Sullivan's,Mesa,48,,,"['Pubs', 'Nightlife', 'Restaurants', 'Bars', 'Irish']",33.3933042,3.0,"['Alcohol: full_bar', ""Ambience: {'romantic': False, 'intimate': False, 'classy': False, 'hipster': False, 'divey': False, 'touristy': False, 'trendy': False, 'upscale': False, 'casual': False}"", ""BestNights: {'monday': False, 'tuesday': False, 'friday': True, 'wednesday': False, 'thursday': True, 'sunday': False, 'saturday': True}"", 'BusinessAcceptsCreditCards: True', ""BusinessParking: {'garage': False, 'street': False, 'validated': False, 'lot': True, 'valet': False}"", 'Caters: False', 'CoatCheck: False', 'GoodForDancing: False', 'GoodForKids: False', ""GoodForMeal: {'dessert': False, 'latenight': False, 'lunch': False, 'dinner': True, 'breakfast': False, 'brunch': False}"", 'HappyHour: True', 'HasTV: True', ""Music: {'dj': True, 'background_music': False, 'no_music': False, 'karaoke': False, 'live': True, 'video': False, 'jukebox': True}"", 'NoiseLevel: very_loud', 'OutdoorSeating: True', 'RestaurantsAttire: casual', 'RestaurantsDelivery: False', 'RestaurantsGoodForGroups: True', 'RestaurantsPriceRange2: 2', 'RestaurantsReservations: False', 'RestaurantsTableService: True', 'RestaurantsTakeOut: True', 'Smoking: outdoor', 'WheelchairAccessible: True']",-111.8536943,1010 W Southern Ave,85210,AZ,0,BG-91xMVSVUQVe4E3Rj7bQ,business
Taco Bell,Madison,19,"['Monday 7:0-1:0', 'Tuesday 7:0-1:0', 'Wednesday 7:0-1:0', 'Thursday 7:0-1:0', 'Friday 7:0-2:0', 'Saturday 7:0-2:0', 'Sunday 7:0-1:0']",,"['Mexican', 'Tex-Mex', 'Restaurants', 'Fast Food']",43.059957,1.5,"['Alcohol: none', ""Ambience: {'romantic': False, 'intimate': False, 'classy': False, 'hipster': False, 'divey': False, 'touristy': False, 'trendy': False, 'upscale': False, 'casual': False}"", 'BikeParking: True', 'BusinessAcceptsCreditCards: True', ""BusinessParking: {'garage': False, 'street': False, 'validated': False, 'lot': False, 'valet': False}"", 'Caters: False', 'DriveThru: True', 'GoodForKids: True', ""GoodForMeal: {'dessert': False, 'latenight': False, 'lunch': False, 'dinner': False, 'breakfast': False, 'brunch': False}"", 'HasTV: False', 'NoiseLevel: average', 'OutdoorSeating: True', 'RestaurantsAttire: casual', 'RestaurantsDelivery: False', 'RestaurantsGoodForGroups: True', 'RestaurantsPriceRange2: 1', 'RestaurantsReservations: False', 'RestaurantsTableService: False', 'RestaurantsTakeOut: True']",-89.524364,421 Commerce Drive,53719,WI,1,azJAJh8oivpsU9HzlLS6EA,business
Tapa,Edinburgh,9,,New Town,"['Tapas Bars', 'Restaurants', 'Spanish']",55.9543937,4.5,"['Alcohol: beer_and_wine', 'BusinessAcceptsCreditCards: True', ""BusinessParking: {'garage': False, 'street': False, 'lot': False, 'valet': False}"", ""GoodForMeal: {'dessert': False, 'latenight': False, 'lunch': False, 'dinner': False, 'breakfast': False, 'brunch': False}"", 'OutdoorSeating: False', 'RestaurantsAttire: casual', 'RestaurantsDelivery: False', 'RestaurantsGoodForGroups: True', 'RestaurantsPriceRange2: 1', 'RestaurantsReservations: True', 'RestaurantsTakeOut: False', 'WheelchairAccessible: True', 'WiFi: no']",-3.1975974,97 Hanover Street,EH2 1DJ,EDH,0,4ivcXYJIPSHkwGwu5HYcSA,business
Fortune Chinese Restaurant,Las Vegas,13,"['Monday 11:0-22:0', 'Tuesday 11:0-22:0', 'Wednesday 11:0-22:0', 'Thursday 11:0-22:0', 'Friday 11:0-22:0', 'Saturday 11:0-22:0', 'Sunday 11:0-21:30']",Westside,"['Restaurants', 'Chinese']",36.1440254,4.0,"[""Ambience: {'romantic': False, 'intimate': False, 'classy': False, 'hipster': False, 'divey': False, 'touristy': False, 'trendy': False, 'upscale': False, 'casual': False}"", 'BikeParking: False', 'BusinessAcceptsCreditCards: True', 'GoodForKids: True', ""GoodForMeal: {'dessert': False, 'latenight': False, 'lunch': False, 'dinner': False, 'breakfast': False, 'brunch': False}"", 'HasTV: False', 'OutdoorSeating: False', 'RestaurantsAttire: casual', 'RestaurantsGoodForGroups: True', 'RestaurantsPriceRange2: 2', 'RestaurantsReservations: True', 'RestaurantsTableService: True', 'RestaurantsTakeOut: True']",-115.1938769,"3909 W Sahara Ave, Ste 9",89102,NV,1,2xbxXWeu3tpZEJdGTTGbLg,business
Julieta Cuisine Latine,Montréal,11,"['Monday 17:0-22:0', 'Thursday 17:0-22:0', 'Friday 17:0-22:0', 'Saturday 17:0-22:0', 'Sunday 10:0-15:0']",Rosemont-La Petite-Patrie,"['Latin American', 'Restaurants', 'Breakfast & Brunch']",45.5311411,4.5,"['Alcohol: full_bar', ""Ambience: {'romantic': False, 'intimate': False, 'classy': False, 'hipster': False, 'touristy': False, 'trendy': False, 'upscale': False, 'casual': False}"", 'BikeParking: True', 'BusinessAcceptsCreditCards: False', ""BusinessParking: {'garage': False, 'street': False, 'validated': False, 'lot': False, 'valet': False}"", 'GoodForKids: True', ""GoodForMeal: {'dessert': False, 'latenight': False, 'lunch': False, 'dinner': False, 'breakfast': False, 'brunch': True}"", 'HasTV: False', 'NoiseLevel: quiet', 'OutdoorSeating: False', 'RestaurantsAttire: casual', 'RestaurantsDelivery: False', 'RestaurantsGoodForGroups: False', 'RestaurantsPriceRange2: 2', 'RestaurantsReservations: True', 'RestaurantsTableService: True', 'RestaurantsTakeOut: False']",-73.6077813,67 Rue Beaubien East,H2S 1R1,QC,0,LHOa9n7JQCGgnMoA1NDbbw,business
QDOBA Mexican Eats,Gastonia,9,"['Monday 11:0-22:0', 'Tuesday 11:0-22:0', 'Wednesday 11:0-22:0', 'Thursday 11:0-22:0', 'Friday 11:0-22:0', 'Saturday 11:0-22:0', 'Sunday 11:0-22:0']",,"['Mexican', 'Restaurants', 'Fast Food', 'Event Planning & Services', 'Caterers']",35.2636773999,3.0,"['Alcohol: beer_and_wine', ""Ambience: {'romantic': False, 'intimate': False, 'classy': False, 'hipster': False, 'divey': False, 'touristy': False, 'trendy': False, 'upscale': False, 'casual': False}"", 'BikeParking: True', 'BusinessAcceptsCreditCards: True', ""BusinessParking: {'garage': False, 'street': False, 'validated': False, 'lot': False, 'valet': False}"", 'Caters: False', 'GoodForKids: True', ""GoodForMeal: {'dessert': False, 'latenight': False, 'lunch': True, 'dinner': False, 'breakfast': False, 'brunch': False}"", 'HasTV: True', 'NoiseLevel: average', 'OutdoorSeating: True', 'RestaurantsAttire: casual', 'RestaurantsDelivery: False', 'RestaurantsGoodForGroups: True', 'RestaurantsPriceRange2: 2', 'RestaurantsReservations: False', 'RestaurantsTableService: False', 'RestaurantsTakeOut: True', 'WiFi: free']",-81.13501288,"401 Cox Rd, Ste 182",28054,NC,1,9vaPzTRUntT144Rnsxb2nQ,business
Gasthaus zum Hirsch,Sindelfingen,12,"['Tuesday 11:0-14:0', 'Tuesday 18:0-23:30', 'Wednesday 11:0-14:0', 'Wednesday 18:0-23:30', 'Thursday 11:0-14:0', 'Thursday 18:0-23:30', 'Friday 11:0-14:0', 'Friday 18:0-23:30', 'Saturday 11:0-14:0', 'Saturday 18:0-23:30', 'Sunday 11:0-14:0']",,"['German', 'Swabian', 'Restaurants']",48.7105642703,4.0,"['Alcohol: beer_and_wine', ""Ambience: {'romantic': False, 'intimate': False, 'classy': False, 'hipster': False, 'touristy': False, 'trendy': False, 'upscale': False, 'casual': False}"", 'BusinessAcceptsCreditCards: True', ""BusinessParking: {'garage': False, 'street': False, 'validated': False, 'lot': False, 'valet': False}"", 'DogsAllowed: False', 'GoodForKids: True', ""GoodForMeal: {'dessert': False, 'latenight': False, 'lunch': False, 'dinner': False, 'breakfast': False, 'brunch': False}"", 'OutdoorSeating: True', 'RestaurantsAttire: dressy', 'RestaurantsDelivery: False', 'RestaurantsGoodForGroups: True', 'RestaurantsPriceRange2: 3', 'RestaurantsReservations: False', 'RestaurantsTakeOut: False', 'WheelchairAccessible: True', 'WiFi: no']",9.0012826751,Ziegelstr. 32,71063,BW,1,j88mVQOBoFzW3qDFTOVnMg,business
The Apricot Tree,Mississauga,65,"['Monday 10:0-21:0', 'Tuesday 10:0-22:0', 'Wednesday 10:0-22:0', 'Thursday 10:0-22:0', 'Friday 10:0-22:0', 'Saturday 9:0-22:0', 'Sunday 10:0-15:0']",Erin Mills,"['Modern European', 'Cafes', 'Restaurants', 'French', 'Desserts', 'Food']",43.5399294,3.5,"['Alcohol: full_bar', ""Ambience: {'romantic': False, 'intimate': False, 'classy': False, 'hipster': False, 'touristy': False, 'trendy': False, 'upscale': False, 'casual': True}"", 'BikeParking: True', 'BusinessAcceptsCreditCards: True', ""BusinessParking: {'garage': False, 'street': False, 'validated': False, 'lot': True, 'valet': False}"", 'Caters: True', 'DogsAllowed: False', 'GoodForKids: True', 'HasTV: False', 'NoiseLevel: average', 'OutdoorSeating: True', 'RestaurantsAttire: casual', 'RestaurantsDelivery: False', 'RestaurantsGoodForGroups: True', 'RestaurantsPriceRange2: 2', 'RestaurantsReservations: True', 'RestaurantsTableService: True', 'RestaurantsTakeOut: True', 'WheelchairAccessible: True', 'WiFi: no', ""GoodForMeal: {'dessert': True, 'latenight': False, 'lunch': False, 'dinner': False, 'breakfast': False, 'brunch': True}""]",-79.66256,1900 Dundas Street W,L5K 1P9,ON,1,xeFVRUjxorxjO_qjX8FNdw,business
Kitchen 73,Dollard-Des-Ormeaux,18,"['Monday 7:0-3:0', 'Tuesday 7:0-3:0', 'Wednesday 7:0-3:0', 'Thursday 7:0-3:0', 'Friday 7:0-3:0', 'Saturday 7:0-3:0', 'Sunday 7:0-3:0']",Dollard-des-Ormeaux,"['Italian', 'Coffee & Tea', 'Breakfast & Brunch', 'Gluten-Free', 'Food', 'Restaurants']",45.4842501,3.5,"['Alcohol: beer_and_wine', ""Ambience: {'romantic': False, 'intimate': False, 'classy': False, 'hipster': False, 'touristy': False, 'trendy': False, 'upscale': False, 'casual': False}"", 'BikeParking: True', 'BusinessAcceptsCreditCards: True', ""BusinessParking: {'garage': False, 'street': False, 'validated': False, 'lot': False, 'valet': False}"", 'Caters: True', 'GoodForKids: True', ""GoodForMeal: {'dessert': False, 'latenight': False, 'lunch': False, 'dinner': False, 'breakfast': True, 'brunch': True}"", 'HasTV: True', 'NoiseLevel: average', 'OutdoorSeating: False', 'RestaurantsAttire: casual', 'RestaurantsDelivery: False', 'RestaurantsGoodForGroups: True', 'RestaurantsPriceRange2: 2', 'RestaurantsReservations: True', 'RestaurantsTableService: True', 'RestaurantsTakeOut: True', 'WiFi: free']",-73.7939684,45A Boulevard  Brunswick,H9B 1P7,QC,1,2l25CpGNVKaxGXZKTzu2Kw,business
Domino's Pizza,Broadview Heights,3,,,"['Restaurants', 'Pizza']",41.31579,1.5,"['Alcohol: none', 'BusinessAcceptsCreditCards: True', 'Caters: True', 'GoodForKids: True', ""GoodForMeal: {'dessert': False, 'latenight': False, 'lunch': False, 'dinner': False, 'breakfast': False, 'brunch': False}"", 'OutdoorSeating: False', 'RestaurantsAttire: casual', 'RestaurantsDelivery: True', 'RestaurantsGoodForGroups: False', 'RestaurantsPriceRange2: 1', 'RestaurantsReservations: False', 'RestaurantsTableService: False', 'RestaurantsTakeOut: True', 'WheelchairAccessible: False']",-81.652973,4701 E Royalton Rd,44147,OH,0,Rih4ADNS9kZXZS5C6Zqo8Q,business
Arizona Biltmore,Phoenix,385,"['Monday 0:0-0:0', 'Tuesday 0:0-0:0', 'Wednesday 0:0-0:0', 'Thursday 0:0-0:0', 'Friday 0:0-0:0', 'Saturday 0:0-0:0', 'Sunday 0:0-0:0']",,"['Resorts', 'Day Spas', 'Hotels', 'Beauty & Spas', 'Event Planning & Services', 'American (New)', 'Hotels & Travel', 'Restaurants']",33.5160662,3.5,,-112.029562,2400 E Missouri Ave,85016,AZ,1,v9u0NgjA4iQeKGevFnYSCA,business
George's Kitchen,Phoenix,111,"['Monday 10:30-21:0', 'Tuesday 10:30-21:0', 'Wednesday 10:30-21:0', 'Thursday 10:30-21:0', 'Friday 10:30-21:0', 'Saturday 10:30-21:0', 'Sunday 11:0-20:0']",,"['Pizza', 'Salad', 'Greek', 'Mediterranean', 'Restaurants']",33.5258549805,4.5,"['Alcohol: beer_and_wine', ""Ambience: {'romantic': False, 'intimate': False, 'classy': False, 'hipster': False, 'divey': False, 'touristy': False, 'trendy': False, 'upscale': False, 'casual': True}"", 'BikeParking: True', 'BusinessAcceptsBitcoin: False', 'BusinessAcceptsCreditCards: True', ""BusinessParking: {'garage': False, 'street': False, 'validated': False, 'lot': True, 'valet': False}"", 'Caters: True', 'DogsAllowed: True', 'GoodForKids: True', ""GoodForMeal: {'dessert': False, 'latenight': False, 'lunch': True, 'dinner': True, 'breakfast': False, 'brunch': False}"", 'HasTV: True', 'NoiseLevel: average', 'OutdoorSeating: True', 'RestaurantsAttire: casual', 'RestaurantsDelivery: True', 'RestaurantsGoodForGroups: True', 'RestaurantsPriceRange2: 2', 'RestaurantsReservations: True', 'RestaurantsTableService: False', 'RestaurantsTakeOut: True', 'WheelchairAccessible: True', 'WiFi: free']",-112.047807135,"6102 N 16th St, Ste 1",85016,AZ,1,3U__XOTBFptjhBeHrPGqrg,business
Kitch,Toronto,32,"['Monday 20:0-2:0', 'Tuesday 20:0-2:0', 'Wednesday 20:0-2:0', 'Thursday 20:0-2:0', 'Friday 20:0-2:0', 'Saturday 20:0-2:0', 'Sunday 20:0-2:0']",,"['Canadian (New)', 'Bars', 'Nightlife', 'Restaurants']",43.6695913,3.0,"['Alcohol: full_bar', ""Ambience: {'romantic': False, 'intimate': False, 'classy': False, 'hipster': True, 'touristy': False, 'trendy': False, 'upscale': False, 'casual': False}"", 'BikeParking: True', 'BusinessAcceptsCreditCards: True', ""BusinessParking: {'garage': False, 'street': True, 'validated': False, 'lot': False, 'valet': False}"", 'Caters: False', 'CoatCheck: False', 'GoodForDancing: False', 'GoodForKids: False', ""GoodForMeal: {'dessert': False, 'latenight': True, 'lunch': False, 'dinner': False, 'breakfast': False, 'brunch': False}"", 'HappyHour: False', 'HasTV: True', ""Music: {'dj': True, 'background_music': True, 'no_music': False, 'karaoke': False, 'live': False, 'video': False, 'jukebox': False}"", 'NoiseLevel: average', 'OutdoorSeating: True', 'RestaurantsAttire: casual', 'RestaurantsDelivery: False', 'RestaurantsGoodForGroups: True', 'RestaurantsPriceRange2: 2', 'RestaurantsReservations: True', 'RestaurantsTableService: True', 'RestaurantsTakeOut: True', 'Smoking: outdoor', 'WiFi: no']",-79.4386699,229 Geary Avenue,M6H 2C3,ON,0,_niSQeYPBawz3rubX7UxPQ,business
BO'TECA di vino,Stuttgart,5,"['Thursday 18:0-0:0', 'Friday 18:0-0:0', 'Saturday 18:0-0:0']",,"['Mediterranean', 'Bars', 'Restaurants', 'Beer', 'Wine & Spirits', 'Nightlife', 'Wine Bars', 'Food']",48.775866,5.0,"['Alcohol: full_bar', ""Ambience: {'romantic': True, 'intimate': False, 'classy': False, 'hipster': False, 'touristy': False, 'trendy': False, 'upscale': False, 'casual': False}"", 'BusinessAcceptsCreditCards: True', ""BusinessParking: {'garage': False, 'street': False, 'validated': False, 'lot': False, 'valet': False}"", 'Caters: True', 'CoatCheck: True', 'DogsAllowed: False', 'GoodForDancing: False', 'GoodForKids: True', ""GoodForMeal: {'dessert': False, 'latenight': False, 'lunch': False, 'dinner': True, 'breakfast': False, 'brunch': False}"", 'HappyHour: False', 'HasTV: False', ""Music: {'dj': False, 'background_music': True, 'no_music': False, 'karaoke': False, 'live': False, 'video': False, 'jukebox': False}"", 'NoiseLevel: average', 'OutdoorSeating: False', 'RestaurantsAttire: casual', 'RestaurantsDelivery: False', 'RestaurantsGoodForGroups: True', 'RestaurantsPriceRange2: 4', 'RestaurantsReservations: True', 'RestaurantsTableService: True', 'RestaurantsTakeOut: False', 'Smoking: no', 'WiFi: no']",9.132793,Beethovenstr. 30,70195,BW,1,yrZKFv1dkPJOzgvZsOvgOg,business
Cafe Diplomatico,Toronto,137,"['Monday 8:0-1:0', 'Tuesday 8:0-1:0', 'Wednesday 8:0-1:0', 'Thursday 8:0-1:0', 'Friday 8:0-2:0', 'Saturday 8:0-2:0', 'Sunday 8:0-1:0']",Little Italy,"['Caterers', 'Italian', 'Breakfast & Brunch', 'Nightlife', 'Restaurants', 'Bars', 'Event Planning & Services']",43.655255,3.0,"['Alcohol: full_bar', ""Ambience: {'romantic': False, 'intimate': False, 'classy': False, 'hipster': False, 'touristy': False, 'trendy': False, 'upscale': False, 'casual': True}"", ""BestNights: {'monday': False, 'tuesday': False, 'friday': True, 'wednesday': False, 'thursday': False, 'sunday': False, 'saturday': True}"", 'BikeParking: True', 'BusinessAcceptsCreditCards: True', ""BusinessParking: {'garage': True, 'street': True, 'validated': False, 'lot': False, 'valet': False}"", 'Caters: False', 'CoatCheck: False', 'GoodForDancing: False', 'GoodForKids: True', ""GoodForMeal: {'dessert': False, 'latenight': False, 'lunch': True, 'dinner': True, 'breakfast': False, 'brunch': False}"", 'HappyHour: False', 'HasTV: True', ""Music: {'dj': False, 'background_music': True, 'no_music': False, 'karaoke': False, 'live': False, 'video': False, 'jukebox': False}"", 'NoiseLevel: average', 'OutdoorSeating: True', 'RestaurantsAttire: casual', 'RestaurantsDelivery: False', 'RestaurantsGoodForGroups: True', 'RestaurantsPriceRange2: 2', 'RestaurantsReservations: True', 'RestaurantsTableService: True', 'RestaurantsTakeOut: True', 'WheelchairAccessible: True', 'WiFi: free']",-79.413732,594 College St,M6G 1B3,ON,1,JK_DiDwbl7HX5OhCAh3h4g,business
Restaurant Primadonna,Montréal,4,,Plateau-Mont-Royal,"['Restaurants', 'Italian', 'Japanese']",45.5131729,4.0,"['Alcohol: full_bar', 'BusinessAcceptsCreditCards: True', ""BusinessParking: {'garage': False, 'street': False, 'validated': False, 'lot': False, 'valet': False}"", 'GoodForKids: True', ""GoodForMeal: {'dessert': False, 'latenight': False, 'lunch': False, 'dinner': False, 'breakfast': False, 'brunch': False}"", 'OutdoorSeating: False', 'RestaurantsAttire: casual', 'RestaurantsDelivery: False', 'RestaurantsGoodForGroups: True', 'RestaurantsPriceRange2: 3', 'RestaurantsTableService: True', 'RestaurantsTakeOut: True', 'WheelchairAccessible: True']",-73.5706393,3479 Boulevard Saint-Laurent,H2X 2T6,QC,0,U_H95fYoEmlXEfeRo454rw,business
Sumi Dojo,Montréal,16,"['Monday 11:30-14:30', 'Monday 17:30-23:30', 'Tuesday 11:30-14:30', 'Tuesday 17:30-23:30', 'Wednesday 11:30-14:30', 'Wednesday 17:30-23:30', 'Thursday 11:30-14:30', 'Thursday 17:30-23:30', 'Friday 11:30-14:30', 'Friday 17:30-2:30', 'Saturday 17:30-2:30', 'Sunday 17:30-23:30']",Plateau-Mont-Royal,"['Japanese', 'Restaurants']",45.5131729,3.0,"['Alcohol: full_bar', ""Ambience: {'romantic': False, 'intimate': False, 'classy': False, 'hipster': False, 'touristy': False, 'trendy': True, 'upscale': False, 'casual': False}"", 'BikeParking: True', 'BusinessAcceptsCreditCards: True', 'Caters: False', 'GoodForKids: True', ""GoodForMeal: {'dessert': True, 'latenight': True, 'lunch': False, 'dinner': False, 'breakfast': False, 'brunch': False}"", 'HasTV: False', 'NoiseLevel: average', 'RestaurantsAttire: casual', 'RestaurantsDelivery: False', 'RestaurantsGoodForGroups: True', 'RestaurantsPriceRange2: 2', 'RestaurantsReservations: True', 'RestaurantsTableService: True', 'RestaurantsTakeOut: True', 'WiFi: free', 'OutdoorSeating: False']",-73.5706393,3479 Boulevard Saint-Laurent,H2X 2T6,QC,1,FmKcKBXtDQLyUq0eploh0A,business
The Dirty Drummer,Scottsdale,13,"['Monday 10:0-1:0', 'Tuesday 10:0-1:0', 'Wednesday 10:0-1:0', 'Thursday 10:0-1:0', 'Friday 10:0-2:0', 'Saturday 7:0-2:0', 'Sunday 9:0-1:0']",,"['Restaurants', 'Nightlife', 'Sports Bars', 'Bars']",33.4788486,3.5,"['Alcohol: full_bar', ""Ambience: {'romantic': False, 'intimate': False, 'classy': False, 'hipster': False, 'divey': False, 'touristy': False, 'trendy': False, 'upscale': False, 'casual': False}"", ""BestNights: {'monday': False, 'tuesday': False, 'friday': True, 'wednesday': False, 'thursday': True, 'sunday': False, 'saturday': True}"", 'BusinessAcceptsCreditCards: True', ""BusinessParking: {'garage': False, 'street': False, 'validated': False, 'lot': False, 'valet': False}"", 'CoatCheck: False', 'GoodForDancing: False', 'HappyHour: True', 'HasTV: True', ""Music: {'dj': False, 'background_music': True, 'no_music': False, 'karaoke': False, 'live': False, 'video': False, 'jukebox': False}"", 'NoiseLevel: average', 'OutdoorSeating: True', 'RestaurantsGoodForGroups: True', 'RestaurantsPriceRange2: 2', 'Smoking: outdoor', 'WheelchairAccessible: True']",-111.9265091,2730 N Scottsdale Rd,85257,AZ,0,O5efe_Selnf3ABvsvoqqkw,business
Popeyes Louisiana Kitchen,Markham,9,,,"['Food', 'Restaurants', 'Fast Food', 'Seafood', 'Sandwiches']",43.9049705,3.0,"['BikeParking: True', 'BusinessAcceptsCreditCards: True', 'DriveThru: False', 'GoodForKids: True', ""GoodForMeal: {'dessert': False, 'latenight': False, 'lunch': False, 'dinner': False, 'breakfast': False, 'brunch': False}"", 'HasTV: True', 'OutdoorSeating: False', 'RestaurantsAttire: casual', 'RestaurantsDelivery: False', 'RestaurantsGoodForGroups: True', 'RestaurantsPriceRange2: 1', 'RestaurantsReservations: False', 'RestaurantsTakeOut: True', 'WiFi: no']",-79.2677549,9830 Markham Road,L6E 0H7,ON,1,MNIo7-VytIE7INkc83GmXg,business
The White Chocolate Grill,Phoenix,698,"['Monday 11:0-21:0', 'Tuesday 11:0-22:0', 'Wednesday 11:0-22:0', 'Thursday 11:0-22:0', 'Friday 11:0-22:0', 'Saturday 11:0-22:0', 'Sunday 11:0-21:0']",,"['Restaurants', 'American (Traditional)']",33.655566,4.0,"['Alcohol: full_bar', ""Ambience: {'romantic': False, 'intimate': False, 'classy': True, 'hipster': False, 'divey': False, 'touristy': False, 'trendy': False, 'upscale': False, 'casual': False}"", 'BikeParking: True', 'BusinessAcceptsCreditCards: True', ""BusinessParking: {'garage': False, 'street': False, 'validated': False, 'lot': True, 'valet': False}"", 'Caters: False', 'GoodForKids: True', ""GoodForMeal: {'dessert': False, 'latenight': False, 'lunch': False, 'dinner': True, 'breakfast': False, 'brunch': False}"", 'HasTV: True', 'NoiseLevel: average', 'OutdoorSeating: True', 'RestaurantsAttire: casual', 'RestaurantsCounterService: True', 'RestaurantsDelivery: False', 'RestaurantsGoodForGroups: True', 'RestaurantsPriceRange2: 2', 'RestaurantsReservations: True', 'RestaurantsTableService: True', 'RestaurantsTakeOut: True', 'WheelchairAccessible: True', 'WiFi: no']",-111.92641,7000 E Mayo Blvd,85054,AZ,1,UE3AvVnaPEBPneVahYT2eA,business
Ceylon Flavor,Toronto,12,"['Tuesday 11:30-22:0', 'Wednesday 11:30-22:0', 'Thursday 11:30-22:0', 'Friday 11:30-23:0', 'Saturday 11:30-23:0', 'Sunday 11:30-23:0']",Scarborough,"['Southern', 'Specialty Food', 'Sri Lankan', 'Indian', 'Ethnic Food', 'Asian Fusion', 'Food', 'Restaurants']",43.8363841,4.0,"['Alcohol: full_bar', ""Ambience: {'romantic': False, 'intimate': False, 'classy': False, 'hipster': False, 'touristy': False, 'trendy': False, 'upscale': False, 'casual': True}"", 'BikeParking: True', 'BusinessAcceptsCreditCards: True', ""BusinessParking: {'garage': False, 'street': False, 'validated': False, 'lot': True, 'valet': False}"", 'Caters: True', 'DogsAllowed: False', 'GoodForKids: False', ""GoodForMeal: {'dessert': False, 'latenight': False, 'lunch': False, 'dinner': True, 'breakfast': False, 'brunch': False}"", 'HasTV: True', 'NoiseLevel: quiet', 'OutdoorSeating: False', 'RestaurantsAttire: casual', 'RestaurantsDelivery: True', 'RestaurantsGoodForGroups: True', 'RestaurantsPriceRange2: 2', 'RestaurantsReservations: True', 'RestaurantsTableService: True', 'RestaurantsTakeOut: True', 'WheelchairAccessible: True', 'WiFi: free']",-79.2510473,"3341 Markham Road, Unit 110",M1X 0A5,ON,1,q0oPX1DXW86QytTvvrD9MA,business
Winneburger,Montréal,7,,Plateau-Mont-Royal,"['Food Trucks', 'Diners', 'Restaurants', 'Food']",45.5239099,4.0,"['BusinessAcceptsCreditCards: False', 'GoodForKids: True', ""GoodForMeal: {'dessert': False, 'latenight': False, 'lunch': False, 'dinner': False, 'breakfast': False, 'brunch': False}"", 'RestaurantsDelivery: False', 'RestaurantsGoodForGroups: True', 'RestaurantsPriceRange2: 2', 'RestaurantsReservations: False', 'RestaurantsTakeOut: True']",-73.6054583,281 Rue Bernard Ouest,H2V 4K8,QC,1,vtVBd1HHTMBsHB9jZbpxtQ,business
Peacock Express,Toronto,7,,Willowdale,"['Restaurants', 'Indian']",43.7763674,4.0,"['Alcohol: none', ""Ambience: {'romantic': False, 'intimate': False, 'classy': False, 'hipster': False, 'touristy': False, 'trendy': False, 'upscale': False, 'casual': False}"", 'BusinessAcceptsCreditCards: True', ""BusinessParking: {'garage': False, 'street': True, 'validated': False, 'lot': False, 'valet': False}"", 'GoodForKids: True', ""GoodForMeal: {'dessert': False, 'latenight': False, 'lunch': False, 'dinner': True, 'breakfast': False, 'brunch': False}"", 'HasTV: True', 'NoiseLevel: quiet', 'OutdoorSeating: False', 'RestaurantsAttire: casual', 'RestaurantsDelivery: False', 'RestaurantsGoodForGroups: True', 'RestaurantsPriceRange2: 1', 'RestaurantsReservations: False', 'RestaurantsTableService: False', 'RestaurantsTakeOut: True', 'WiFi: no']",-79.4145736,5423 Yonge Street,M2N 5R6,ON,0,Mwam4l5sMY3EPkJIKYxPFA,business
Vintner's Hill,Mint Hill,23,"['Monday 11:0-22:0', 'Tuesday 11:0-22:0', 'Wednesday 11:0-22:0', 'Thursday 11:0-22:0', 'Friday 11:0-22:0', 'Saturday 11:0-22:0']",,"['Beer Gardens', 'Restaurants', 'Lounges', 'Beer Bar', 'Wine Bars', 'Tapas/Small Plates', 'Bars', 'Nightlife']",35.1760893,3.5,"['Alcohol: beer_and_wine', ""Ambience: {'romantic': False, 'intimate': False, 'classy': False, 'hipster': False, 'divey': False, 'touristy': False, 'trendy': False, 'upscale': False, 'casual': False}"", 'BikeParking: True', 'BusinessAcceptsCreditCards: True', ""BusinessParking: {'garage': False, 'street': False, 'validated': False, 'lot': True, 'valet': False}"", 'CoatCheck: False', 'GoodForDancing: False', 'HappyHour: True', 'HasTV: True', 'OutdoorSeating: True', 'RestaurantsGoodForGroups: True', 'RestaurantsPriceRange2: 3', 'RestaurantsReservations: False', 'Smoking: outdoor']",-80.6537344,"7427 Matthews Mint Hill Rd, Ste 108",28227,NC,1,kbNXYS9HljjLf-X8WaaCCg,business
Pearlz Oyster Bar,Charlotte,70,"['Monday 11:0-23:0', 'Tuesday 11:0-23:0', 'Wednesday 11:0-23:0', 'Thursday 11:0-23:0', 'Friday 11:0-0:0', 'Saturday 11:0-0:0', 'Sunday 11:0-23:0']",,"['Seafood', 'Restaurants', 'Bars', 'Cocktail Bars', 'Nightlife']",35.060865737,3.5,"['Alcohol: full_bar', ""Ambience: {'romantic': False, 'intimate': False, 'classy': False, 'hipster': False, 'divey': False, 'touristy': False, 'trendy': True, 'upscale': False, 'casual': False}"", ""BestNights: {'monday': True, 'tuesday': True, 'friday': False, 'wednesday': True, 'thursday': False, 'sunday': False, 'saturday': False}"", 'BikeParking: True', 'BusinessAcceptsCreditCards: True', ""BusinessParking: {'garage': False, 'street': False, 'validated': False, 'lot': False, 'valet': False}"", 'Caters: False', ""DietaryRestrictions: {'dairy-free': False, 'gluten-free': True, 'vegan': False, 'kosher': False, 'halal': False, 'soy-free': False, 'vegetarian': False}"", 'GoodForKids: True', ""GoodForMeal: {'dessert': False, 'latenight': False, 'lunch': False, 'dinner': True, 'breakfast': False, 'brunch': False}"", 'HasTV: True', ""Music: {'dj': False, 'background_music': False, 'no_music': False, 'karaoke': False, 'live': False, 'video': False, 'jukebox': False}"", 'NoiseLevel: average', 'OutdoorSeating: True', 'RestaurantsAttire: casual', 'RestaurantsDelivery: False', 'RestaurantsGoodForGroups: True', 'RestaurantsPriceRange2: 2', 'RestaurantsReservations: True', 'RestaurantsTableService: True', 'RestaurantsTakeOut: True', 'Smoking: no', 'WiFi: free', 'GoodForDancing: False', 'HappyHour: True']",-80.8144658479,7804 Rea Rd,28277,NC,1,FrfzI901uS2bU2kgUkqaVw,business
Basil & Garlic Bistro,Scottsdale,200,"['Tuesday 11:0-21:0', 'Wednesday 11:0-21:0', 'Thursday 11:0-21:0', 'Friday 11:0-22:0', 'Saturday 11:0-22:0', 'Sunday 12:0-21:0']",,"['Italian', 'Restaurants', 'Pizza']",33.594737,4.5,"['Alcohol: none', ""Ambience: {'romantic': False, 'intimate': False, 'classy': False, 'hipster': False, 'divey': False, 'touristy': False, 'trendy': False, 'upscale': False, 'casual': True}"", 'BikeParking: True', 'BusinessAcceptsCreditCards: True', ""BusinessParking: {'garage': False, 'street': False, 'validated': False, 'lot': True, 'valet': False}"", 'Caters: True', 'DogsAllowed: False', 'GoodForKids: True', ""GoodForMeal: {'dessert': False, 'latenight': False, 'lunch': True, 'dinner': True, 'breakfast': False, 'brunch': False}"", 'HasTV: False', 'NoiseLevel: average', 'OutdoorSeating: False', 'RestaurantsAttire: casual', 'RestaurantsDelivery: False', 'RestaurantsGoodForGroups: True', 'RestaurantsPriceRange2: 2', 'RestaurantsReservations: False', 'RestaurantsTableService: True', 'RestaurantsTakeOut: True', 'WheelchairAccessible: True', 'WiFi: free']",-111.880444,9330 E Poinsettia Dr,85260,AZ,1,4qQVf2lt-47VcQ4v54PEXQ,business
Al's Beef,Scottsdale,76,"['Monday 10:30-20:0', 'Tuesday 10:30-20:0', 'Wednesday 10:30-20:0', 'Thursday 10:30-20:0', 'Friday 10:30-20:0', 'Saturday 10:30-20:0', 'Sunday 11:0-19:0']",,"['Fast Food', 'Sandwiches', 'Restaurants']",33.619485,3.5,"[""Ambience: {'romantic': False, 'intimate': False, 'classy': False, 'hipster': False, 'divey': False, 'touristy': False, 'trendy': False, 'upscale': False, 'casual': True}"", 'BusinessAcceptsCreditCards: True', ""BusinessParking: {'garage': False, 'street': False, 'validated': False, 'lot': True, 'valet': False}"", 'Caters: True', 'DriveThru: False', 'GoodForKids: True', ""GoodForMeal: {'dessert': False, 'latenight': False, 'lunch': True, 'dinner': False, 'breakfast': False, 'brunch': False}"", 'HasTV: True', 'NoiseLevel: average', 'OutdoorSeating: True', 'RestaurantsAttire: casual', 'RestaurantsDelivery: True', 'RestaurantsGoodForGroups: True', 'RestaurantsPriceRange2: 1', 'RestaurantsReservations: False', 'RestaurantsTableService: False', 'RestaurantsTakeOut: True', 'WheelchairAccessible: True', 'WiFi: free']",-111.898197,14740 N Northsight Blvd,85260,AZ,0,1gRWCpwBh1pL5ByiAo8T1A,business
Alexandros Take-Out,Toronto,30,"['Monday 11:0-4:0', 'Tuesday 11:0-4:0', 'Wednesday 11:0-4:0', 'Thursday 11:0-4:0', 'Friday 11:0-16:0', 'Saturday 11:0-16:0', 'Sunday 11:0-16:0']",The Danforth,"['Greek', 'Restaurants']",43.6782251,3.5,"['Alcohol: none', ""Ambience: {'romantic': False, 'intimate': False, 'classy': False, 'hipster': False, 'touristy': False, 'trendy': False, 'upscale': False, 'casual': True}"", 'BikeParking: True', 'BusinessAcceptsCreditCards: False', ""BusinessParking: {'garage': False, 'street': True, 'validated': False, 'lot': False, 'valet': False}"", 'Caters: False', 'GoodForKids: True', ""GoodForMeal: {'dessert': False, 'latenight': True, 'lunch': False, 'dinner': False, 'breakfast': False, 'brunch': False}"", 'HasTV: False', 'NoiseLevel: quiet', 'OutdoorSeating: True', 'RestaurantsAttire: casual', 'RestaurantsDelivery: False', 'RestaurantsGoodForGroups: False', 'RestaurantsPriceRange2: 1', 'RestaurantsReservations: False', 'RestaurantsTableService: False', 'RestaurantsTakeOut: True', 'WiFi: no']",-79.3492654,484 Danforth Avenue,M4K 1P6,ON,1,FCqMWanlmta0fIGXWkSshQ,business
Double Lucky Seafood Cuisine,Markham,21,,Unionville,"['Seafood', 'Restaurants', 'Chinese']",43.8652572632,3.0,"['Alcohol: beer_and_wine', ""Ambience: {'romantic': False, 'intimate': False, 'classy': False, 'hipster': False, 'touristy': False, 'trendy': False, 'upscale': False, 'casual': True}"", 'BikeParking: False', 'BusinessAcceptsCreditCards: True', ""BusinessParking: {'garage': False, 'street': False, 'validated': False, 'lot': False, 'valet': False}"", 'Caters: False', 'GoodForKids: True', ""GoodForMeal: {'dessert': False, 'latenight': False, 'lunch': False, 'dinner': False, 'breakfast': False, 'brunch': True}"", 'HasTV: False', 'NoiseLevel: average', 'OutdoorSeating: False', 'RestaurantsAttire: casual', 'RestaurantsDelivery: False', 'RestaurantsGoodForGroups: True', 'RestaurantsPriceRange2: 2', 'RestaurantsReservations: True', 'RestaurantsTableService: True', 'RestaurantsTakeOut: True', 'WiFi: no']",-79.2896881104,5051 Highway 7,L3R 1N3,ON,1,e4BSPTPc5DLjvdJY18EaVA,business
Nova Bar & Grill,Cleveland,19,,Warehouse District,"['Nightlife', 'Lounges', 'Argentine', 'Restaurants', 'Bars']",41.5000531,4.0,"['Alcohol: full_bar', ""Ambience: {'romantic': False, 'intimate': False, 'classy': False, 'hipster': False, 'divey': False, 'touristy': False, 'trendy': True, 'upscale': False, 'casual': False}"", ""BestNights: {'monday': False, 'tuesday': False, 'friday': False, 'wednesday': True, 'thursday': True, 'sunday': False, 'saturday': True}"", 'BusinessAcceptsCreditCards: True', ""BusinessParking: {'garage': False, 'street': False, 'validated': False, 'lot': False, 'valet': False}"", 'CoatCheck: False', 'GoodForDancing: False', 'GoodForKids: False', ""GoodForMeal: {'dessert': False, 'latenight': False, 'lunch': False, 'dinner': True, 'breakfast': False, 'brunch': False}"", 'HasTV: True', ""Music: {'dj': False, 'background_music': True, 'no_music': False, 'karaoke': False, 'live': False, 'video': False, 'jukebox': False}"", 'NoiseLevel: average', 'OutdoorSeating: True', 'RestaurantsAttire: casual', 'RestaurantsGoodForGroups: True', 'RestaurantsPriceRange2: 2', 'RestaurantsTableService: True', 'Smoking: outdoor']",-81.6985733,1313 W 6th St,44113,OH,0,XHUGoHv5mP1zsgloxI-Oig,business
Falafel Avenue,Montréal,11,"['Monday 11:0-19:0', 'Tuesday 11:0-19:0', 'Wednesday 11:0-19:0', 'Thursday 11:0-19:0', 'Friday 11:0-19:0']",Ville-Marie,"['Restaurants', 'Vegetarian', 'Falafel', 'Mediterranean', 'Vegan']",45.5039621,4.5,"['Alcohol: none', ""Ambience: {'romantic': False, 'intimate': False, 'classy': False, 'hipster': False, 'touristy': False, 'trendy': False, 'upscale': False, 'casual': True}"", 'BikeParking: True', 'BusinessAcceptsCreditCards: True', ""BusinessParking: {'garage': False, 'street': False, 'validated': False, 'lot': False, 'valet': False}"", 'GoodForKids: True', ""GoodForMeal: {'dessert': False, 'latenight': False, 'lunch': False, 'dinner': False, 'breakfast': False, 'brunch': False}"", 'HasTV: False', 'NoiseLevel: quiet', 'OutdoorSeating: False', 'RestaurantsAttire: casual', 'RestaurantsDelivery: True', 'RestaurantsGoodForGroups: False', 'RestaurantsPriceRange2: 1', 'RestaurantsReservations: False', 'RestaurantsTableService: False', 'RestaurantsTakeOut: True', 'WiFi: free']",-73.5723398,2020 Robert-Bourassa Street,H3A 2A5,QC,1,jk_zmdPaU0C-3ICT0GDzIQ,business
Church's Chicken,Mesa,3,,,"['Fast Food', 'Restaurants']",33.45109,3.5,,-111.815206,715 E McKellips Rd,85203,AZ,0,c3d8QanR2tXM469mgNkipw,business
Kkot Hal Mae Dumplings & Noodles,Toronto,4,,,"['Restaurants', 'Korean']",43.7905385,4.0,"['BusinessAcceptsCreditCards: True', 'GoodForKids: True', 'RestaurantsAttire: casual', 'RestaurantsDelivery: True', 'RestaurantsGoodForGroups: False', 'RestaurantsReservations: True', 'RestaurantsTakeOut: True']",-79.4182458,6068 Yonge Street,M2M 3W6,ON,0,_IjZMjhkbJZX_-DNRXB01w,business
Weinstube Eißele,Esslingen,8,"['Monday 12:0-14:0', 'Monday 18:0-0:0', 'Tuesday 18:0-0:0', 'Wednesday 12:0-14:0', 'Wednesday 18:0-0:0', 'Thursday 12:0-14:0', 'Thursday 18:0-0:0', 'Friday 18:0-0:0']",,"['Nightlife', 'Bars', 'Wine Bars', 'Restaurants', 'Swabian']",48.7562957008,4.5,"['BusinessAcceptsCreditCards: False', ""BusinessParking: {'garage': False, 'street': False, 'validated': False, 'lot': False, 'valet': False}"", 'DogsAllowed: False', 'OutdoorSeating: False', 'RestaurantsDelivery: False', 'RestaurantsPriceRange2: 3', 'RestaurantsTakeOut: False', 'Smoking: no', 'WheelchairAccessible: False']",9.3072456095,Seracher Str. 117,73732,BW,1,Oq7buzD0T8OtwIL6G7dO7g,business
Hollywood Cafe,Ambridge,3,,,['Restaurants'],40.6132703,4.0,,-80.2266354,2917 Duss Ave,15003,PA,1,qzoU-cWWf32ILdd3Xi_ZgA,business
Floating Market,Stuttgart,66,"['Monday 18:0-23:0', 'Tuesday 18:0-23:0', 'Wednesday 18:0-23:0', 'Thursday 18:0-23:0', 'Friday 18:0-23:0', 'Saturday 18:0-23:0', 'Sunday 18:0-23:0']",,"['German', 'Restaurants', 'Thai']",48.7771,4.0,"['Alcohol: full_bar', ""Ambience: {'romantic': False, 'intimate': False, 'classy': False, 'hipster': False, 'touristy': False, 'trendy': False, 'upscale': False, 'casual': False}"", 'BikeParking: True', 'BusinessAcceptsCreditCards: True', ""BusinessParking: {'garage': False, 'street': False, 'validated': False, 'lot': False, 'valet': False}"", 'DogsAllowed: False', 'GoodForKids: True', ""GoodForMeal: {'dessert': False, 'latenight': False, 'lunch': False, 'dinner': True, 'breakfast': False, 'brunch': False}"", 'HasTV: False', 'NoiseLevel: very_loud', 'OutdoorSeating: True', 'RestaurantsAttire: casual', 'RestaurantsDelivery: False', 'RestaurantsGoodForGroups: True', 'RestaurantsPriceRange2: 3', 'RestaurantsReservations: True', 'RestaurantsTableService: True', 'RestaurantsTakeOut: False', 'WheelchairAccessible: False', 'WiFi: no']",9.17344,Theodor-Heuss-Str. 14,70174,BW,1,TDqb_hewCKRQuDlRX6yivw,business
Uncle Tony's Pizza,Phoenix,53,"['Monday 10:30-22:0', 'Tuesday 10:30-22:0', 'Wednesday 10:30-22:0', 'Thursday 10:30-22:0', 'Friday 10:30-23:0', 'Saturday 10:30-23:0', 'Sunday 11:0-21:0']",,"['Italian', 'Restaurants', 'Pizza', 'Salad']",33.552894,4.0,"['Alcohol: beer_and_wine', ""Ambience: {'romantic': False, 'intimate': False, 'classy': False, 'hipster': False, 'divey': False, 'touristy': False, 'trendy': False, 'upscale': False, 'casual': True}"", 'BikeParking: True', 'BusinessAcceptsCreditCards: True', ""BusinessParking: {'garage': False, 'street': False, 'validated': False, 'lot': True, 'valet': False}"", 'Caters: True', 'GoodForKids: True', ""GoodForMeal: {'dessert': False, 'latenight': False, 'lunch': True, 'dinner': True, 'breakfast': False, 'brunch': False}"", 'HasTV: True', 'NoiseLevel: average', 'OutdoorSeating: True', 'RestaurantsAttire: casual', 'RestaurantsDelivery: False', 'RestaurantsGoodForGroups: True', 'RestaurantsPriceRange2: 1', 'RestaurantsReservations: False', 'RestaurantsTableService: True', 'RestaurantsTakeOut: True', 'WiFi: no']",-112.100054,7830 N 19th Ave,85021,AZ,1,rWvn5iE53sHqRXPyzWc0TQ,business
Wingstop,Tempe,4,"['Monday 11:0-23:0', 'Tuesday 11:0-23:0', 'Wednesday 11:0-23:0', 'Thursday 11:0-23:0', 'Sunday 11:0-23:0']",,"['Restaurants', 'Chicken Wings']",33.378184533,3.0,,-111.893168147,"2700 W Baseline Rd, Ste 103-104",85282,AZ,1,jNLfGkcspKdHjnz7c_zrLQ,business
Shahi The Royal Roti,Toronto,9,"['Monday 11:30-22:0', 'Tuesday 11:30-22:0', 'Wednesday 11:30-22:0', 'Thursday 11:30-22:0', 'Friday 11:30-22:0', 'Saturday 12:0-22:0', 'Sunday 12:0-22:0']",,"['Himalayan/Nepalese', 'Indian', 'Restaurants', 'Pakistani']",43.7067653,3.5,"['Alcohol: none', ""Ambience: {'romantic': False, 'intimate': False, 'classy': False, 'hipster': False, 'touristy': False, 'trendy': False, 'upscale': False, 'casual': False}"", ""GoodForMeal: {'dessert': False, 'latenight': False, 'lunch': False, 'dinner': False, 'breakfast': False, 'brunch': False}"", 'HasTV: True', 'NoiseLevel: quiet', 'OutdoorSeating: False', 'RestaurantsAttire: casual', 'RestaurantsDelivery: True', 'RestaurantsPriceRange2: 2', 'RestaurantsReservations: True', 'RestaurantsTableService: True', 'RestaurantsTakeOut: True', 'WiFi: no']",-79.4426656,349 Marlee Avenue,M6B 3H9,ON,1,c65l1HepL-5Zqh_2fJ7ezw,business
Tega Cay Golf and Community Center,Fort Mill,7,"['Monday 11:0-22:0', 'Tuesday 11:0-22:0', 'Wednesday 11:0-22:0', 'Thursday 11:0-22:0', 'Friday 11:0-22:0', 'Saturday 11:0-22:0', 'Sunday 11:0-22:0']",,"['Event Planning & Services', 'Breakfast & Brunch', 'Venues & Event Spaces', 'Restaurants', 'Golf', 'Active Life']",35.0366891,3.5,"['Alcohol: full_bar', ""Ambience: {'romantic': False, 'intimate': False, 'classy': False, 'hipster': False, 'divey': False, 'touristy': False, 'trendy': False, 'upscale': False, 'casual': False}"", 'BikeParking: True', 'BusinessAcceptsCreditCards: True', ""BusinessParking: {'garage': False, 'street': False, 'validated': False, 'lot': False, 'valet': False}"", 'Caters: True', 'GoodForKids: True', ""GoodForMeal: {'dessert': False, 'latenight': False, 'lunch': False, 'dinner': False, 'breakfast': False, 'brunch': False}"", 'HasTV: True', 'NoiseLevel: average', 'OutdoorSeating: True', 'RestaurantsAttire: casual', 'RestaurantsGoodForGroups: True', 'RestaurantsPriceRange2: 1', 'RestaurantsReservations: True', 'RestaurantsTableService: True', 'RestaurantsTakeOut: True', 'WiFi: free']",-81.0219146,15083 Molokai Dr,29708,SC,1,yiVQQj0QEzLiKTlKFaq8NQ,business
The Bloomfield Sandwich Shop,Pittsburgh,42,"['Monday 8:0-15:30', 'Tuesday 8:0-15:30', 'Wednesday 8:0-15:30', 'Thursday 8:0-15:30', 'Friday 0:0-4:0', 'Friday 8:0-15:30', 'Saturday 0:0-4:0', 'Saturday 8:0-15:30', 'Sunday 8:0-15:0']",Bloomfield,"['Restaurants', 'Breakfast & Brunch', 'Sandwiches']",40.462632,4.0,"['Alcohol: none', ""Ambience: {'romantic': False, 'intimate': False, 'classy': False, 'hipster': False, 'divey': True, 'touristy': False, 'trendy': False, 'upscale': False, 'casual': False}"", 'BikeParking: True', 'BusinessAcceptsCreditCards: False', ""BusinessParking: {'garage': False, 'street': True, 'validated': False, 'lot': False, 'valet': False}"", 'Caters: False', 'GoodForKids: True', ""GoodForMeal: {'dessert': False, 'latenight': False, 'lunch': False, 'dinner': False, 'breakfast': True, 'brunch': False}"", 'HasTV: False', 'NoiseLevel: average', 'OutdoorSeating: True', 'RestaurantsAttire: casual', 'RestaurantsDelivery: False', 'RestaurantsGoodForGroups: True', 'RestaurantsPriceRange2: 1', 'RestaurantsReservations: False', 'RestaurantsTableService: True', 'RestaurantsTakeOut: True', 'WiFi: no']",-79.950246,4613 Liberty Ave,15224,PA,0,k7VQD0pbdFN0Ju0yNVrtZQ,business
Momenti,Phoenix,18,"['Monday 11:0-22:0', 'Tuesday 11:0-22:0', 'Wednesday 11:0-22:0', 'Thursday 11:0-22:0', 'Friday 11:0-23:0', 'Saturday 11:0-23:0', 'Sunday 11:0-23:0']",,"['Restaurants', 'Italian', 'Pizza']",33.583264,3.5,"['Alcohol: none', ""Ambience: {'romantic': False, 'intimate': False, 'classy': False, 'hipster': False, 'divey': False, 'touristy': False, 'trendy': False, 'upscale': False, 'casual': True}"", 'BikeParking: True', 'BusinessAcceptsCreditCards: True', ""BusinessParking: {'garage': False, 'street': False, 'validated': False, 'lot': False, 'valet': False}"", 'Caters: False', 'GoodForKids: True', ""GoodForMeal: {'dessert': False, 'latenight': False, 'lunch': False, 'dinner': False, 'breakfast': False, 'brunch': False}"", 'HasTV: False', 'NoiseLevel: average', 'OutdoorSeating: True', 'RestaurantsAttire: casual', 'RestaurantsDelivery: False', 'RestaurantsGoodForGroups: True', 'RestaurantsPriceRange2: 2', 'RestaurantsReservations: False', 'RestaurantsTableService: False', 'RestaurantsTakeOut: True', 'WiFi: no']",-111.978471,4740 E Shea Blvd,85028,AZ,0,_GKMtL4zFOlNc0U3gljT0w,business
Lost Nation Sports Park,Willoughby,8,"['Monday 15:0-23:0', 'Tuesday 15:0-23:0', 'Wednesday 15:0-23:0', 'Thursday 15:0-23:0', 'Friday 15:0-23:0', 'Saturday 7:0-23:0', 'Sunday 7:0-23:0']",,"['Active Life', 'Sports Clubs', 'American (Traditional)', 'Leisure Centers', 'Restaurants']",41.6853849,3.5,"['Alcohol: full_bar', ""Ambience: {'romantic': False, 'intimate': False, 'classy': False, 'hipster': False, 'divey': False, 'touristy': False, 'trendy': False, 'upscale': False, 'casual': False}"", 'BikeParking: False', 'BusinessAcceptsCreditCards: True', ""BusinessParking: {'garage': False, 'street': False, 'validated': False, 'lot': False, 'valet': False}"", 'GoodForKids: True', ""GoodForMeal: {'dessert': False, 'latenight': False, 'lunch': False, 'dinner': False, 'breakfast': False, 'brunch': False}"", 'HasTV: True', 'OutdoorSeating: False', 'RestaurantsAttire: casual', 'RestaurantsDelivery: False', 'RestaurantsGoodForGroups: True', 'RestaurantsPriceRange2: 2', 'RestaurantsReservations: False', 'RestaurantsTakeOut: False']",-81.395588,38630 Jet Center Pl,44094,OH,1,JHbVBjo9HYI2kzWJzQ9gaA,business
Villa Fresh Italian Kitchen,Pittsburgh,5,"['Monday 10:0-21:0', 'Tuesday 10:0-21:0', 'Wednesday 10:0-21:0', 'Thursday 10:0-21:0', 'Friday 10:0-21:0', 'Saturday 10:0-21:0', 'Sunday 11:0-18:0']",,"['Restaurants', 'Italian', 'Pizza']",40.5445685,2.0,"[""Ambience: {'romantic': False, 'intimate': False, 'classy': False, 'hipster': False, 'divey': False, 'touristy': False, 'trendy': False, 'upscale': False, 'casual': False}"", 'BusinessAcceptsCreditCards: True', ""BusinessParking: {'garage': False, 'street': False, 'validated': False, 'lot': False, 'valet': False}"", 'GoodForKids: True', ""GoodForMeal: {'dessert': False, 'latenight': False, 'lunch': False, 'dinner': False, 'breakfast': False, 'brunch': False}"", 'NoiseLevel: average', 'RestaurantsAttire: casual', 'RestaurantsGoodForGroups: True', 'RestaurantsPriceRange2: 1', 'RestaurantsReservations: False', 'RestaurantsTableService: False']",-80.0087509,1000 Ross Park Mall Dr,15237,PA,1,AR9Lf9MIsBqc52qlyKIpcg,business
La Maison Samosa,Montréal,4,"['Monday 11:0-20:30', 'Tuesday 11:0-20:30', 'Wednesday 11:0-20:30', 'Thursday 11:0-20:30', 'Friday 11:0-20:30', 'Saturday 11:0-20:30', 'Sunday 11:0-20:30']",Plateau-Mont-Royal,"['Restaurants', 'Indian']",45.5284345091,5.0,,-73.5788347808,1139 Avenue du Mont-Royal Est,H2J 1X7,QC,1,YJPTB5YY6aek3oWIZ1k9xw,business
Am Fasanenwald,Stuttgart,7,"['Monday 11:0-14:0', 'Monday 17:0-23:0', 'Tuesday 11:0-14:0', 'Tuesday 17:0-23:0', 'Wednesday 11:0-14:0', 'Wednesday 17:0-23:0', 'Thursday 11:0-14:0', 'Thursday 17:0-23:0', 'Friday 11:0-14:0', 'Friday 17:0-23:0', 'Saturday 9:0-23:0', 'Sunday 9:0-21:0']",,"['Restaurants', 'German']",48.8083,3.5,"['BusinessAcceptsCreditCards: False', ""BusinessParking: {'garage': False, 'street': False, 'validated': False, 'lot': False, 'valet': False}"", 'DogsAllowed: False', 'OutdoorSeating: False', 'RestaurantsDelivery: False', 'RestaurantsTakeOut: False']",9.0883,Giebelstr. 66,70499,BW,1,UeVecIL7VEv-5rARqe_4vw,business
La Casa,Pittsburgh,47,"['Monday 16:30-22:30', 'Tuesday 16:30-22:30', 'Wednesday 16:30-22:30', 'Thursday 16:30-23:0', 'Friday 16:30-23:0', 'Saturday 13:0-23:0', 'Sunday 16:30-21:30']",Shadyside,"['Nightlife', 'Tapas Bars', 'Wine Bars', 'Restaurants', 'Bars']",40.457861,2.5,"['Alcohol: full_bar', ""Ambience: {'romantic': True, 'intimate': True, 'classy': False, 'hipster': False, 'divey': False, 'touristy': False, 'trendy': True, 'upscale': False, 'casual': False}"", 'BusinessAcceptsCreditCards: True', ""BusinessParking: {'garage': False, 'street': True, 'validated': False, 'lot': False, 'valet': False}"", 'CoatCheck: False', 'GoodForDancing: False', 'GoodForKids: False', ""GoodForMeal: {'dessert': False, 'latenight': False, 'lunch': False, 'dinner': True, 'breakfast': False, 'brunch': False}"", 'HappyHour: True', 'HasTV: False', ""Music: {'dj': False, 'background_music': False, 'no_music': False, 'karaoke': False, 'live': False, 'video': False, 'jukebox': False}"", 'NoiseLevel: quiet', 'OutdoorSeating: True', 'RestaurantsAttire: casual', 'RestaurantsDelivery: False', 'RestaurantsGoodForGroups: False', 'RestaurantsPriceRange2: 2', 'RestaurantsReservations: True', 'RestaurantsTableService: True', 'RestaurantsTakeOut: False', 'Smoking: no', 'WheelchairAccessible: True', 'WiFi: no']",-79.9280308,5884 Ellsworth Ave,15232,PA,0,buzXlOCvxtohdMD8g3EWsw,business
Koya Japan,Toronto,3,,Financial District,"['Restaurants', 'Japanese']",43.6494259,2.0,"['Alcohol: none', ""Ambience: {'romantic': False, 'intimate': False, 'classy': False, 'hipster': False, 'touristy': False, 'trendy': False, 'upscale': False, 'casual': False}"", 'BusinessAcceptsCreditCards: True', 'GoodForKids: False', ""GoodForMeal: {'dessert': False, 'latenight': False, 'lunch': False, 'dinner': False, 'breakfast': False, 'brunch': False}"", 'NoiseLevel: loud', 'RestaurantsAttire: casual', 'RestaurantsGoodForGroups: False', 'RestaurantsPriceRange2: 1', 'RestaurantsReservations: False', 'RestaurantsTableService: False', 'RestaurantsTakeOut: True', 'HasTV: False', 'OutdoorSeating: True']",-79.3838301,The PATH - Adelaide Pl,M5H,ON,1,Iv6oLYLs5_G2oOp0f5G0vw,business
Scores,Saint-Leonard,9,"['Monday 11:0-23:0', 'Tuesday 11:0-23:0', 'Wednesday 11:0-23:0', 'Thursday 11:0-23:0', 'Friday 11:0-23:0', 'Saturday 11:0-23:0', 'Sunday 11:0-23:0']",Saint-Léonard,"['Restaurants', 'Barbeque', 'Canadian (New)']",45.5941830193,3.0,"['Alcohol: beer_and_wine', ""Ambience: {'romantic': False, 'intimate': False, 'classy': False, 'hipster': False, 'touristy': False, 'trendy': False, 'upscale': False, 'casual': False}"", 'BikeParking: True', 'BusinessAcceptsCreditCards: True', ""BusinessParking: {'garage': False, 'street': False, 'validated': False, 'lot': False, 'valet': False}"", 'Caters: False', 'GoodForKids: True', ""GoodForMeal: {'dessert': False, 'latenight': False, 'lunch': False, 'dinner': False, 'breakfast': False, 'brunch': False}"", 'HasTV: True', 'NoiseLevel: average', 'OutdoorSeating: True', 'RestaurantsAttire: casual', 'RestaurantsDelivery: True', 'RestaurantsGoodForGroups: True', 'RestaurantsPriceRange2: 2', 'RestaurantsReservations: True', 'RestaurantsTableService: True', 'RestaurantsTakeOut: True', 'WiFi: no']",-73.5739331767,6675 rue Jean-Talon Est,H1S 1N2,QC,1,i2TYogz_bCqCT9-0LtN8Dw,business
Restaurant Le Latini,Montréal,6,,Ville-Marie,"['Restaurants', 'Italian']",45.5061135,4.0,"['Alcohol: full_bar', ""Ambience: {'romantic': False, 'intimate': False, 'classy': False, 'hipster': False, 'touristy': False, 'trendy': False, 'upscale': False, 'casual': False}"", 'BusinessAcceptsCreditCards: True', ""BusinessParking: {'garage': False, 'street': False, 'validated': False, 'lot': False, 'valet': False}"", 'Caters: False', 'GoodForKids: False', ""GoodForMeal: {'dessert': False, 'latenight': False, 'lunch': False, 'dinner': False, 'breakfast': False, 'brunch': False}"", 'HasTV: False', 'NoiseLevel: quiet', 'OutdoorSeating: False', 'RestaurantsAttire: dressy', 'RestaurantsDelivery: False', 'RestaurantsGoodForGroups: True', 'RestaurantsPriceRange2: 4', 'RestaurantsReservations: True', 'RestaurantsTableService: True', 'RestaurantsTakeOut: False']",-73.5638691,1130 rue Jeanne-Mance,H2Z 1L7,QC,0,5V3TKtbaK23u6FCvv-08zQ,business
Pizza On 40th,Phoenix,49,"['Monday 11:0-22:0', 'Tuesday 11:0-22:0', 'Wednesday 11:0-22:0', 'Thursday 11:0-22:0', 'Friday 11:0-23:0', 'Saturday 11:0-23:0', 'Sunday 11:0-22:0']",,"['Pizza', 'Restaurants']",33.4940588,4.0,"['Alcohol: none', ""Ambience: {'romantic': False, 'intimate': False, 'classy': False, 'hipster': False, 'divey': True, 'touristy': False, 'trendy': False, 'upscale': False, 'casual': False}"", 'BikeParking: True', 'BusinessAcceptsCreditCards: True', ""BusinessParking: {'garage': False, 'street': True, 'validated': False, 'lot': False, 'valet': False}"", 'Caters: True', 'GoodForKids: True', 'HasTV: True', 'NoiseLevel: average', 'OutdoorSeating: True', 'RestaurantsAttire: casual', 'RestaurantsDelivery: True', 'RestaurantsGoodForGroups: True', 'RestaurantsPriceRange2: 1', 'RestaurantsReservations: False', 'RestaurantsTableService: False', 'RestaurantsTakeOut: True', 'WiFi: no', ""GoodForMeal: {'dessert': False, 'latenight': False, 'lunch': True, 'dinner': False, 'breakfast': False, 'brunch': False}""]",-111.9958268,3937 E. Indian School Rd.,85018,AZ,1,83cVpTJNyzv9lJ20vzBgdg,business
The Mission Eatery,Mississauga,33,"['Monday 7:0-16:0', 'Tuesday 7:0-16:0', 'Wednesday 7:0-16:0', 'Thursday 7:0-16:0', 'Friday 7:0-16:0']",,"['Local Flavor', 'Asian Fusion', 'Restaurants', 'Cafes', 'Sandwiches', 'Breakfast & Brunch', 'Food']",43.6873430859,4.0,"['Alcohol: none', ""Ambience: {'romantic': False, 'intimate': False, 'classy': False, 'hipster': False, 'touristy': False, 'trendy': False, 'upscale': False, 'casual': False}"", 'BikeParking: True', 'BusinessAcceptsCreditCards: True', ""BusinessParking: {'garage': True, 'street': False, 'validated': False, 'lot': False, 'valet': False}"", 'Caters: True', 'DogsAllowed: False', 'GoodForKids: True', ""GoodForMeal: {'dessert': False, 'latenight': False, 'lunch': False, 'dinner': False, 'breakfast': False, 'brunch': False}"", 'HasTV: False', 'NoiseLevel: quiet', 'OutdoorSeating: False', 'RestaurantsAttire: casual', 'RestaurantsDelivery: False', 'RestaurantsGoodForGroups: True', 'RestaurantsPriceRange2: 1', 'RestaurantsReservations: False', 'RestaurantsTableService: False', 'RestaurantsTakeOut: True', 'WiFi: free']",-79.6077754721,"5915 Airport Road, Suite100",L4V 1T1,ON,1,0C6uuZBD7xKS-uucgwoyQw,business
Yummy Ramen,Markham,9,,Milliken,"['Food Court', 'Japanese', 'Chinese', 'Restaurants']",43.826276,2.0,"['BikeParking: True', 'BusinessAcceptsCreditCards: False', 'GoodForKids: False', ""GoodForMeal: {'dessert': False, 'latenight': False, 'lunch': False, 'dinner': False, 'breakfast': False, 'brunch': False}"", 'NoiseLevel: loud', 'OutdoorSeating: False', 'RestaurantsAttire: casual', 'RestaurantsDelivery: False', 'RestaurantsGoodForGroups: True', 'RestaurantsPriceRange2: 2', 'RestaurantsReservations: False', 'RestaurantsTakeOut: True']",-79.3064412,4300 Steeles Avenue East,L3R 0N8,ON,1,zhE9euD7t-RlXmWk50rCxQ,business
Chef Sara's Raw Vegan Academy & Cafe,Cave Creek,53,"['Monday 12:0-20:0', 'Thursday 12:0-20:0', 'Friday 12:0-20:0', 'Saturday 12:0-20:0', 'Sunday 12:0-20:0']",,"['Cooking Schools', 'Vegan', 'Gluten-Free', 'Restaurants', 'Education', 'Live/Raw Food', 'Specialty Schools']",33.833628,4.0,"['Alcohol: none', ""Ambience: {'romantic': False, 'intimate': False, 'classy': False, 'hipster': False, 'divey': False, 'touristy': False, 'trendy': False, 'upscale': False, 'casual': True}"", 'BikeParking: True', 'BusinessAcceptsCreditCards: True', ""BusinessParking: {'garage': False, 'street': False, 'validated': False, 'lot': True, 'valet': False}"", 'Caters: True', 'DogsAllowed: True', 'GoodForKids: True', ""GoodForMeal: {'dessert': False, 'latenight': False, 'lunch': True, 'dinner': False, 'breakfast': False, 'brunch': False}"", 'HasTV: False', 'NoiseLevel: quiet', 'OutdoorSeating: True', 'RestaurantsAttire: casual', 'RestaurantsDelivery: False', 'RestaurantsGoodForGroups: True', 'RestaurantsPriceRange2: 2', 'RestaurantsReservations: True', 'RestaurantsTableService: True', 'RestaurantsTakeOut: True', 'WheelchairAccessible: True', 'WiFi: free']",-111.938652,6602 E Cave Creek Rd,85331,AZ,1,8hDnvOEgCkD6kizhPVz8iw,business
Milestones Restaurants,Mississauga,34,"['Monday 11:0-23:0', 'Tuesday 11:0-23:0', 'Wednesday 11:0-23:0', 'Thursday 11:0-0:0', 'Friday 11:0-1:0', 'Saturday 10:0-1:0', 'Sunday 10:0-23:0']",East Credit,"['Nightlife', 'Restaurants', 'Canadian (New)', 'Comfort Food', 'Steakhouses', 'Bars']",43.6091642,3.0,"['Alcohol: full_bar', ""Ambience: {'romantic': False, 'intimate': False, 'classy': False, 'hipster': False, 'touristy': False, 'trendy': True, 'upscale': False, 'casual': False}"", 'BikeParking: True', 'BusinessAcceptsCreditCards: True', ""BusinessParking: {'garage': False, 'street': False, 'validated': False, 'lot': False, 'valet': False}"", 'Caters: False', 'CoatCheck: False', 'GoodForKids: True', ""GoodForMeal: {'dessert': True, 'latenight': False, 'lunch': True, 'dinner': False, 'breakfast': False, 'brunch': False}"", 'HappyHour: True', 'HasTV: True', ""Music: {'dj': False, 'background_music': True, 'no_music': False, 'karaoke': False, 'live': False, 'video': False, 'jukebox': False}"", 'NoiseLevel: average', 'OutdoorSeating: True', 'RestaurantsAttire: casual', 'RestaurantsDelivery: False', 'RestaurantsGoodForGroups: True', 'RestaurantsPriceRange2: 2', 'RestaurantsReservations: True', 'RestaurantsTableService: True', 'RestaurantsTakeOut: True', 'WiFi: free', 'GoodForDancing: False']",-79.6909319,730 Matheson Boulevard West,L5R 3T2,ON,1,4sAbjATsbj5XfIDIAeHtXA,business
Guthrie's,Las Vegas,36,"['Monday 10:30-22:0', 'Tuesday 10:30-22:0', 'Wednesday 10:30-22:0', 'Thursday 10:30-22:0', 'Friday 10:30-22:0', 'Saturday 10:30-22:0', 'Sunday 11:0-21:0']",Northwest,"['Southern', 'Restaurants']",36.2184241,3.5,"['Alcohol: none', ""Ambience: {'romantic': False, 'intimate': False, 'classy': False, 'hipster': False, 'divey': False, 'touristy': False, 'trendy': False, 'upscale': False, 'casual': True}"", 'BusinessAcceptsCreditCards: True', ""BusinessParking: {'garage': False, 'street': False, 'validated': False, 'lot': True, 'valet': False}"", 'Caters: True', 'GoodForKids: True', ""GoodForMeal: {'dessert': False, 'latenight': False, 'lunch': True, 'dinner': False, 'breakfast': False, 'brunch': False}"", 'HasTV: True', 'NoiseLevel: average', 'OutdoorSeating: False', 'RestaurantsAttire: casual', 'RestaurantsDelivery: False', 'RestaurantsGoodForGroups: True', 'RestaurantsPriceRange2: 1', 'RestaurantsReservations: False', 'RestaurantsTableService: False', 'RestaurantsTakeOut: True', 'WiFi: no']",-115.2431576,6728 W Cheyenne Ave,89108,NV,0,zzzaIBwimxVej4tY6qFOUQ,business
Chicken Shack,Henderson,338,"['Monday 10:0-21:0', 'Tuesday 10:0-21:0', 'Wednesday 10:0-21:0', 'Thursday 10:0-21:0', 'Friday 10:0-21:0', 'Saturday 10:0-21:0', 'Sunday 10:0-20:0']",,"['Chicken Wings', 'Restaurants']",36.0721934971,4.0,"['Alcohol: beer_and_wine', ""Ambience: {'romantic': False, 'intimate': False, 'classy': False, 'hipster': False, 'divey': False, 'touristy': False, 'trendy': False, 'upscale': False, 'casual': True}"", 'BikeParking: True', 'BusinessAcceptsCreditCards: True', ""BusinessParking: {'garage': False, 'street': False, 'validated': False, 'lot': True, 'valet': False}"", 'Caters: True', 'DogsAllowed: False', 'GoodForKids: True', ""GoodForMeal: {'dessert': False, 'latenight': False, 'lunch': True, 'dinner': True, 'breakfast': False, 'brunch': False}"", 'HasTV: True', 'NoiseLevel: average', 'OutdoorSeating: True', 'RestaurantsAttire: casual', 'RestaurantsDelivery: False', 'RestaurantsGoodForGroups: True', 'RestaurantsPriceRange2: 1', 'RestaurantsReservations: False', 'RestaurantsTableService: False', 'RestaurantsTakeOut: True', 'WheelchairAccessible: True', 'WiFi: no']",-115.072997733,4606 E Sunset Rd,89014,NV,1,aqwn3jdQLCWnb59gHK4nAw,business
Carmen's Bistro,Tempe,21,,,"['Restaurants', 'Italian']",33.3777879,2.0,"['Alcohol: full_bar', ""Ambience: {'romantic': False, 'intimate': False, 'classy': False, 'hipster': False, 'divey': False, 'touristy': False, 'trendy': False, 'upscale': False, 'casual': False}"", 'BusinessAcceptsCreditCards: True', ""BusinessParking: {'garage': False, 'street': False, 'validated': False, 'lot': True, 'valet': False}"", 'GoodForKids: False', ""GoodForMeal: {'dessert': False, 'latenight': False, 'lunch': False, 'dinner': False, 'breakfast': False, 'brunch': False}"", 'HasTV: True', 'NoiseLevel: loud', 'OutdoorSeating: True', 'RestaurantsAttire: casual', 'RestaurantsCounterService: False', 'RestaurantsDelivery: False', 'RestaurantsGoodForGroups: True', 'RestaurantsPriceRange2: 2', 'RestaurantsReservations: False', 'RestaurantsTableService: True', 'RestaurantsTakeOut: True', 'WheelchairAccessible: False', 'WiFi: no']",-111.9364361,219 E Baseline Rd,85283,AZ,0,8VwDchHdgV7xJFGAjay2jw,business
Wildburger,Las Vegas,3,,,"['Burgers', 'Hot Dogs', 'Restaurants']",36.193937,4.0,"[""Ambience: {'romantic': False, 'intimate': False, 'classy': False, 'hipster': False, 'divey': False, 'touristy': False, 'trendy': False, 'upscale': False, 'casual': False}"", 'BikeParking: True', 'BusinessAcceptsCreditCards: True', ""BusinessParking: {'garage': False, 'street': False, 'validated': False, 'lot': False, 'valet': False}"", 'DriveThru: False', 'GoodForKids: True', 'HasTV: True', 'NoiseLevel: average', 'OutdoorSeating: False', 'RestaurantsAttire: casual', 'RestaurantsDelivery: True', 'RestaurantsGoodForGroups: True', 'RestaurantsPriceRange2: 1', 'RestaurantsReservations: True', 'RestaurantsTableService: True', 'RestaurantsTakeOut: True']",-115.191902,1901 N Rancho Dr,89106,NV,1,-SWWUof5TuWDVL5SEAml8Q,business
Dans le Noir,Montreal,16,,Ville-Marie,"['French', 'Restaurants']",45.5110120108,4.0,"['Alcohol: full_bar', ""Ambience: {'romantic': False, 'intimate': False, 'classy': False, 'hipster': False, 'touristy': False, 'trendy': False, 'upscale': False, 'casual': False}"", 'BikeParking: False', 'BusinessAcceptsCreditCards: True', 'Caters: False', 'GoodForKids: False', ""GoodForMeal: {'dessert': False, 'latenight': False, 'lunch': False, 'dinner': False, 'breakfast': False, 'brunch': False}"", 'HasTV: False', 'NoiseLevel: very_loud', 'OutdoorSeating: False', 'RestaurantsAttire: casual', 'RestaurantsDelivery: False', 'RestaurantsGoodForGroups: True', 'RestaurantsPriceRange2: 4', 'RestaurantsReservations: True', 'RestaurantsTableService: True', 'RestaurantsTakeOut: False', 'WiFi: no']",-73.5626270545,151 St-Catherine E,H2X 1K8,QC,1,QD0gnPAdy7w2vZZG9I41Sw,business
Herbert'z Espressobar,Stuttgart,43,"['Monday 7:0-20:0', 'Tuesday 7:0-20:0', 'Wednesday 7:0-20:0', 'Thursday 7:0-20:0', 'Friday 7:0-20:0', 'Saturday 9:0-20:0', 'Sunday 9:0-20:0']",,"['Food', 'Bars', 'Coffee & Tea', 'Restaurants', 'Nightlife', 'Cafes']",48.7670508,4.5,"['Alcohol: full_bar', ""Ambience: {'romantic': False, 'intimate': False, 'classy': False, 'hipster': False, 'touristy': False, 'trendy': False, 'upscale': False, 'casual': False}"", 'BikeParking: True', 'BusinessAcceptsBitcoin: False', 'BusinessAcceptsCreditCards: False', ""BusinessParking: {'garage': False, 'street': True, 'validated': False, 'lot': False, 'valet': False}"", 'Caters: True', 'CoatCheck: False', 'DogsAllowed: True', 'GoodForDancing: False', 'GoodForKids: True', ""GoodForMeal: {'dessert': False, 'latenight': False, 'lunch': False, 'dinner': False, 'breakfast': False, 'brunch': False}"", 'HasTV: False', ""Music: {'dj': False, 'background_music': False, 'no_music': False, 'karaoke': False, 'live': False, 'video': False, 'jukebox': False}"", 'NoiseLevel: average', 'OutdoorSeating: True', 'RestaurantsAttire: casual', 'RestaurantsDelivery: False', 'RestaurantsGoodForGroups: False', 'RestaurantsPriceRange2: 2', 'RestaurantsReservations: True', 'RestaurantsTableService: False', 'RestaurantsTakeOut: True', 'Smoking: no', 'WheelchairAccessible: False', 'WiFi: free']",9.175596,Immenhoferstr. 13,70180,BW,1,bMLhTnEo26J0QWkpRL6jNg,business
Dino Panino Cafe Extraordinaire,Vaughan,6,"['Monday 11:0-17:0', 'Tuesday 11:0-20:0', 'Wednesday 11:0-20:0', 'Thursday 11:0-20:0', 'Friday 11:0-20:0', 'Saturday 11:0-17:0']",Pine Grove,"['Italian', 'Restaurants']",43.8085705,3.5,"['Alcohol: full_bar', ""Ambience: {'romantic': False, 'intimate': False, 'classy': False, 'hipster': False, 'touristy': False, 'trendy': False, 'upscale': False, 'casual': False}"", 'BikeParking: True', 'BusinessAcceptsCreditCards: True', ""BusinessParking: {'garage': False, 'street': False, 'validated': False, 'lot': True, 'valet': False}"", 'Caters: True', 'GoodForKids: True', ""GoodForMeal: {'dessert': False, 'latenight': False, 'lunch': False, 'dinner': False, 'breakfast': False, 'brunch': False}"", 'HasTV: True', 'NoiseLevel: average', 'OutdoorSeating: True', 'RestaurantsAttire: casual', 'RestaurantsDelivery: False', 'RestaurantsGoodForGroups: True', 'RestaurantsPriceRange2: 2', 'RestaurantsReservations: False', 'RestaurantsTableService: False', 'RestaurantsTakeOut: True', 'WheelchairAccessible: True', 'WiFi: no']",-79.548347,"3600 Langstaff Rd, Unit 1",L4L 9E7,ON,1,yoGZf06bmm3gcbBiGbY4wg,business
Cracked the Egg Came First,Urbana,51,"['Monday 9:0-15:0', 'Tuesday 9:0-15:0', 'Wednesday 9:0-15:0', 'Thursday 9:0-15:0', 'Friday 9:0-15:0', 'Saturday 10:0-15:0']",,"['Food', 'Food Trucks', 'Coffee & Tea', 'Restaurants', 'Street Vendors', 'Breakfast & Brunch']",40.1059233,4.5,"['Alcohol: none', ""Ambience: {'romantic': False, 'intimate': False, 'classy': False, 'hipster': False, 'divey': False, 'touristy': False, 'trendy': False, 'upscale': False, 'casual': False}"", 'BikeParking: True', 'BusinessAcceptsBitcoin: False', 'BusinessAcceptsCreditCards: True', ""BusinessParking: {'garage': False, 'street': True, 'validated': False, 'lot': False, 'valet': False}"", 'Caters: True', ""GoodForMeal: {'dessert': False, 'latenight': False, 'lunch': False, 'dinner': False, 'breakfast': False, 'brunch': False}"", 'OutdoorSeating: False', 'RestaurantsDelivery: True', 'RestaurantsGoodForGroups: True', 'RestaurantsPriceRange2: 1', 'RestaurantsReservations: False', 'RestaurantsTakeOut: True', 'WheelchairAccessible: True', 'WiFi: no']",-88.2120315,,61801,IL,1,xWGn7oqLOZu_00H8pZOtsQ,business
Table 22,Murrysville,10,"['Monday 11:30-22:0', 'Tuesday 11:30-22:0', 'Wednesday 11:30-22:0', 'Thursday 11:30-22:0', 'Friday 11:30-23:0', 'Saturday 11:30-23:0', 'Sunday 11:30-21:0']",,"['Restaurants', 'American (New)']",40.1612962516,2.5,"['Alcohol: full_bar', ""Ambience: {'romantic': False, 'intimate': False, 'classy': False, 'hipster': False, 'divey': False, 'touristy': False, 'trendy': False, 'upscale': False, 'casual': False}"", 'BusinessAcceptsCreditCards: True', ""BusinessParking: {'garage': False, 'street': False, 'validated': False, 'lot': True, 'valet': False}"", 'DogsAllowed: False', 'GoodForKids: False', ""GoodForMeal: {'dessert': False, 'latenight': False, 'lunch': False, 'dinner': True, 'breakfast': False, 'brunch': False}"", 'HasTV: True', 'NoiseLevel: average', 'OutdoorSeating: False', 'RestaurantsAttire: casual', 'RestaurantsDelivery: False', 'RestaurantsGoodForGroups: True', 'RestaurantsPriceRange2: 2', 'RestaurantsReservations: True', 'RestaurantsTableService: True', 'RestaurantsTakeOut: True', 'WheelchairAccessible: True', 'WiFi: no']",-79.5698547363,4917 William Penn Hwy,15688,PA,1,Bm61wrPP_urRlkuH6g2SHg,business
Brûlerie St-Denis,Montréal,15,"['Monday 8:0-22:0', 'Tuesday 8:0-22:0', 'Wednesday 8:0-22:0', 'Thursday 8:0-22:0', 'Friday 8:0-23:0', 'Saturday 8:0-23:0', 'Sunday 9:0-22:0']",Plateau-Mont-Royal,"['Coffee & Tea', 'Cafes', 'Tea Rooms', 'Food', 'Restaurants']",45.520576,4.0,"['BikeParking: True', 'BusinessAcceptsCreditCards: True', 'OutdoorSeating: True', 'RestaurantsPriceRange2: 2', 'RestaurantsTakeOut: True', 'WiFi: free']",-73.57496,3967 Rue Saint-Denis,H2W 2M4,QC,1,JZveayAO0mIeHUV7SkVQ3Q,business
Olive Garden Italian Restaurant,Las Vegas,146,"['Monday 11:0-22:0', 'Tuesday 11:0-22:0', 'Wednesday 11:0-22:0', 'Thursday 11:0-22:0', 'Friday 11:0-23:0', 'Saturday 11:0-23:0', 'Sunday 11:0-22:0']",Centennial,"['Wine Bars', 'Nightlife', 'Restaurants', 'Bars', 'Italian', 'Salad']",36.2727664693,3.5,"['Alcohol: full_bar', ""Ambience: {'romantic': False, 'intimate': False, 'classy': False, 'hipster': False, 'divey': False, 'touristy': False, 'trendy': False, 'upscale': False, 'casual': True}"", ""BestNights: {'monday': True, 'tuesday': False, 'friday': False, 'wednesday': True, 'thursday': False, 'sunday': False, 'saturday': True}"", 'BikeParking: True', 'BusinessAcceptsCreditCards: True', ""BusinessParking: {'garage': False, 'street': False, 'validated': False, 'lot': True, 'valet': False}"", 'CoatCheck: False', 'DogsAllowed: False', 'GoodForDancing: False', 'GoodForKids: True', ""GoodForMeal: {'dessert': True, 'latenight': False, 'lunch': True, 'dinner': True, 'breakfast': False, 'brunch': False}"", 'HappyHour: True', 'HasTV: False', ""Music: {'dj': False, 'background_music': False, 'no_music': False, 'karaoke': False, 'live': False, 'video': False, 'jukebox': False}"", 'NoiseLevel: average', 'OutdoorSeating: False', 'RestaurantsAttire: casual', 'RestaurantsDelivery: False', 'RestaurantsGoodForGroups: True', 'RestaurantsPriceRange2: 2', 'RestaurantsReservations: True', 'RestaurantsTableService: True', 'RestaurantsTakeOut: True', 'Smoking: no', 'WheelchairAccessible: True', 'WiFi: no', 'Caters: False']",-115.266528986,6191 Centennial Center Blvd,89149,NV,1,XdOxflXrlWRdL9IWzXC54Q,business
Onyx Restaurant At  Bogey's,Las Vegas,9,"['Wednesday 17:0-23:0', 'Thursday 17:0-23:0', 'Friday 17:0-23:0', 'Saturday 17:0-23:0', 'Sunday 17:0-23:0']",Centennial,"['American (New)', 'Restaurants']",36.2637013,3.5,"['Alcohol: full_bar', ""Ambience: {'romantic': False, 'intimate': False, 'classy': False, 'hipster': False, 'divey': False, 'touristy': False, 'trendy': False, 'upscale': False, 'casual': False}"", 'BikeParking: True', 'BusinessAcceptsCreditCards: True', ""BusinessParking: {'garage': False, 'street': False, 'validated': False, 'lot': True, 'valet': False}"", 'Caters: False', 'DogsAllowed: False', 'GoodForKids: False', ""GoodForMeal: {'dessert': False, 'latenight': False, 'lunch': False, 'dinner': True, 'breakfast': False, 'brunch': False}"", 'HasTV: True', 'NoiseLevel: very_loud', 'OutdoorSeating: False', 'RestaurantsAttire: casual', 'RestaurantsDelivery: False', 'RestaurantsGoodForGroups: True', 'RestaurantsPriceRange2: 3', 'RestaurantsReservations: True', 'RestaurantsTableService: True', 'RestaurantsTakeOut: True', 'WheelchairAccessible: True', 'WiFi: free']",-115.2655124,7770 W Ann Rd,89149,NV,0,VntjrwqcYS2WPKWjurzf9Q,business
Pizza Hut,Edinburgh,8,"['Monday 11:30-22:0', 'Tuesday 11:30-22:0', 'Wednesday 11:30-22:0', 'Thursday 11:30-22:0', 'Friday 11:30-23:0', 'Saturday 11:30-23:0', 'Sunday 12:0-22:0']",,"['Pizza', 'Restaurants']",55.9400435,3.5,"['BusinessAcceptsCreditCards: True', ""BusinessParking: {'garage': False, 'street': False, 'lot': False, 'valet': False}"", 'GoodForKids: True', 'RestaurantsAttire: dressy', 'RestaurantsDelivery: True', 'RestaurantsGoodForGroups: True', 'RestaurantsPriceRange2: 2', 'RestaurantsReservations: True', 'RestaurantsTakeOut: True', 'WheelchairAccessible: True']",-3.2187647,2 Dundee St,EH11 1AF,EDH,1,iTezzhTI7NTrMkn6vfmSjg,business
Ajo Al's Mexican Cafe,Glendale,103,"['Monday 11:0-21:0', 'Tuesday 11:0-21:0', 'Wednesday 11:0-21:0', 'Thursday 11:0-21:0', 'Friday 11:0-22:0', 'Saturday 8:30-22:0', 'Sunday 8:30-21:0']",,"['Mexican', 'Restaurants']",33.6390105,3.5,"['Alcohol: full_bar', ""Ambience: {'romantic': False, 'intimate': False, 'classy': False, 'hipster': False, 'divey': False, 'touristy': False, 'trendy': False, 'upscale': False, 'casual': True}"", 'BikeParking: True', 'BusinessAcceptsCreditCards: True', ""BusinessParking: {'garage': False, 'street': False, 'validated': False, 'lot': False, 'valet': False}"", 'Caters: True', 'GoodForKids: True', 'HasTV: False', 'NoiseLevel: average', 'OutdoorSeating: True', 'RestaurantsAttire: casual', 'RestaurantsDelivery: False', 'RestaurantsGoodForGroups: True', 'RestaurantsPriceRange2: 2', 'RestaurantsReservations: True', 'RestaurantsTableService: True', 'RestaurantsTakeOut: True', 'WiFi: free', ""GoodForMeal: {'dessert': False, 'latenight': False, 'lunch': True, 'dinner': True, 'breakfast': False, 'brunch': False}""]",-112.2197552,7458 W Bell Rd,85308,AZ,1,nc7YTLSXEWPG4Q0WlI5iPQ,business
Mavrik Wine Bar,Toronto,33,"['Tuesday 18:0-0:0', 'Wednesday 18:0-0:0', 'Thursday 18:0-0:0', 'Friday 18:0-2:0', 'Saturday 16:0-2:0']",Niagara,"['Wine Bars', 'Restaurants', 'Bars', 'Canadian (New)', 'Nightlife']",43.6466125,4.0,"['Alcohol: full_bar', ""Ambience: {'romantic': False, 'intimate': False, 'classy': False, 'hipster': False, 'touristy': False, 'trendy': True, 'upscale': False, 'casual': False}"", ""BestNights: {'monday': False, 'tuesday': False, 'friday': True, 'wednesday': False, 'thursday': True, 'sunday': False, 'saturday': True}"", 'BusinessAcceptsCreditCards: True', ""BusinessParking: {'garage': False, 'street': True, 'validated': False, 'lot': False, 'valet': False}"", 'Caters: False', 'CoatCheck: False', 'GoodForDancing: False', ""GoodForMeal: {'dessert': False, 'latenight': False, 'lunch': False, 'dinner': False, 'breakfast': False, 'brunch': False}"", 'HappyHour: False', 'HasTV: False', ""Music: {'dj': False, 'background_music': True, 'no_music': False, 'karaoke': False, 'live': False, 'video': False, 'jukebox': False}"", 'NoiseLevel: average', 'OutdoorSeating: False', 'RestaurantsDelivery: False', 'RestaurantsGoodForGroups: True', 'RestaurantsPriceRange2: 3', 'Smoking: no']",-79.4073567,676 Queen Street West,M6J 1E5,ON,0,f2cLqQutMDaxEsZGtk9TWw,business
Silk Road,Las Vegas,24,"['Monday 7:0-14:0', 'Tuesday 7:0-14:0', 'Wednesday 7:0-14:0', 'Thursday 7:0-14:0', 'Friday 7:0-14:0', 'Saturday 7:0-14:0', 'Sunday 7:0-14:0']",Eastside,"['Seafood', 'Restaurants', 'American (New)']",36.124423,3.5,"['Alcohol: full_bar', 'BusinessAcceptsCreditCards: True', ""BusinessParking: {'garage': False, 'street': False, 'validated': False, 'lot': False, 'valet': True}"", 'GoodForKids: True', ""GoodForMeal: {'dessert': False, 'latenight': False, 'lunch': False, 'dinner': False, 'breakfast': True, 'brunch': True}"", 'NoiseLevel: quiet', 'OutdoorSeating: False', 'RestaurantsAttire: casual', 'RestaurantsGoodForGroups: True', 'RestaurantsPriceRange2: 2', 'RestaurantsReservations: True', 'RestaurantsTableService: True', 'RestaurantsTakeOut: True', 'WheelchairAccessible: True', 'WiFi: free']",-115.146372,"Vdara, 2600 W Harmon Ave",89109,NV,0,LH-DYCy9v3kM4JRtpcquxw,business
Reid's Fine Food,Charlotte,5,"['Monday 9:0-21:0', 'Tuesday 9:0-21:0', 'Wednesday 9:0-21:0', 'Thursday 9:0-21:0', 'Friday 9:0-21:0', 'Saturday 9:0-21:0', 'Sunday 11:0-19:0']",,"['Southern', 'Butcher', 'Sandwiches', 'Cheese Shops', 'Food', 'Specialty Food', 'Restaurants', 'Grocery', 'Local Flavor']",35.1745344,4.0,"['Alcohol: beer_and_wine', ""Ambience: {'romantic': False, 'intimate': False, 'classy': False, 'hipster': False, 'divey': False, 'touristy': False, 'trendy': False, 'upscale': False, 'casual': False}"", 'BikeParking: True', 'BusinessAcceptsCreditCards: True', ""BusinessParking: {'garage': False, 'street': False, 'validated': False, 'lot': True, 'valet': False}"", 'Caters: True', 'GoodForKids: True', ""GoodForMeal: {'dessert': False, 'latenight': False, 'lunch': False, 'dinner': False, 'breakfast': False, 'brunch': False}"", 'HasTV: True', 'OutdoorSeating: True', 'RestaurantsAttire: casual', 'RestaurantsDelivery: True', 'RestaurantsGoodForGroups: False', 'RestaurantsPriceRange2: 2', 'RestaurantsReservations: False', 'RestaurantsTableService: True', 'RestaurantsTakeOut: True', 'WheelchairAccessible: True', 'WiFi: free']",-80.848208,9762 Charlotte Hwy,28209,NC,0,QnCWy07Vlp3F0rTruTTlfg,business
Subway,Las Vegas,12,"['Monday 0:0-0:0', 'Tuesday 0:0-0:0', 'Wednesday 0:0-0:0', 'Thursday 0:0-0:0', 'Friday 0:0-0:0', 'Saturday 0:0-0:0', 'Sunday 0:0-0:0']",Eastside,"['Fast Food', 'Sandwiches', 'Restaurants']",36.1075874,2.5,"['BikeParking: False', 'BusinessAcceptsCreditCards: True', 'DriveThru: False', 'GoodForKids: True', ""GoodForMeal: {'dessert': False, 'latenight': False, 'lunch': False, 'dinner': False, 'breakfast': False, 'brunch': False}"", 'HasTV: False', 'OutdoorSeating: False', 'RestaurantsAttire: casual', 'RestaurantsDelivery: False', 'RestaurantsGoodForGroups: True', 'RestaurantsPriceRange2: 1', 'RestaurantsReservations: False', 'RestaurantsTakeOut: True']",-115.1524831,"4501 Paradise Rd, Ste P",89169,NV,1,IsVtFDJgNzBdTce2xSOmwQ,business
Bonsai,Edinburgh,21,"['Monday 12:0-22:30', 'Tuesday 12:0-22:30', 'Wednesday 12:0-22:30', 'Thursday 12:0-22:30', 'Friday 12:0-22:30', 'Saturday 12:0-22:30', 'Sunday 12:0-22:30']",New Town,"['Sushi Bars', 'Japanese', 'Restaurants']",55.9571659978,3.5,"['Alcohol: full_bar', ""Ambience: {'romantic': False, 'intimate': False, 'classy': False, 'hipster': False, 'touristy': False, 'trendy': False, 'upscale': False, 'casual': False}"", 'BikeParking: True', 'BusinessAcceptsCreditCards: True', 'GoodForKids: True', ""GoodForMeal: {'dessert': False, 'latenight': False, 'lunch': True, 'dinner': False, 'breakfast': False, 'brunch': False}"", 'HasTV: False', 'NoiseLevel: quiet', 'OutdoorSeating: False', 'RestaurantsAttire: casual', 'RestaurantsDelivery: False', 'RestaurantsGoodForGroups: True', 'RestaurantsPriceRange2: 2', 'RestaurantsReservations: True', 'RestaurantsTableService: True', 'RestaurantsTakeOut: True']",-3.1883857565,14 Broughton Street,EH1 3RH,EDH,1,VgoTwOJR1RwW8Jp_xmS_QQ,business
Quiznos,Toronto,4,,Downtown Core,"['Restaurants', 'Sandwiches']",43.6507016,3.0,"['Alcohol: none', ""Ambience: {'romantic': False, 'intimate': False, 'classy': False, 'hipster': False, 'touristy': False, 'trendy': False, 'upscale': False, 'casual': False}"", 'BikeParking: True', 'BusinessAcceptsCreditCards: True', 'Caters: True', 'GoodForKids: True', ""GoodForMeal: {'dessert': False, 'latenight': False, 'lunch': False, 'dinner': False, 'breakfast': False, 'brunch': False}"", 'HasTV: False', 'OutdoorSeating: False', 'RestaurantsAttire: casual', 'RestaurantsDelivery: True', 'RestaurantsGoodForGroups: True', 'RestaurantsPriceRange2: 1', 'RestaurantsReservations: False', 'RestaurantsTableService: False', 'RestaurantsTakeOut: True', 'WiFi: no']",-79.3783046,115 Yonge Street,M5C 1W4,ON,1,tGoYMqmOUhZsQpdNnbllQQ,business
Pizza Hut,Waxhaw,7,"['Tuesday 11:0-23:0', 'Wednesday 11:0-23:0', 'Thursday 11:0-23:0', 'Friday 11:0-13:0', 'Saturday 11:0-13:0', 'Sunday 11:0-23:0']",,"['Pizza', 'Restaurants']",34.9245482185,2.0,,-80.7449110597,703 W South Main St,28173,NC,1,WEv5UoT2W2lKDq5ptXEniQ,business
Taverna Ladi Rigani,Stuttgart,5,"['Monday 11:30-23:30', 'Tuesday 11:30-23:30', 'Wednesday 11:30-23:30', 'Thursday 11:30-23:30', 'Friday 11:30-23:30', 'Saturday 11:30-23:30', 'Sunday 11:30-23:30']",,"['Greek', 'Restaurants']",48.80025,3.5,"['Alcohol: full_bar', 'BusinessAcceptsCreditCards: False', ""BusinessParking: {'garage': False, 'street': True, 'validated': False, 'lot': True, 'valet': False}"", 'Caters: True', 'DogsAllowed: True', 'OutdoorSeating: True', 'RestaurantsAttire: casual', 'RestaurantsDelivery: False', 'RestaurantsPriceRange2: 1', 'RestaurantsReservations: True', 'RestaurantsTableService: True', 'RestaurantsTakeOut: True', 'WheelchairAccessible: True', 'WiFi: free']",9.22581,Deckerstr. 51,70372,BW,0,RtOP4wAqi6kFm4ZMTSQX4Q,business
Com Tam Dao Vien Peach Garden Restaurant,Toronto,8,,,"['Restaurants', 'Vietnamese']",43.7507696674,3.5,"[""Ambience: {'romantic': False, 'intimate': False, 'classy': False, 'hipster': False, 'touristy': False, 'trendy': False, 'upscale': False, 'casual': False}"", 'BusinessAcceptsCreditCards: True', ""BusinessParking: {'garage': False, 'street': False, 'validated': False, 'lot': False, 'valet': False}"", 'GoodForKids: True', ""GoodForMeal: {'dessert': False, 'latenight': False, 'lunch': False, 'dinner': False, 'breakfast': False, 'brunch': False}"", 'HasTV: False', 'NoiseLevel: average', 'OutdoorSeating: False', 'RestaurantsAttire: casual', 'RestaurantsDelivery: False', 'RestaurantsGoodForGroups: True', 'RestaurantsPriceRange2: 1', 'RestaurantsReservations: False', 'RestaurantsTableService: True', 'RestaurantsTakeOut: True']",-79.5464342695,"2437 Finch Avenue W, Unit 9 - 10",M9M 2E7,ON,0,qW670GkK3WdOr3gQWpUegA,business
Tasty BBQ Kitchen,Las Vegas,19,"['Monday 17:0-1:0', 'Wednesday 17:0-1:0', 'Thursday 17:0-1:0', 'Friday 17:0-1:0', 'Saturday 17:0-1:0', 'Sunday 17:0-1:0']",Spring Valley,"['Restaurants', 'Chinese', 'Barbeque']",36.1008769,4.0,"['Alcohol: none', ""Ambience: {'romantic': False, 'intimate': False, 'classy': False, 'hipster': False, 'divey': False, 'touristy': False, 'trendy': False, 'upscale': False, 'casual': True}"", 'BikeParking: True', 'BusinessAcceptsCreditCards: True', ""BusinessParking: {'garage': False, 'street': False, 'validated': False, 'lot': True, 'valet': False}"", 'Caters: True', 'GoodForKids: True', ""GoodForMeal: {'dessert': False, 'latenight': True, 'lunch': False, 'dinner': True, 'breakfast': False, 'brunch': False}"", 'HasTV: True', 'NoiseLevel: average', 'OutdoorSeating: False', 'RestaurantsAttire: casual', 'RestaurantsDelivery: False', 'RestaurantsGoodForGroups: True', 'RestaurantsPriceRange2: 1', 'RestaurantsTableService: True', 'RestaurantsTakeOut: True', 'WiFi: free', 'RestaurantsReservations: True']",-115.2445968,"4825 S. Rainbow Blvd, Suite 204 - 205",89103,NV,1,N3zuaqGESF5iZsi_md9c1Q,business
Okra Cookhouse & Cocktails,Phoenix,176,"['Monday 16:0-22:0', 'Tuesday 16:0-22:0', 'Wednesday 16:0-22:0', 'Thursday 16:0-22:0', 'Friday 16:0-23:0', 'Saturday 15:0-23:0', 'Sunday 15:0-21:0']",,"['Nightlife', 'American (New)', 'Bars', 'Italian', 'Restaurants', 'Cocktail Bars', 'Southern']",33.522359,4.0,"['Alcohol: full_bar', ""Ambience: {'romantic': False, 'intimate': False, 'classy': False, 'hipster': False, 'divey': False, 'touristy': False, 'trendy': True, 'upscale': False, 'casual': True}"", ""BestNights: {'monday': False, 'tuesday': False, 'friday': True, 'wednesday': False, 'thursday': False, 'sunday': True, 'saturday': True}"", 'BikeParking: True', 'BusinessAcceptsBitcoin: False', 'BusinessAcceptsCreditCards: True', ""BusinessParking: {'garage': False, 'street': False, 'validated': False, 'lot': True, 'valet': False}"", 'Caters: False', 'CoatCheck: False', 'DogsAllowed: True', 'GoodForDancing: False', 'GoodForKids: False', ""GoodForMeal: {'dessert': True, 'latenight': False, 'lunch': False, 'dinner': True, 'breakfast': False, 'brunch': False}"", 'HappyHour: True', 'HasTV: True', ""Music: {'dj': False, 'background_music': False, 'no_music': False, 'karaoke': False, 'live': False, 'video': False, 'jukebox': False}"", 'NoiseLevel: average', 'OutdoorSeating: True', 'RestaurantsAttire: casual', 'RestaurantsDelivery: False', 'RestaurantsGoodForGroups: True', 'RestaurantsPriceRange2: 2', 'RestaurantsReservations: True', 'RestaurantsTableService: True', 'RestaurantsTakeOut: True', 'Smoking: no', 'WiFi: free']",-112.0645588,5813 N 7th St,85014,AZ,1,AueEbb9kao4lt6CYt06hqw,business
Max's Chicken and Seafood,Mississauga,3,"['Monday 11:0-23:0', 'Tuesday 11:0-23:0', 'Wednesday 11:0-23:0', 'Thursday 11:0-23:0', 'Friday 11:0-23:0', 'Saturday 11:0-23:0', 'Sunday 11:0-23:0']",East Credit,"['Seafood', 'Restaurants', 'Food']",43.6062361,2.5,"['Alcohol: none', ""Ambience: {'romantic': False, 'intimate': False, 'classy': False, 'hipster': False, 'touristy': False, 'trendy': False, 'upscale': False, 'casual': False}"", 'BusinessAcceptsCreditCards: True', ""BusinessParking: {'garage': False, 'street': False, 'validated': False, 'lot': False, 'valet': False}"", 'Caters: False', 'GoodForKids: True', ""GoodForMeal: {'dessert': False, 'latenight': False, 'lunch': True, 'dinner': False, 'breakfast': False, 'brunch': False}"", 'HasTV: True', 'NoiseLevel: very_loud', 'OutdoorSeating: False', 'RestaurantsAttire: casual', 'RestaurantsDelivery: False', 'RestaurantsGoodForGroups: True', 'RestaurantsPriceRange2: 1', 'RestaurantsReservations: False', 'RestaurantsTableService: False', 'RestaurantsTakeOut: True', 'WiFi: no']",-79.6915473,801 Matheson Boulevard W,L5V 2N6,ON,0,MxghJ-pBUXhOJ_XN0roafw,business
Universel,Montréal,251,"['Monday 7:0-22:0', 'Tuesday 7:0-22:0', 'Wednesday 7:0-23:0', 'Thursday 7:0-0:0', 'Friday 7:0-0:0', 'Saturday 7:0-0:0', 'Sunday 7:0-22:0']",Ville-Marie,"['Burgers', 'Pizza', 'Breakfast & Brunch', 'Restaurants', 'French']",45.5015765,4.0,"['Alcohol: full_bar', ""Ambience: {'romantic': False, 'intimate': False, 'classy': False, 'hipster': False, 'touristy': False, 'trendy': False, 'upscale': False, 'casual': True}"", 'BikeParking: True', 'BusinessAcceptsCreditCards: True', ""BusinessParking: {'garage': False, 'street': True, 'validated': False, 'lot': False, 'valet': False}"", 'Caters: False', 'DogsAllowed: False', 'DriveThru: False', 'GoodForKids: True', ""GoodForMeal: {'dessert': False, 'latenight': False, 'lunch': False, 'dinner': False, 'breakfast': True, 'brunch': True}"", 'HasTV: True', 'NoiseLevel: average', 'OutdoorSeating: True', 'RestaurantsAttire: casual', 'RestaurantsDelivery: False', 'RestaurantsGoodForGroups: True', 'RestaurantsPriceRange2: 2', 'RestaurantsReservations: True', 'RestaurantsTableService: True', 'RestaurantsTakeOut: True', 'WheelchairAccessible: True', 'WiFi: free']",-73.5755787,2055 Rue Peel,H3A 1V4,QC,1,WOd8tWsh2Yt_osHv-ngx_w,business
Doner Kebab House,Toronto,79,"['Monday 10:0-23:0', 'Tuesday 10:0-23:0', 'Wednesday 10:0-23:0', 'Thursday 10:0-23:0', 'Friday 10:0-23:0', 'Saturday 10:0-23:0', 'Sunday 10:0-23:0']",Ryerson,"['Restaurants', 'Donairs', 'Food', 'Fast Food', 'Turkish']",43.6588619,4.0,"['Alcohol: none', ""Ambience: {'romantic': False, 'intimate': False, 'classy': False, 'hipster': False, 'touristy': False, 'trendy': False, 'upscale': False, 'casual': True}"", 'BikeParking: True', 'BusinessAcceptsCreditCards: False', ""BusinessParking: {'garage': False, 'street': True, 'validated': False, 'lot': False, 'valet': False}"", 'Caters: False', 'DriveThru: False', 'GoodForKids: True', ""GoodForMeal: {'dessert': False, 'latenight': False, 'lunch': True, 'dinner': True, 'breakfast': False, 'brunch': False}"", 'HasTV: False', 'NoiseLevel: average', 'OutdoorSeating: False', 'RestaurantsAttire: casual', 'RestaurantsDelivery: False', 'RestaurantsGoodForGroups: False', 'RestaurantsPriceRange2: 1', 'RestaurantsReservations: False', 'RestaurantsTableService: False', 'RestaurantsTakeOut: True', 'WheelchairAccessible: True', 'WiFi: no']",-79.3818484,385 Yonge Street,M5B 1S1,ON,1,yiKd42V_SoI_08DL62twDQ,business
Krispy Kreme Doughnuts,Paradise Valley,3,,,"['Food', 'Donuts', 'Restaurants', 'Breakfast & Brunch', 'Coffee & Tea']",33.602086,4.5,"['Alcohol: none', 'BusinessAcceptsCreditCards: True', ""BusinessParking: {'garage': False, 'street': False, 'validated': False, 'lot': False, 'valet': False}"", 'Caters: False', 'GoodForKids: True', ""GoodForMeal: {'dessert': False, 'latenight': False, 'lunch': False, 'dinner': False, 'breakfast': False, 'brunch': False}"", 'HasTV: False', 'NoiseLevel: average', 'OutdoorSeating: True', 'RestaurantsAttire: casual', 'RestaurantsDelivery: False', 'RestaurantsGoodForGroups: True', 'RestaurantsPriceRange2: 1', 'RestaurantsReservations: False', 'RestaurantsTableService: False', 'RestaurantsTakeOut: True', 'WiFi: no']",-111.988061,12629 N Paradise Village Pkwy W,85032,AZ,0,l_avaxo9mSz_s02P-c0-1w,business
The Original Mosque Kitchen,Edinburgh,41,"['Monday 11:30-20:0', 'Tuesday 11:30-20:0', 'Wednesday 11:30-20:0', 'Thursday 11:30-20:0', 'Friday 11:30-20:0', 'Saturday 11:30-20:0', 'Sunday 11:30-20:0']",Newington,"['Food', 'Imported Food', 'Restaurants', 'Pakistani', 'Specialty Food', 'Ethnic Food']",55.9450577,4.0,"['Alcohol: none', ""Ambience: {'romantic': False, 'intimate': False, 'classy': False, 'hipster': False, 'touristy': False, 'trendy': False, 'upscale': False, 'casual': False}"", 'BikeParking: True', 'BusinessAcceptsCreditCards: False', ""BusinessParking: {'garage': False, 'street': False, 'lot': False, 'valet': False}"", 'Caters: True', 'GoodForKids: True', ""GoodForMeal: {'dessert': False, 'latenight': False, 'lunch': True, 'dinner': False, 'breakfast': False, 'brunch': False}"", 'HasTV: False', 'NoiseLevel: average', 'OutdoorSeating: True', 'RestaurantsAttire: casual', 'RestaurantsDelivery: False', 'RestaurantsGoodForGroups: True', 'RestaurantsPriceRange2: 1', 'RestaurantsReservations: False', 'RestaurantsTableService: False', 'RestaurantsTakeOut: True', 'WheelchairAccessible: True', 'WiFi: no']",-3.1865445,50 Potterow,EH8 9BT,EDH,1,ksP8426d2qN-mg-JDpkRVQ,business
Simon and Joes Eatery,Las Vegas,25,"['Monday 10:0-22:0', 'Tuesday 10:0-22:0', 'Wednesday 10:0-22:0', 'Thursday 10:0-22:0', 'Friday 10:0-16:0', 'Saturday 9:30-23:30', 'Sunday 10:0-22:0']",,"['Food', 'Restaurants', 'Mediterranean', 'Bakeries']",36.101527,4.5,"[""Ambience: {'romantic': False, 'intimate': False, 'classy': False, 'hipster': False, 'divey': False, 'touristy': False, 'trendy': False, 'upscale': False, 'casual': False}"", 'BikeParking: True', 'BusinessAcceptsCreditCards: True', ""BusinessParking: {'garage': False, 'street': False, 'validated': False, 'lot': False, 'valet': False}"", 'GoodForKids: True', ""GoodForMeal: {'dessert': False, 'latenight': False, 'lunch': False, 'dinner': False, 'breakfast': False, 'brunch': False}"", 'HasTV: True', 'OutdoorSeating: False', 'RestaurantsAttire: casual', 'RestaurantsDelivery: True', 'RestaurantsGoodForGroups: True', 'RestaurantsPriceRange2: 2', 'RestaurantsReservations: True', 'RestaurantsTakeOut: True', 'WiFi: free', 'WheelchairAccessible: True']",-115.1892261,"3720 W Tropicana Ave, Ste 1",89103,NV,1,3p7mUvZtYocYf8gYEENGxw,business
KINTON RAMEN,Montréal,58,"['Monday 11:30-22:30', 'Tuesday 11:30-22:30', 'Wednesday 11:30-22:30', 'Thursday 11:30-22:30', 'Friday 11:30-22:30', 'Saturday 11:30-22:30', 'Sunday 11:30-22:30']",Ville-Marie,"['Japanese', 'Restaurants', 'Ramen']",45.4959489,3.5,"['Alcohol: full_bar', ""Ambience: {'romantic': False, 'intimate': False, 'classy': False, 'hipster': False, 'touristy': False, 'trendy': True, 'upscale': False, 'casual': True}"", 'BikeParking: True', 'BusinessAcceptsCreditCards: True', ""BusinessParking: {'garage': False, 'street': True, 'validated': False, 'lot': False, 'valet': False}"", 'Caters: False', 'DogsAllowed: False', 'GoodForKids: True', ""GoodForMeal: {'dessert': False, 'latenight': False, 'lunch': True, 'dinner': True, 'breakfast': False, 'brunch': False}"", 'HasTV: False', 'NoiseLevel: average', 'OutdoorSeating: False', 'RestaurantsAttire: casual', 'RestaurantsDelivery: False', 'RestaurantsGoodForGroups: True', 'RestaurantsPriceRange2: 2', 'RestaurantsReservations: False', 'RestaurantsTableService: True', 'RestaurantsTakeOut: True', 'WheelchairAccessible: False', 'WiFi: no']",-73.5750282,1211 Rue Bishop,H3G 2E2,QC,1,drNjH8Z63cgp8FWXh2hahA,business
QDOBA Mexican Eats,Madison,6,"['Monday 10:30-3:30', 'Tuesday 10:30-3:30', 'Wednesday 10:30-3:30', 'Thursday 10:30-3:30', 'Friday 10:30-3:30', 'Saturday 10:30-3:30', 'Sunday 10:30-2:0']",South Campus,"['Mexican', 'Restaurants', 'Caterers', 'Fast Food', 'Event Planning & Services']",43.0678629771,3.5,"[""Ambience: {'romantic': False, 'intimate': False, 'classy': False, 'hipster': False, 'divey': False, 'touristy': False, 'trendy': False, 'upscale': False, 'casual': False}"", 'BikeParking: True', 'BusinessAcceptsCreditCards: True', ""BusinessParking: {'garage': False, 'street': False, 'validated': False, 'lot': False, 'valet': False}"", 'Caters: False', 'DriveThru: False', 'GoodForKids: True', ""GoodForMeal: {'dessert': False, 'latenight': False, 'lunch': False, 'dinner': False, 'breakfast': False, 'brunch': False}"", 'HasTV: True', 'OutdoorSeating: False', 'RestaurantsAttire: casual', 'RestaurantsDelivery: False', 'RestaurantsGoodForGroups: True', 'RestaurantsPriceRange2: 1', 'RestaurantsReservations: False', 'RestaurantsTableService: False', 'RestaurantsTakeOut: True']",-89.4012370706,2 N Park St,53715,WI,1,jc8yrgtHvcNwdhc5HWGQ4A,business
Betty's Rooste,Sun City,8,"['Monday 7:30-14:30', 'Tuesday 7:30-14:30', 'Wednesday 7:30-14:30', 'Thursday 7:30-14:30', 'Friday 7:30-14:30']",,"['American (Traditional)', 'Restaurants', 'Cafes', 'Sandwiches']",33.604479,5.0,"['Alcohol: none', ""Ambience: {'romantic': False, 'intimate': False, 'classy': False, 'hipster': False, 'divey': False, 'touristy': False, 'trendy': False, 'upscale': False, 'casual': True}"", 'BikeParking: True', 'BusinessAcceptsCreditCards: True', ""BusinessParking: {'garage': False, 'street': False, 'validated': False, 'lot': False, 'valet': False}"", 'Caters: False', 'GoodForKids: True', ""GoodForMeal: {'dessert': False, 'latenight': False, 'lunch': True, 'dinner': False, 'breakfast': False, 'brunch': False}"", 'HasTV: False', 'NoiseLevel: average', 'OutdoorSeating: False', 'RestaurantsAttire: casual', 'RestaurantsDelivery: False', 'RestaurantsGoodForGroups: True', 'RestaurantsPriceRange2: 2', 'RestaurantsReservations: False', 'RestaurantsTableService: True', 'RestaurantsTakeOut: True', 'WiFi: no']",-112.285936,"10503 W Thunderbird Blvd, Ste 102",85351,AZ,1,bR23zlcVESo_vnBlCLBpwQ,business
Booming Pot Noodles,Las Vegas,150,"['Monday 11:30-23:0', 'Tuesday 11:30-23:0', 'Wednesday 11:30-23:0', 'Thursday 11:30-23:0', 'Friday 11:30-23:0', 'Saturday 11:30-23:0', 'Sunday 11:30-23:0']",Chinatown,"['Restaurants', 'Soup', 'Taiwanese', 'Chinese']",36.1268272,4.0,"['Alcohol: beer_and_wine', ""Ambience: {'romantic': False, 'intimate': False, 'classy': False, 'hipster': False, 'divey': False, 'touristy': False, 'trendy': False, 'upscale': False, 'casual': True}"", 'BikeParking: True', 'BusinessAcceptsBitcoin: False', 'BusinessAcceptsCreditCards: True', ""BusinessParking: {'garage': False, 'street': False, 'validated': False, 'lot': True, 'valet': False}"", 'Caters: False', 'DogsAllowed: True', 'GoodForKids: True', ""GoodForMeal: {'dessert': False, 'latenight': False, 'lunch': False, 'dinner': True, 'breakfast': False, 'brunch': False}"", 'HasTV: True', 'NoiseLevel: average', 'OutdoorSeating: False', 'RestaurantsAttire: casual', 'RestaurantsDelivery: False', 'RestaurantsGoodForGroups: True', 'RestaurantsPriceRange2: 2', 'RestaurantsReservations: True', 'RestaurantsTableService: True', 'RestaurantsTakeOut: True', 'WheelchairAccessible: True', 'WiFi: free']",-115.2075436,"3466 S Decatur Blvd, Ste E",89102,NV,0,jnroKk9qi0FR2bFSkxYZNg,business
Morazan Restaurant,Charlotte,5,"['Monday 8:0-22:0', 'Tuesday 8:0-22:0', 'Wednesday 8:0-22:0', 'Thursday 8:0-22:0', 'Friday 8:0-22:0', 'Saturday 8:0-22:0', 'Sunday 8:0-22:0']",Starmount,"['Restaurants', 'Latin American']",35.148215,4.0,"['Alcohol: full_bar', 'BusinessAcceptsCreditCards: True', 'GoodForKids: True', ""GoodForMeal: {'dessert': False, 'latenight': False, 'lunch': False, 'dinner': False, 'breakfast': False, 'brunch': False}"", 'HasTV: True', 'NoiseLevel: average', 'OutdoorSeating: False', 'RestaurantsAttire: casual', 'RestaurantsDelivery: False', 'RestaurantsGoodForGroups: True', 'RestaurantsPriceRange2: 2', 'RestaurantsReservations: False', 'RestaurantsTableService: True', 'RestaurantsTakeOut: True']",-80.8950909,201 Archdale Dr,28217,NC,1,0ol96MXnGGSON0DhOWaz9g,business
West Side Slices,Cleveland,4,"['Monday 13:0-1:0', 'Tuesday 13:0-1:0', 'Wednesday 13:0-1:0', 'Thursday 13:0-1:0', 'Friday 13:0-3:0', 'Saturday 13:0-3:0', 'Sunday 13:0-22:0']",,"['Burgers', 'Pizza', 'Chicken Wings', 'Restaurants']",41.449895,4.0,"['Alcohol: none', 'BusinessAcceptsCreditCards: True', 'GoodForKids: True', 'OutdoorSeating: False', 'RestaurantsAttire: casual', 'RestaurantsDelivery: True', 'RestaurantsGoodForGroups: True', 'RestaurantsReservations: True', 'RestaurantsTableService: True', 'RestaurantsTakeOut: True', 'WheelchairAccessible: True', 'WiFi: free', ""BusinessParking: {'garage': False, 'street': True, 'validated': False, 'lot': True, 'valet': False}"", 'HasTV: True', 'BikeParking: True', 'BusinessAcceptsBitcoin: True', 'Caters: True', 'DogsAllowed: True']",-81.8162,17109 Lorain Ave,44111,OH,1,txVbZR1mAB6GL8G4Sx4KHA,business
The Third Place,Cleveland,17,"['Monday 10:0-2:0', 'Tuesday 10:0-2:0', 'Wednesday 10:0-2:0', 'Thursday 10:0-2:0', 'Friday 10:0-2:0', 'Saturday 10:0-2:0', 'Sunday 10:0-2:0']",,"['Nightlife', 'Bars', 'American (Traditional)', 'Sports Bars', 'Restaurants']",41.463196,4.0,"['Alcohol: full_bar', ""Ambience: {'romantic': False, 'intimate': False, 'classy': False, 'hipster': False, 'divey': False, 'touristy': False, 'trendy': False, 'upscale': False, 'casual': False}"", ""BestNights: {'monday': False, 'tuesday': True, 'friday': False, 'wednesday': False, 'thursday': False, 'sunday': False, 'saturday': False}"", 'BikeParking: True', 'BusinessAcceptsCreditCards: True', ""BusinessParking: {'garage': False, 'street': False, 'validated': False, 'lot': False, 'valet': False}"", 'Caters: True', 'CoatCheck: False', 'GoodForDancing: False', 'GoodForKids: True', ""GoodForMeal: {'dessert': False, 'latenight': False, 'lunch': False, 'dinner': False, 'breakfast': False, 'brunch': False}"", 'HappyHour: True', 'HasTV: True', ""Music: {'dj': True, 'background_music': False, 'no_music': False, 'karaoke': False, 'live': False, 'video': False, 'jukebox': True}"", 'NoiseLevel: average', 'OutdoorSeating: False', 'RestaurantsAttire: casual', 'RestaurantsGoodForGroups: True', 'RestaurantsPriceRange2: 1', 'RestaurantsReservations: False', 'RestaurantsTableService: True', 'RestaurantsTakeOut: True', 'Smoking: outdoor', 'WheelchairAccessible: True', 'WiFi: free', 'RestaurantsDelivery: True']",-81.8022459,3314 Warren Rd,44111,OH,1,QjEob2WSROiBPVjh0-BfxQ,business
Souvlaki Hut Greek Taverna,Toronto,4,"['Monday 11:0-22:0', 'Tuesday 11:0-22:0', 'Wednesday 11:0-22:0', 'Thursday 11:0-22:0', 'Friday 11:0-22:0', 'Saturday 11:0-22:0', 'Sunday 12:0-22:0']",Etobicoke,"['Restaurants', 'Greek']",43.6469190192,4.0,"['GoodForKids: True', 'RestaurantsGoodForGroups: True', 'RestaurantsTakeOut: True']",-79.5143068582,3080 Bloor Street W,M8X 1C8,ON,1,YXeRxDKwR0EuVKQwvTQVBQ,business
Hailed Coffee,Toronto,14,"['Monday 7:30-17:0', 'Tuesday 7:30-17:0', 'Wednesday 7:30-17:0', 'Thursday 7:30-17:0', 'Friday 8:0-23:0', 'Saturday 8:0-23:0', 'Sunday 8:0-16:0']",Leslieville,"['Food', 'Cafes', 'Restaurants', 'Coffee & Tea', 'Desserts']",43.6668908,5.0,"['BikeParking: True', ""BusinessParking: {'garage': False, 'street': False, 'validated': False, 'lot': False, 'valet': False}"", 'OutdoorSeating: False', 'RestaurantsPriceRange2: 2', 'RestaurantsTakeOut: True', 'WheelchairAccessible: True', 'WiFi: free']",-79.3454201,801 Gerrard Street E,M4M 1Y5,ON,1,kyJaqGToSG0p9w5GmnLLCQ,business
Bete Avon,Thornhill,3,,,"['Middle Eastern', 'Pizza', 'Kosher', 'Restaurants']",43.8083574,3.5,,-79.4627331,1136 Centre Street,L4J 3M8,ON,0,aPFiBLJOXqRd4Y6g4Ynx4Q,business
McDonald's,Phoenix,15,,,"['Restaurants', 'Fast Food', 'Burgers']",33.407507,1.5,"['Alcohol: none', ""Ambience: {'romantic': False, 'intimate': False, 'classy': False, 'hipster': False, 'divey': False, 'touristy': False, 'trendy': False, 'upscale': False, 'casual': False}"", 'BikeParking: False', 'BusinessAcceptsCreditCards: True', ""BusinessParking: {'garage': False, 'street': False, 'validated': False, 'lot': False, 'valet': False}"", 'Caters: False', 'DriveThru: True', 'GoodForKids: True', ""GoodForMeal: {'dessert': False, 'latenight': False, 'lunch': False, 'dinner': False, 'breakfast': True, 'brunch': False}"", 'HasTV: True', 'NoiseLevel: average', 'OutdoorSeating: False', 'RestaurantsAttire: casual', 'RestaurantsDelivery: False', 'RestaurantsGoodForGroups: True', 'RestaurantsPriceRange2: 1', 'RestaurantsReservations: False', 'RestaurantsTableService: False', 'RestaurantsTakeOut: True', 'WiFi: free']",-112.0138782,3130 E Broadway Rd,85040,AZ,1,8ZhTEANRxKQ3KAW1wY9r6Q,business
Tega Cay Gourmet Deli,Tega Cay,35,"['Monday 7:0-15:0', 'Tuesday 7:0-15:0', 'Wednesday 7:0-15:0', 'Thursday 7:0-15:0', 'Friday 7:0-15:0', 'Saturday 7:0-15:0', 'Sunday 8:0-14:0']",,"['Food', 'Sandwiches', 'Bagels', 'Restaurants', 'Delis', 'Breakfast & Brunch']",35.0474652,4.5,"['Alcohol: none', ""Ambience: {'romantic': False, 'intimate': False, 'classy': False, 'hipster': False, 'divey': False, 'touristy': False, 'trendy': False, 'upscale': False, 'casual': False}"", 'BikeParking: True', 'BusinessAcceptsCreditCards: True', ""BusinessParking: {'garage': False, 'street': False, 'validated': False, 'lot': False, 'valet': False}"", 'Caters: True', 'GoodForKids: True', ""GoodForMeal: {'dessert': False, 'latenight': False, 'lunch': False, 'dinner': False, 'breakfast': False, 'brunch': True}"", 'HasTV: False', 'NoiseLevel: average', 'OutdoorSeating: True', 'RestaurantsAttire: casual', 'RestaurantsDelivery: False', 'RestaurantsGoodForGroups: True', 'RestaurantsPriceRange2: 1', 'RestaurantsReservations: False', 'RestaurantsTakeOut: True', 'WiFi: paid', 'RestaurantsTableService: False']",-80.9918522,1143 Stonecrest Blvd,29708,SC,1,XZ6cTNYjdO0MzqLqT9EMyw,business
Sakura,Stuttgart,60,"['Monday 17:30-23:0', 'Tuesday 17:30-23:0', 'Wednesday 17:30-23:0', 'Thursday 17:30-23:0', 'Friday 17:30-23:0', 'Saturday 12:0-23:0', 'Sunday 17:0-23:0']",,"['Chinese', 'Restaurants', 'Japanese', 'Asian Fusion']",48.77314,2.5,"['Alcohol: beer_and_wine', ""Ambience: {'romantic': False, 'intimate': False, 'classy': False, 'hipster': False, 'touristy': False, 'trendy': False, 'upscale': False, 'casual': False}"", 'BikeParking: True', 'BusinessAcceptsCreditCards: True', ""BusinessParking: {'garage': False, 'street': True, 'validated': False, 'lot': False, 'valet': False}"", 'Caters: False', 'DogsAllowed: False', 'GoodForKids: True', ""GoodForMeal: {'dessert': False, 'latenight': False, 'lunch': True, 'dinner': False, 'breakfast': False, 'brunch': False}"", 'HasTV: False', 'NoiseLevel: average', 'OutdoorSeating: False', 'RestaurantsAttire: casual', 'RestaurantsDelivery: False', 'RestaurantsGoodForGroups: True', 'RestaurantsPriceRange2: 2', 'RestaurantsReservations: True', 'RestaurantsTableService: True', 'RestaurantsTakeOut: True', 'WheelchairAccessible: False', 'WiFi: no']",9.1735,Kleine Königstr. 11,70178,BW,1,KUI1j3pYVVQ6ddLqTS0GWw,business
Sultan Saray,Stuttgart,53,"['Monday 11:0-0:0', 'Tuesday 11:0-0:0', 'Wednesday 11:0-0:0', 'Thursday 11:0-0:0', 'Friday 11:0-0:0', 'Saturday 12:0-0:0', 'Sunday 12:0-0:0']",,"['Restaurants', 'Vegetarian', 'Turkish']",48.7731944613,3.5,"['Alcohol: full_bar', ""Ambience: {'romantic': False, 'intimate': False, 'classy': False, 'hipster': False, 'touristy': False, 'trendy': False, 'upscale': False, 'casual': True}"", 'BikeParking: True', 'BusinessAcceptsCreditCards: True', ""BusinessParking: {'garage': False, 'street': True, 'validated': False, 'lot': False, 'valet': False}"", 'Caters: False', 'DogsAllowed: False', 'GoodForKids: True', ""GoodForMeal: {'dessert': False, 'latenight': False, 'lunch': False, 'dinner': True, 'breakfast': False, 'brunch': False}"", 'HasTV: False', 'NoiseLevel: average', 'OutdoorSeating: False', 'RestaurantsAttire: casual', 'RestaurantsDelivery: False', 'RestaurantsGoodForGroups: True', 'RestaurantsPriceRange2: 2', 'RestaurantsReservations: True', 'RestaurantsTableService: True', 'RestaurantsTakeOut: True', 'WiFi: no']",9.1685424645,"Rotebühlstr. 53, West",70178,BW,1,ZtVuxiVBi5n1v0fv1wCgAw,business
Restaurant Tsv Steinhaldenfeld,Stuttgart,8,"['Tuesday 10:0-1:0', 'Wednesday 10:0-1:0', 'Thursday 10:0-1:0', 'Friday 10:0-1:0', 'Saturday 10:0-1:0', 'Sunday 10:0-1:0']",,"['Swabian', 'International', 'Sports Clubs', 'Active Life', 'Italian', 'Restaurants', 'Amateur Sports Teams']",48.82974,4.0,"['Alcohol: full_bar', 'BusinessAcceptsCreditCards: True', ""BusinessParking: {'garage': False, 'street': False, 'validated': False, 'lot': False, 'valet': False}"", 'GoodForKids: True', ""GoodForMeal: {'dessert': False, 'latenight': False, 'lunch': False, 'dinner': False, 'breakfast': False, 'brunch': False}"", 'HasTV: True', 'NoiseLevel: average', 'OutdoorSeating: True', 'RestaurantsAttire: casual', 'RestaurantsDelivery: True', 'RestaurantsGoodForGroups: True', 'RestaurantsPriceRange2: 2', 'RestaurantsReservations: True', 'RestaurantsTableService: True', 'RestaurantsTakeOut: False', 'WheelchairAccessible: True', 'WiFi: no']",9.24035,Schmollerstr. 185,70378,BW,1,-k0Ksk_FSzQAiKU6tdjayg,business
Dyne,Toronto,18,"['Monday 16:30-11:0', 'Tuesday 16:30-11:0', 'Wednesday 16:30-11:0', 'Thursday 16:30-11:0', 'Friday 16:30-11:0', 'Saturday 16:30-11:0']",The Annex,"['Asian Fusion', 'Iberian', 'Restaurants']",43.6737991,4.0,"['Alcohol: full_bar', ""Ambience: {'romantic': False, 'intimate': True, 'classy': False, 'hipster': False, 'touristy': False, 'trendy': False, 'upscale': True, 'casual': False}"", 'BusinessAcceptsCreditCards: True', ""BusinessParking: {'garage': False, 'street': True, 'validated': False, 'lot': False, 'valet': False}"", 'DogsAllowed: False', 'GoodForKids: False', ""GoodForMeal: {'dessert': False, 'latenight': False, 'lunch': False, 'dinner': True, 'breakfast': False, 'brunch': False}"", 'HasTV: False', 'NoiseLevel: average', 'OutdoorSeating: True', 'RestaurantsAttire: dressy', 'RestaurantsDelivery: False', 'RestaurantsGoodForGroups: True', 'RestaurantsPriceRange2: 3', 'RestaurantsReservations: True', 'RestaurantsTableService: True', 'RestaurantsTakeOut: True', 'WheelchairAccessible: False', 'WiFi: free']",-79.396321,120 Avenue Road,M5R 2H4,ON,0,v-2vZKrozNOLX3-DsrjnPg,business
Grits N Greens,Lowell,18,"['Monday 6:0-20:0', 'Tuesday 6:0-20:0', 'Wednesday 6:0-20:0', 'Thursday 6:0-20:0', 'Friday 6:0-20:0', 'Saturday 6:0-20:0', 'Sunday 7:0-14:30']",,"['Breakfast & Brunch', 'Cafes', 'Southern', 'Restaurants']",35.2668119,3.5,"[""Ambience: {'romantic': False, 'intimate': False, 'classy': False, 'hipster': False, 'divey': False, 'touristy': False, 'trendy': False, 'upscale': False, 'casual': False}"", 'BikeParking: True', 'BusinessAcceptsCreditCards: True', 'Caters: True', 'GoodForKids: True', ""GoodForMeal: {'dessert': False, 'latenight': False, 'lunch': False, 'dinner': False, 'breakfast': False, 'brunch': False}"", 'HasTV: False', 'OutdoorSeating: False', 'RestaurantsAttire: casual', 'RestaurantsDelivery: False', 'RestaurantsGoodForGroups: True', 'RestaurantsPriceRange2: 1', 'RestaurantsReservations: False', 'WiFi: no']",-81.100948,125 N Main St,28012,NC,1,3oTml4zlPaI7l3-TDKxwkg,business
Jacques Cartier Pizza,La Prairie,3,,,"['Restaurants', 'Pizza']",45.4126126,3.0,"[""GoodForMeal: {'dessert': False, 'latenight': False, 'lunch': False, 'dinner': False, 'breakfast': False, 'brunch': False}"", 'RestaurantsDelivery: True']",-73.4801487,1005 Chemin de Saint-Jean,J5R 2L6,QC,0,Ae8WjL1VsWis713IqETurQ,business
Rest-Poutine,Blainville,9,,,"['Restaurants', 'Comfort Food']",45.6572249,5.0,"['Alcohol: none', ""Ambience: {'romantic': False, 'intimate': False, 'classy': False, 'hipster': False, 'touristy': False, 'trendy': False, 'upscale': False, 'casual': False}"", 'BikeParking: True', 'BusinessAcceptsCreditCards: True', ""BusinessParking: {'garage': False, 'street': False, 'validated': False, 'lot': False, 'valet': False}"", 'Caters: False', 'GoodForKids: True', ""GoodForMeal: {'dessert': False, 'latenight': False, 'lunch': False, 'dinner': False, 'breakfast': False, 'brunch': False}"", 'HasTV: False', 'NoiseLevel: average', 'OutdoorSeating: True', 'RestaurantsAttire: casual', 'RestaurantsDelivery: False', 'RestaurantsGoodForGroups: False', 'RestaurantsPriceRange2: 1', 'RestaurantsReservations: False', 'RestaurantsTakeOut: True', 'WiFi: no']",-73.853829,554 Boulevard Du Cure-Labelle,J7C 2L5,QC,1,WqwEbfAYIXJjUXEAlo1QYg,business
Mariscos Vuelve a La Vida,Phoenix,23,"['Monday 8:30-0:0', 'Tuesday 8:30-0:0', 'Wednesday 8:30-0:0', 'Thursday 8:30-2:0', 'Friday 8:30-2:0', 'Saturday 8:30-2:0', 'Sunday 8:30-2:0']",,"['Seafood', 'Restaurants', 'Mexican']",33.4812756,2.5,"['Alcohol: full_bar', ""Ambience: {'romantic': False, 'intimate': False, 'classy': False, 'hipster': False, 'divey': False, 'touristy': False, 'trendy': False, 'upscale': False, 'casual': True}"", 'BikeParking: True', 'BusinessAcceptsCreditCards: True', ""BusinessParking: {'garage': False, 'street': False, 'validated': False, 'lot': True, 'valet': False}"", 'Caters: False', 'DogsAllowed: False', 'GoodForKids: True', ""GoodForMeal: {'dessert': False, 'latenight': False, 'lunch': False, 'dinner': False, 'breakfast': False, 'brunch': False}"", 'HasTV: True', 'NoiseLevel: very_loud', 'OutdoorSeating: False', 'RestaurantsAttire: casual', 'RestaurantsDelivery: False', 'RestaurantsGoodForGroups: True', 'RestaurantsPriceRange2: 2', 'RestaurantsReservations: True', 'RestaurantsTableService: False', 'RestaurantsTakeOut: True', 'WiFi: no']",-112.1512955,2915 N 43rd Ave,85031,AZ,1,lA4bWd0prl1huLmiHTQHpw,business
Pho 88,Toronto,48,"['Monday 10:0-23:0', 'Tuesday 10:0-23:0', 'Wednesday 10:0-23:0', 'Thursday 10:0-23:0', 'Friday 10:0-0:0', 'Saturday 10:0-0:0', 'Sunday 10:0-23:0']",Alexandra Park,"['Vietnamese', 'Restaurants']",43.6521744,3.0,"['Alcohol: beer_and_wine', ""Ambience: {'romantic': False, 'intimate': False, 'classy': False, 'hipster': False, 'touristy': False, 'trendy': False, 'upscale': False, 'casual': True}"", 'BusinessAcceptsCreditCards: True', ""BusinessParking: {'garage': False, 'street': True, 'validated': False, 'lot': False, 'valet': False}"", 'Caters: False', 'GoodForKids: True', ""GoodForMeal: {'dessert': False, 'latenight': False, 'lunch': True, 'dinner': True, 'breakfast': False, 'brunch': False}"", 'HasTV: False', 'NoiseLevel: average', 'OutdoorSeating: False', 'RestaurantsAttire: casual', 'RestaurantsDelivery: False', 'RestaurantsGoodForGroups: True', 'RestaurantsPriceRange2: 1', 'RestaurantsReservations: False', 'RestaurantsTableService: True', 'RestaurantsTakeOut: True', 'WiFi: no']",-79.3980351,270 Spadina Avenue,M5T 2E5,ON,0,ckDYUwoG2WVsF3UCZLItLg,business
Kickback Pinball Cafe,Pittsburgh,33,"['Monday 7:0-20:0', 'Tuesday 7:0-20:0', 'Wednesday 7:0-20:0', 'Thursday 7:0-21:0', 'Friday 7:0-23:0', 'Saturday 9:0-23:0', 'Sunday 9:0-17:0']",Lawrenceville,"['Cafes', 'Arcades', 'Food', 'Internet Cafes', 'Arts & Entertainment', 'Restaurants', 'Coffee & Tea']",40.4712221,4.5,"['Alcohol: none', ""Ambience: {'romantic': False, 'intimate': False, 'classy': False, 'hipster': False, 'divey': False, 'touristy': False, 'trendy': False, 'upscale': False, 'casual': True}"", 'BikeParking: True', 'BusinessAcceptsCreditCards: True', ""BusinessParking: {'garage': False, 'street': True, 'validated': False, 'lot': False, 'valet': False}"", 'Caters: True', 'GoodForKids: True', ""GoodForMeal: {'dessert': False, 'latenight': False, 'lunch': True, 'dinner': False, 'breakfast': False, 'brunch': False}"", 'HasTV: False', 'NoiseLevel: average', 'OutdoorSeating: True', 'RestaurantsAttire: casual', 'RestaurantsDelivery: False', 'RestaurantsGoodForGroups: True', 'RestaurantsPriceRange2: 1', 'RestaurantsReservations: False', 'RestaurantsTableService: False', 'RestaurantsTakeOut: True', 'WiFi: free']",-79.9598367,4326 Butler St,15201,PA,1,0MR1J0U8uOXtvZlHV-johQ,business
Subway,Phoenix,3,"['Monday 7:0-2:0', 'Tuesday 7:0-2:0', 'Wednesday 7:0-2:0', 'Thursday 7:0-3:0', 'Friday 7:0-3:0', 'Saturday 7:0-3:0', 'Sunday 9:0-2:0']",,"['Sandwiches', 'Restaurants', 'Fast Food']",33.466042843,3.0,"['Caters: False', 'GoodForKids: True', 'HasTV: False', 'RestaurantsTableService: False']",-112.005325419,"1610 N 36th St, Ste B101",85008,AZ,1,7xp3zCEMWtGKQUD_YNbUhw,business
Baguette Express,Edinburgh,5,"['Monday 8:0-16:0', 'Tuesday 8:0-16:0', 'Wednesday 8:0-16:0', 'Thursday 8:0-16:0', 'Friday 8:0-16:0', 'Saturday 9:0-15:30']",,"['Restaurants', 'Fast Food']",55.9376117,4.5,,-3.2340733,222 Gorgie Road,EH11 2PN,EDH,1,gLu_vZr0xLyeBWz-vhiKDQ,business
Z's Donutz & Eatery,Richfield,10,"['Monday 7:0-14:0', 'Tuesday 7:0-14:0', 'Wednesday 7:0-14:0', 'Thursday 7:0-14:0', 'Friday 7:0-14:0']",,"['Food', 'Donuts', 'Restaurants', 'Cafes']",41.21814,4.0,"['Alcohol: none', ""Ambience: {'romantic': False, 'intimate': False, 'classy': False, 'hipster': False, 'divey': False, 'touristy': False, 'trendy': False, 'upscale': False, 'casual': False}"", 'BikeParking: True', 'BusinessAcceptsCreditCards: True', ""BusinessParking: {'garage': False, 'street': False, 'validated': False, 'lot': True, 'valet': False}"", 'DogsAllowed: False', 'GoodForKids: True', ""GoodForMeal: {'dessert': False, 'latenight': False, 'lunch': False, 'dinner': False, 'breakfast': False, 'brunch': False}"", 'HasTV: True', 'NoiseLevel: quiet', 'OutdoorSeating: True', 'RestaurantsAttire: casual', 'RestaurantsDelivery: False', 'RestaurantsGoodForGroups: False', 'RestaurantsPriceRange2: 1', 'RestaurantsReservations: False', 'RestaurantsTableService: True', 'RestaurantsTakeOut: True', 'WheelchairAccessible: True', 'WiFi: free']",-81.636833,"3031 Brecksville Rd, Ste A",44286,OH,1,cIAHpn80SUpBqeNnrzGmpQ,business
Burger King,North Las Vegas,11,,,"['Fast Food', 'Burgers', 'Restaurants']",36.2389594,1.5,"['Alcohol: none', ""Ambience: {'romantic': False, 'intimate': False, 'classy': False, 'hipster': False, 'divey': False, 'touristy': False, 'trendy': False, 'upscale': False, 'casual': False}"", 'BikeParking: True', 'BusinessAcceptsCreditCards: True', 'DriveThru: True', 'GoodForKids: True', ""GoodForMeal: {'dessert': False, 'latenight': False, 'lunch': False, 'dinner': False, 'breakfast': False, 'brunch': False}"", 'HasTV: False', 'OutdoorSeating: False', 'RestaurantsAttire: casual', 'RestaurantsDelivery: False', 'RestaurantsGoodForGroups: True', 'RestaurantsPriceRange2: 1', 'RestaurantsReservations: False', 'RestaurantsTakeOut: True']",-115.1662617,1709 W Craig Rd,89032,NV,1,wxaL2gVWUHaD2C1ey3W8jg,business
Soupebol Nouillerie,Montreal,12,,Ville-Marie,"['Restaurants', 'Chinese']",45.5040904,3.0,"['Alcohol: beer_and_wine', ""Ambience: {'romantic': False, 'intimate': False, 'classy': False, 'hipster': False, 'touristy': False, 'trendy': False, 'upscale': False, 'casual': False}"", 'BikeParking: True', 'BusinessAcceptsCreditCards: True', ""BusinessParking: {'garage': False, 'street': False, 'validated': False, 'lot': False, 'valet': False}"", 'GoodForKids: True', ""GoodForMeal: {'dessert': False, 'latenight': False, 'lunch': False, 'dinner': False, 'breakfast': False, 'brunch': False}"", 'HasTV: False', 'NoiseLevel: average', 'OutdoorSeating: True', 'RestaurantsAttire: casual', 'RestaurantsDelivery: False', 'RestaurantsGoodForGroups: True', 'RestaurantsPriceRange2: 2', 'RestaurantsReservations: False', 'RestaurantsTableService: True', 'RestaurantsTakeOut: True', 'WiFi: no']",-73.5686095,1245 Du Square-Phillips Rue,H3B 3E9,QC,1,_UZR3RZ56PnUO2ZpNba0Kg,business
Cafe Laguna,Mesa,9,"['Tuesday 11:0-19:0', 'Wednesday 11:0-19:0', 'Thursday 11:0-19:0', 'Friday 11:0-19:0', 'Saturday 11:0-19:0']",,"['Restaurants', 'American (New)']",33.375057,4.0,"['Alcohol: none', 'BusinessAcceptsCreditCards: True', ""BusinessParking: {'garage': False, 'street': False, 'validated': False, 'lot': True, 'valet': False}"", 'Caters: True', 'GoodForKids: True', ""GoodForMeal: {'dessert': False, 'latenight': False, 'lunch': True, 'dinner': True, 'breakfast': False, 'brunch': False}"", 'OutdoorSeating: False', 'RestaurantsAttire: casual', 'RestaurantsDelivery: False', 'RestaurantsGoodForGroups: True', 'RestaurantsPriceRange2: 1', 'RestaurantsReservations: False', 'RestaurantsTableService: False', 'RestaurantsTakeOut: True', 'WheelchairAccessible: True']",-111.687177,"2235 S Power Rd, Ste 120",85209,AZ,0,qUxkVp9PInnds_UruVPiog,business
Lunardi's Ristorante,Pittsburgh,3,"['Tuesday 11:30-21:30', 'Wednesday 11:30-21:30', 'Thursday 11:30-21:30', 'Friday 11:30-22:30', 'Saturday 16:0-22:30']",Beechview,"['Italian', 'Restaurants']",40.4052704,5.0,"['Alcohol: full_bar', ""Ambience: {'romantic': False, 'intimate': False, 'classy': False, 'hipster': False, 'divey': False, 'touristy': False, 'trendy': False, 'upscale': False, 'casual': False}"", 'BusinessAcceptsCreditCards: True', ""BusinessParking: {'garage': False, 'street': False, 'validated': False, 'lot': False, 'valet': False}"", 'GoodForKids: False', ""GoodForMeal: {'dessert': False, 'latenight': False, 'lunch': False, 'dinner': False, 'breakfast': False, 'brunch': False}"", 'HasTV: True', 'NoiseLevel: quiet', 'OutdoorSeating: True', 'RestaurantsAttire: casual', 'RestaurantsDelivery: False', 'RestaurantsGoodForGroups: True', 'RestaurantsPriceRange2: 2', 'RestaurantsReservations: True', 'RestaurantsTableService: True', 'RestaurantsTakeOut: True']",-80.0302382,2056 Broadway Ave,15216,PA,0,GvLgdEWhVWBahZsFiGYTgQ,business
La Belle et la Boeuf,Boisbriand,6,,,"['Steakhouses', 'American (Traditional)', 'Restaurants']",45.6271693895,4.0,"['Alcohol: full_bar', ""Ambience: {'romantic': False, 'intimate': False, 'classy': False, 'hipster': False, 'touristy': False, 'trendy': False, 'upscale': False, 'casual': False}"", 'BikeParking: False', 'BusinessAcceptsCreditCards: True', ""BusinessParking: {'garage': False, 'street': False, 'validated': False, 'lot': False, 'valet': False}"", 'Caters: False', 'GoodForKids: True', ""GoodForMeal: {'dessert': False, 'latenight': False, 'lunch': False, 'dinner': False, 'breakfast': False, 'brunch': False}"", 'HasTV: True', 'NoiseLevel: very_loud', 'OutdoorSeating: True', 'RestaurantsAttire: casual', 'RestaurantsDelivery: False', 'RestaurantsGoodForGroups: True', 'RestaurantsPriceRange2: 3', 'RestaurantsReservations: True', 'RestaurantsTableService: True', 'RestaurantsTakeOut: True', 'WiFi: free']",-73.8481265775,3150 Avenue des Grandes-Tourelles,J7H 1M9,QC,1,WXtRzknCTnhsIBV2_7EZ3g,business
Vinnie Gambini,Boisbriand,4,"['Monday 11:0-22:0', 'Tuesday 11:0-22:0', 'Wednesday 11:0-22:0', 'Thursday 11:0-23:0', 'Friday 11:0-0:0', 'Saturday 12:0-0:0', 'Sunday 12:0-22:0']",,"['Restaurants', 'Italian']",45.628214208,2.5,"['Alcohol: beer_and_wine', ""Ambience: {'romantic': False, 'intimate': False, 'classy': False, 'hipster': False, 'touristy': False, 'trendy': False, 'upscale': False, 'casual': False}"", 'BikeParking: True', 'BusinessAcceptsCreditCards: True', ""BusinessParking: {'garage': False, 'street': False, 'validated': False, 'lot': True, 'valet': False}"", 'GoodForKids: True', ""GoodForMeal: {'dessert': False, 'latenight': False, 'lunch': True, 'dinner': False, 'breakfast': False, 'brunch': False}"", 'HasTV: True', 'NoiseLevel: average', 'OutdoorSeating: True', 'RestaurantsAttire: casual', 'RestaurantsDelivery: False', 'RestaurantsGoodForGroups: True', 'RestaurantsPriceRange2: 2', 'RestaurantsReservations: True', 'RestaurantsTableService: True', 'RestaurantsTakeOut: True', 'WheelchairAccessible: True', 'WiFi: free']",-73.8473168265,3360 Des Grandes Tourelles,J7H 1M9,QC,1,4m3rcVnsKUjVOQUuIZJywg,business
Master Pizza Painesville,Painesville,23,,,"['Restaurants', 'Pizza']",41.697821,4.0,"['Alcohol: beer_and_wine', ""Ambience: {'romantic': False, 'intimate': False, 'classy': False, 'hipster': False, 'divey': False, 'touristy': False, 'trendy': False, 'upscale': False, 'casual': True}"", 'BYOBCorkage: no', 'BikeParking: True', 'BusinessAcceptsCreditCards: True', ""BusinessParking: {'garage': False, 'street': False, 'validated': False, 'lot': True, 'valet': False}"", 'GoodForKids: True', ""GoodForMeal: {'dessert': False, 'latenight': False, 'lunch': False, 'dinner': True, 'breakfast': False, 'brunch': False}"", 'HasTV: True', 'NoiseLevel: quiet', 'OutdoorSeating: False', 'RestaurantsAttire: casual', 'RestaurantsDelivery: True', 'RestaurantsGoodForGroups: True', 'RestaurantsPriceRange2: 1', 'RestaurantsReservations: False', 'RestaurantsTableService: True', 'RestaurantsTakeOut: True', 'WheelchairAccessible: True', 'WiFi: no']",-81.279833,1640 Mentor Ave,44077,OH,1,o6wYg2EP_pzSt8fLT4-JpQ,business
Ask,Livingston,6,,,"['Restaurants', 'Italian']",55.882978,4.0,"['Alcohol: beer_and_wine', ""Ambience: {'romantic': True, 'intimate': False, 'classy': False, 'hipster': False, 'touristy': False, 'trendy': False, 'upscale': False, 'casual': False}"", 'BikeParking: True', 'BusinessAcceptsCreditCards: True', ""BusinessParking: {'garage': False, 'street': False, 'lot': False, 'valet': False}"", 'Caters: False', 'GoodForKids: True', ""GoodForMeal: {'dessert': False, 'latenight': False, 'lunch': False, 'dinner': True, 'breakfast': False, 'brunch': False}"", 'HasTV: False', 'NoiseLevel: average', 'OutdoorSeating: True', 'RestaurantsAttire: casual', 'RestaurantsDelivery: False', 'RestaurantsGoodForGroups: True', 'RestaurantsPriceRange2: 2', 'RestaurantsReservations: True', 'RestaurantsTableService: True', 'RestaurantsTakeOut: True', 'WheelchairAccessible: True', 'WiFi: no']",-3.5172,"Unit 340, The Centre Almondvale Ave",EH54 6GS,WLN,1,Imhm1er4ASIDxB5cSPisAg,business
Irish Potato Nachos,Toronto,4,"['Monday 10:0-0:0', 'Tuesday 10:0-0:0', 'Wednesday 10:0-0:0', 'Thursday 10:0-0:0', 'Friday 10:0-2:0', 'Saturday 10:0-2:0', 'Sunday 10:0-0:0']",Downtown Core,"['Irish', 'Restaurants', 'Food', 'Specialty Food']",43.655554,3.0,"[""BusinessParking: {'garage': False, 'street': False, 'validated': False, 'lot': False, 'valet': False}"", 'NoiseLevel: average', 'OutdoorSeating: False', 'RestaurantsAttire: casual', 'RestaurantsPriceRange2: 1', 'RestaurantsTableService: False', 'RestaurantsTakeOut: True', 'WiFi: no']",-79.376572,213 Church St,M5B 1Y7,ON,0,E9K1wSwr-3y7TIaVaoa-9g,business
St. Louis Bar & Grill,Toronto,29,"['Monday 11:0-0:0', 'Tuesday 11:0-0:0', 'Wednesday 11:0-0:0', 'Thursday 11:0-0:0', 'Friday 11:0-1:0', 'Saturday 11:0-1:0', 'Sunday 11:0-0:0']",Downtown Core,"['American (Traditional)', 'Restaurants', 'Barbeque', 'Chicken Wings', 'Nightlife', 'Bars', 'Sports Bars']",43.6500732,3.5,"['Alcohol: full_bar', ""Ambience: {'romantic': False, 'intimate': False, 'classy': False, 'hipster': False, 'touristy': False, 'trendy': False, 'upscale': False, 'casual': False}"", ""BestNights: {'monday': False, 'tuesday': False, 'friday': True, 'wednesday': True, 'thursday': False, 'sunday': False, 'saturday': True}"", 'BikeParking: True', 'BusinessAcceptsCreditCards: True', ""BusinessParking: {'garage': False, 'street': False, 'validated': False, 'lot': False, 'valet': False}"", 'CoatCheck: False', 'GoodForDancing: False', 'GoodForKids: False', ""GoodForMeal: {'dessert': False, 'latenight': False, 'lunch': True, 'dinner': True, 'breakfast': False, 'brunch': False}"", 'HappyHour: True', 'HasTV: True', ""Music: {'dj': False, 'background_music': True, 'no_music': False, 'karaoke': False, 'live': False, 'video': False, 'jukebox': False}"", 'NoiseLevel: very_loud', 'OutdoorSeating: True', 'RestaurantsAttire: casual', 'RestaurantsDelivery: False', 'RestaurantsGoodForGroups: True', 'RestaurantsPriceRange2: 2', 'RestaurantsReservations: True', 'RestaurantsTableService: True', 'RestaurantsTakeOut: True', 'Smoking: no', 'WiFi: free']",-79.3748906,"92 King St East, Unit 114",M5C 2B8,ON,1,Pube7dRYQoptIn0OA0GpdQ,business
The Clippers,Penicuik,6,"['Monday 12:0-14:0', 'Monday 17:30-23:0', 'Tuesday 12:0-14:0', 'Tuesday 17:30-23:0', 'Wednesday 12:0-14:0', 'Wednesday 17:30-23:0', 'Thursday 12:0-14:0', 'Thursday 17:30-23:0', 'Friday 12:0-14:0', 'Friday 17:30-23:0', 'Saturday 12:0-14:0', 'Saturday 17:30-23:0', 'Sunday 12:0-14:0', 'Sunday 17:30-23:0']",,"['Indian', 'Restaurants', 'Pakistani', 'Bangladeshi']",55.8264878,3.5,"['BikeParking: True', 'BusinessAcceptsCreditCards: True', 'Caters: True', 'GoodForKids: True', 'HasTV: False', 'RestaurantsAttire: casual', 'RestaurantsDelivery: True', 'RestaurantsGoodForGroups: True', 'RestaurantsPriceRange2: 2', 'RestaurantsReservations: True', 'RestaurantsTableService: True', 'RestaurantsTakeOut: True', 'WheelchairAccessible: True']",-3.2214979,26 High Street,EH26 8HW,MLN,1,PGo6eHLGAKNL_XNajkwc-w,business
The Brown Bag Deli Restaurant,Monticello,28,"['Monday 11:0-19:0', 'Tuesday 11:0-19:0', 'Wednesday 11:0-19:0', 'Thursday 11:0-19:0', 'Friday 11:0-20:0', 'Saturday 11:0-16:0']",,"['Local Flavor', 'Restaurants', 'Food', 'Bakeries', 'American (Traditional)', 'Delis']",40.0256668,4.5,"['Alcohol: none', ""Ambience: {'romantic': False, 'intimate': False, 'classy': False, 'hipster': False, 'divey': False, 'touristy': False, 'trendy': False, 'upscale': False, 'casual': True}"", 'BikeParking: True', 'BusinessAcceptsCreditCards: True', ""BusinessParking: {'garage': False, 'street': True, 'validated': False, 'lot': False, 'valet': False}"", 'Caters: False', 'GoodForKids: True', ""GoodForMeal: {'dessert': False, 'latenight': False, 'lunch': True, 'dinner': False, 'breakfast': False, 'brunch': False}"", 'HasTV: False', 'NoiseLevel: average', 'OutdoorSeating: False', 'RestaurantsAttire: casual', 'RestaurantsDelivery: False', 'RestaurantsGoodForGroups: True', 'RestaurantsPriceRange2: 1', 'RestaurantsReservations: False', 'RestaurantsTableService: False', 'RestaurantsTakeOut: True', 'WiFi: no']",-88.5732515,212 W Washington St,61856,IL,1,ImSA-iQAAV_mHd32y4VIVA,business
Thai Express Markville,Markham,4,,Unionville,"['Food Court', 'Restaurants', 'Thai']",43.8682049169,3.0,"['Alcohol: none', 'BikeParking: True', 'BusinessAcceptsCreditCards: True', 'GoodForKids: True', ""GoodForMeal: {'dessert': False, 'latenight': False, 'lunch': False, 'dinner': False, 'breakfast': False, 'brunch': False}"", 'HasTV: False', 'OutdoorSeating: False', 'RestaurantsAttire: casual', 'RestaurantsDelivery: False', 'RestaurantsGoodForGroups: True', 'RestaurantsPriceRange2: 1', 'RestaurantsReservations: False', 'RestaurantsTakeOut: True', 'WiFi: no']",-79.2883119732,0209-5000 Highway 7 East,L3R 4M9,ON,1,euPZCtrFKTRWYsd8qJVkRA,business
The Captain's Cap,Belmont,14,"['Monday 11:0-21:0', 'Tuesday 11:0-21:0', 'Wednesday 11:0-21:0', 'Thursday 11:0-21:0', 'Friday 11:0-21:30', 'Saturday 15:30-21:30']",,"['Restaurants', 'Seafood', 'Steakhouses', 'Salad']",35.2534228,3.0,"['Alcohol: none', ""Ambience: {'romantic': False, 'intimate': False, 'classy': False, 'hipster': False, 'divey': False, 'touristy': False, 'trendy': False, 'upscale': False, 'casual': True}"", 'BusinessAcceptsBitcoin: False', 'BusinessAcceptsCreditCards: True', ""BusinessParking: {'garage': False, 'street': False, 'validated': False, 'lot': True, 'valet': False}"", 'Caters: False', 'DogsAllowed: False', 'GoodForKids: True', ""GoodForMeal: {'dessert': False, 'latenight': False, 'lunch': False, 'dinner': False, 'breakfast': False, 'brunch': False}"", 'HasTV: False', 'NoiseLevel: average', 'OutdoorSeating: False', 'RestaurantsAttire: casual', 'RestaurantsDelivery: False', 'RestaurantsGoodForGroups: True', 'RestaurantsPriceRange2: 2', 'RestaurantsReservations: True', 'RestaurantsTableService: True', 'RestaurantsTakeOut: True', 'WheelchairAccessible: True', 'WiFi: free']",-81.0266346,670 Park St,28012,NC,1,9hghdqoB4XWfEIL3llbXUw,business
DiBella's Subs,Solon,26,"['Monday 10:0-21:0', 'Tuesday 10:0-21:0', 'Wednesday 10:0-21:0', 'Thursday 10:0-21:0', 'Friday 10:0-21:0', 'Saturday 10:0-21:0', 'Sunday 10:0-19:0']",,"['Restaurants', 'Sandwiches', 'Salad', 'Delis']",41.3964877,4.0,"['Alcohol: none', ""Ambience: {'romantic': False, 'intimate': False, 'classy': False, 'hipster': False, 'divey': False, 'touristy': False, 'trendy': False, 'upscale': False, 'casual': False}"", 'BikeParking: True', 'BusinessAcceptsCreditCards: True', ""BusinessParking: {'garage': False, 'street': False, 'validated': False, 'lot': True, 'valet': False}"", 'Caters: True', 'GoodForKids: True', ""GoodForMeal: {'dessert': False, 'latenight': False, 'lunch': True, 'dinner': False, 'breakfast': False, 'brunch': False}"", 'HasTV: False', 'NoiseLevel: loud', 'OutdoorSeating: False', 'RestaurantsAttire: casual', 'RestaurantsDelivery: True', 'RestaurantsGoodForGroups: True', 'RestaurantsPriceRange2: 1', 'RestaurantsReservations: False', 'RestaurantsTableService: False', 'RestaurantsTakeOut: True', 'WheelchairAccessible: True', 'WiFi: no']",-81.4659537,30050 Aurora Rd,44139,OH,1,csboHMMNA1EFEjMcBeD8UQ,business
Restaurant Pho Nam DO,Montréal,5,"['Tuesday 11:0-21:0', 'Wednesday 11:0-21:0', 'Thursday 11:0-21:0', 'Friday 11:0-21:0', 'Saturday 11:0-21:0', 'Sunday 11:0-21:0']",Villeray-Saint-Michel-Parc-Extension,"['Restaurants', 'Vietnamese']",45.5380245,3.5,"['Alcohol: beer_and_wine', ""Ambience: {'romantic': False, 'intimate': False, 'classy': False, 'hipster': False, 'touristy': False, 'trendy': False, 'upscale': False, 'casual': False}"", 'GoodForKids: True', ""GoodForMeal: {'dessert': False, 'latenight': False, 'lunch': False, 'dinner': False, 'breakfast': False, 'brunch': False}"", 'NoiseLevel: quiet', 'RestaurantsAttire: casual', 'RestaurantsDelivery: False', 'RestaurantsGoodForGroups: True', 'RestaurantsPriceRange2: 1']",-73.6138182,7087 Rue Saint Denis,H2R 2E2,QC,0,BIbY6hbhyTAs3_dxbETc6A,business
Forget Me Not Cafe,Toronto,65,"['Monday 7:0-19:0', 'Tuesday 7:0-19:0', 'Wednesday 7:0-19:0', 'Thursday 7:0-19:0', 'Friday 7:0-19:0', 'Saturday 9:0-18:0', 'Sunday 9:0-18:0']",,"['Food', 'Cafes', 'Event Planning & Services', 'Coffee & Tea', 'Party & Event Planning', 'Restaurants']",43.6456812,4.0,"['Alcohol: none', ""Ambience: {'romantic': False, 'intimate': False, 'classy': False, 'hipster': True, 'touristy': False, 'trendy': False, 'upscale': False, 'casual': False}"", 'BikeParking: True', 'BusinessAcceptsCreditCards: True', ""BusinessParking: {'garage': False, 'street': True, 'validated': False, 'lot': False, 'valet': False}"", 'Caters: True', 'GoodForKids: True', ""GoodForMeal: {'dessert': False, 'latenight': False, 'lunch': False, 'dinner': False, 'breakfast': True, 'brunch': False}"", 'HasTV: False', 'NoiseLevel: quiet', 'OutdoorSeating: False', 'RestaurantsAttire: casual', 'RestaurantsDelivery: False', 'RestaurantsGoodForGroups: False', 'RestaurantsPriceRange2: 1', 'RestaurantsReservations: False', 'RestaurantsTableService: False', 'RestaurantsTakeOut: True', 'WheelchairAccessible: False', 'WiFi: free']",-79.4006895,506 Adelaide Street W,M5V 1T5,ON,1,qy4WKXTBkqD4zX0rohYF8Q,business
Big Bowl Restaurant,Mesa,27,"['Monday 11:0-21:30', 'Tuesday 11:0-21:30', 'Wednesday 11:0-21:30', 'Thursday 11:0-21:30', 'Friday 11:0-21:30', 'Saturday 12:0-21:30', 'Sunday 12:0-21:0']",,"['Szechuan', 'Fast Food', 'Chinese', 'Restaurants']",33.4082719,4.0,"['Alcohol: none', ""Ambience: {'romantic': False, 'intimate': False, 'classy': False, 'hipster': False, 'divey': False, 'touristy': False, 'trendy': False, 'upscale': False, 'casual': False}"", 'BikeParking: True', 'BusinessAcceptsCreditCards: True', ""BusinessParking: {'garage': False, 'street': False, 'validated': False, 'lot': True, 'valet': False}"", 'Caters: True', 'DriveThru: False', 'GoodForKids: True', ""GoodForMeal: {'dessert': False, 'latenight': False, 'lunch': False, 'dinner': True, 'breakfast': False, 'brunch': False}"", 'HasTV: False', 'NoiseLevel: quiet', 'OutdoorSeating: False', 'RestaurantsAttire: casual', 'RestaurantsDelivery: True', 'RestaurantsGoodForGroups: True', 'RestaurantsPriceRange2: 1', 'RestaurantsReservations: False', 'RestaurantsTableService: True', 'RestaurantsTakeOut: True', 'WheelchairAccessible: True', 'WiFi: no']",-111.7902823,1910 E Broadway Rd,85204,AZ,1,qMJCVx6-ZYvZQHlfrZ_cug,business
El Kora,Phoenix,11,,,"['Mexican', 'Restaurants', 'Seafood']",33.4949701,3.5,"['Alcohol: full_bar', 'BikeParking: False', 'BusinessAcceptsCreditCards: True', ""BusinessParking: {'garage': False, 'street': False, 'validated': False, 'lot': False, 'valet': False}"", 'Caters: False', 'GoodForKids: True', 'HasTV: True', 'OutdoorSeating: False', 'RestaurantsAttire: casual', 'RestaurantsDelivery: False', 'RestaurantsGoodForGroups: True', 'RestaurantsPriceRange2: 2', 'RestaurantsTableService: True', 'RestaurantsTakeOut: True', 'WiFi: no', ""Ambience: {'romantic': False, 'intimate': False, 'classy': False, 'hipster': False, 'divey': False, 'touristy': False, 'trendy': False, 'upscale': False, 'casual': True}"", ""GoodForMeal: {'dessert': False, 'latenight': False, 'lunch': True, 'dinner': True, 'breakfast': False, 'brunch': False}"", 'RestaurantsReservations: False', 'NoiseLevel: average']",-112.1501498,4234 W. Indian School Rd.,85019,AZ,1,DlYiFJgFIVwaaySuNn5eYw,business
Long Wong's,Phoenix,29,"['Monday 10:0-20:0', 'Tuesday 10:0-20:0', 'Wednesday 10:0-20:0', 'Thursday 10:0-20:0', 'Friday 10:0-20:0', 'Saturday 11:0-20:0', 'Sunday 11:0-19:0']",,"['Chicken Wings', 'Restaurants', 'Fast Food', 'Chinese']",33.480132,3.5,"['Alcohol: none', ""Ambience: {'romantic': False, 'intimate': False, 'classy': False, 'hipster': False, 'divey': False, 'touristy': False, 'trendy': False, 'upscale': False, 'casual': True}"", 'BikeParking: True', 'BusinessAcceptsCreditCards: True', ""BusinessParking: {'garage': False, 'street': False, 'validated': False, 'lot': True, 'valet': False}"", 'DriveThru: False', 'GoodForKids: True', ""GoodForMeal: {'dessert': False, 'latenight': False, 'lunch': True, 'dinner': False, 'breakfast': False, 'brunch': False}"", 'HasTV: True', 'NoiseLevel: average', 'OutdoorSeating: False', 'RestaurantsAttire: casual', 'RestaurantsDelivery: False', 'RestaurantsGoodForGroups: False', 'RestaurantsPriceRange2: 1', 'RestaurantsReservations: False', 'RestaurantsTableService: False', 'RestaurantsTakeOut: True', 'WheelchairAccessible: False', 'WiFi: no']",-112.0824789,545 W Thomas Rd,85013,AZ,1,6SfNZP1oqiQV1AYLK9A8WA,business
SinCity Burgers,Las Vegas,69,"['Monday 11:0-20:0', 'Tuesday 11:0-20:0', 'Wednesday 11:0-20:0', 'Thursday 11:0-20:0', 'Friday 11:0-21:0', 'Saturday 11:0-21:0', 'Sunday 11:0-18:0']",Centennial,"['Restaurants', 'Burgers']",36.2714625,3.5,"['Alcohol: none', ""Ambience: {'romantic': False, 'intimate': False, 'classy': False, 'hipster': False, 'divey': False, 'touristy': False, 'trendy': False, 'upscale': False, 'casual': True}"", 'BusinessAcceptsCreditCards: True', ""BusinessParking: {'garage': False, 'street': False, 'validated': False, 'lot': True, 'valet': False}"", 'Caters: False', 'DriveThru: False', 'GoodForKids: True', ""GoodForMeal: {'dessert': False, 'latenight': False, 'lunch': True, 'dinner': True, 'breakfast': False, 'brunch': False}"", 'HasTV: False', 'NoiseLevel: average', 'OutdoorSeating: True', 'RestaurantsAttire: casual', 'RestaurantsDelivery: False', 'RestaurantsGoodForGroups: True', 'RestaurantsPriceRange2: 1', 'RestaurantsReservations: False', 'RestaurantsTableService: False', 'RestaurantsTakeOut: True', 'WheelchairAccessible: True', 'WiFi: free']",-115.2676299,"7920 W Tropical Pkwy, Ste 170",89149,NV,0,cxnbk6t6L3jnfT5n2Hbl3Q,business
The Peculiar Rabbit,Charlotte,346,"['Monday 11:0-0:0', 'Tuesday 11:0-0:0', 'Wednesday 11:0-0:0', 'Thursday 11:0-0:0', 'Friday 11:0-2:0', 'Saturday 10:0-2:0', 'Sunday 10:0-0:0']",,"['Asian Fusion', 'Restaurants', 'Gastropubs', 'American (New)', 'British']",35.2194153,3.0,"['Alcohol: full_bar', ""Ambience: {'romantic': False, 'intimate': False, 'classy': False, 'hipster': False, 'divey': False, 'touristy': False, 'trendy': True, 'upscale': False, 'casual': False}"", 'BikeParking: True', 'BusinessAcceptsCreditCards: True', ""BusinessParking: {'garage': False, 'street': True, 'validated': False, 'lot': True, 'valet': False}"", 'Caters: False', 'DogsAllowed: True', 'GoodForKids: False', ""GoodForMeal: {'dessert': False, 'latenight': False, 'lunch': False, 'dinner': True, 'breakfast': False, 'brunch': False}"", 'HasTV: True', 'NoiseLevel: average', 'OutdoorSeating: True', 'RestaurantsAttire: casual', 'RestaurantsDelivery: False', 'RestaurantsGoodForGroups: True', 'RestaurantsPriceRange2: 2', 'RestaurantsReservations: True', 'RestaurantsTableService: True', 'RestaurantsTakeOut: True', 'WheelchairAccessible: True', 'WiFi: free']",-80.8137099,1212 Pecan Ave,28205,NC,1,s8OLoPfOpB0FbK5frI3CkQ,business
Chubby's Fish N'chips,Etobicoke,20,,Etobicoke,"['Restaurants', 'Seafood']",43.715222,4.0,"['Alcohol: none', ""Ambience: {'romantic': False, 'intimate': False, 'classy': False, 'hipster': False, 'touristy': False, 'trendy': False, 'upscale': False, 'casual': True}"", 'BikeParking: False', 'BusinessAcceptsCreditCards: False', ""BusinessParking: {'garage': False, 'street': False, 'validated': False, 'lot': False, 'valet': False}"", 'Caters: False', 'GoodForKids: True', ""GoodForMeal: {'dessert': False, 'latenight': False, 'lunch': False, 'dinner': False, 'breakfast': False, 'brunch': False}"", 'HasTV: True', 'NoiseLevel: average', 'OutdoorSeating: False', 'RestaurantsAttire: casual', 'RestaurantsDelivery: False', 'RestaurantsGoodForGroups: True', 'RestaurantsPriceRange2: 2', 'RestaurantsReservations: False', 'RestaurantsTableService: False', 'RestaurantsTakeOut: True', 'WiFi: no']",-79.5552878,2290 Islington Avenue,M9W 3W8,ON,1,3NbKnD5bI3tU-tNM-Y0TGQ,business
Remarkable Bean,Toronto,17,"['Monday 7:0-22:0', 'Tuesday 7:0-22:0', 'Wednesday 7:0-22:0', 'Thursday 7:0-22:0', 'Friday 7:0-22:0', 'Saturday 7:0-22:0', 'Sunday 7:0-22:0']",Leslieville,"['Coffee & Tea', 'Restaurants', 'Cafes', 'Food', 'Bakeries']",43.661981,4.0,"['BikeParking: True', 'BusinessAcceptsCreditCards: True', ""BusinessParking: {'garage': False, 'street': True, 'validated': False, 'lot': False, 'valet': False}"", 'OutdoorSeating: False', 'RestaurantsPriceRange2: 1', 'RestaurantsTakeOut: True', 'WiFi: free']",-79.3358634,1103 Queen Street E,M4M 1K7,ON,1,5mqufpjeUcF_7iRcn76Wcw,business
Florentia,Toronto,14,"['Monday 11:30-22:0', 'Tuesday 11:30-22:0', 'Wednesday 11:30-22:0', 'Thursday 11:30-22:0', 'Friday 11:30-22:0', 'Saturday 11:0-22:0', 'Sunday 11:0-22:0']",Mount Pleasant and Davisville,"['Restaurants', 'Italian']",43.7035596,3.5,"['Alcohol: full_bar', ""Ambience: {'romantic': True, 'intimate': False, 'classy': False, 'hipster': False, 'touristy': False, 'trendy': False, 'upscale': False, 'casual': False}"", 'BikeParking: True', 'BusinessAcceptsCreditCards: True', ""BusinessParking: {'garage': False, 'street': False, 'validated': False, 'lot': False, 'valet': False}"", 'Caters: True', 'GoodForKids: True', ""GoodForMeal: {'dessert': False, 'latenight': False, 'lunch': False, 'dinner': False, 'breakfast': False, 'brunch': False}"", 'HasTV: False', 'NoiseLevel: average', 'OutdoorSeating: False', 'RestaurantsAttire: casual', 'RestaurantsDelivery: False', 'RestaurantsGoodForGroups: True', 'RestaurantsPriceRange2: 2', 'RestaurantsReservations: True', 'RestaurantsTableService: True', 'RestaurantsTakeOut: True', 'WiFi: free']",-79.3879764,579 Mount Pleasant Road,M4S 2M5,ON,1,x1IPOlH_O5D3qZdZo6YyEA,business
Cafe Pleiade,Toronto,7,"['Tuesday 11:0-14:30', 'Tuesday 17:30-21:30', 'Wednesday 11:0-14:30', 'Wednesday 17:30-21:30', 'Thursday 11:0-14:30', 'Thursday 17:30-21:30', 'Friday 11:0-14:30', 'Friday 17:30-21:30', 'Saturday 11:0-14:30', 'Saturday 17:30-21:30', 'Sunday 11:0-22:0']",Mount Pleasant and Davisville,"['Mediterranean', 'Cafes', 'Restaurants', 'French']",43.7031107,3.5,"['Alcohol: full_bar', ""Ambience: {'romantic': False, 'intimate': False, 'classy': False, 'hipster': False, 'touristy': False, 'trendy': False, 'upscale': False, 'casual': False}"", 'BikeParking: False', 'BusinessAcceptsCreditCards: True', ""BusinessParking: {'garage': False, 'street': True, 'validated': False, 'lot': False, 'valet': False}"", 'Caters: True', 'DogsAllowed: False', 'GoodForKids: False', ""GoodForMeal: {'dessert': False, 'latenight': False, 'lunch': False, 'dinner': True, 'breakfast': False, 'brunch': False}"", 'HasTV: False', 'NoiseLevel: average', 'OutdoorSeating: False', 'RestaurantsAttire: casual', 'RestaurantsDelivery: False', 'RestaurantsGoodForGroups: False', 'RestaurantsPriceRange2: 2', 'RestaurantsReservations: True', 'RestaurantsTableService: True', 'RestaurantsTakeOut: True', 'WheelchairAccessible: True', 'WiFi: no']",-79.3876981,557 Mount Pleasant Road,M4S 2M5,ON,1,prPzWXNUJKZGnzVYqxRLsw,business
Applebee's,Las Vegas,89,"['Monday 11:0-0:0', 'Tuesday 11:0-0:0', 'Wednesday 11:0-0:0', 'Thursday 11:0-0:0', 'Friday 11:0-0:0', 'Saturday 11:0-0:0', 'Sunday 11:0-0:0']",Eastside,"['Sports Bars', 'American (Traditional)', 'Restaurants', 'Nightlife', 'Bars', 'American (New)', 'Burgers']",36.129396,3.0,"['Alcohol: full_bar', ""Ambience: {'romantic': False, 'intimate': False, 'classy': False, 'hipster': False, 'divey': False, 'touristy': False, 'trendy': False, 'upscale': False, 'casual': True}"", ""BestNights: {'monday': False, 'tuesday': False, 'friday': False, 'wednesday': False, 'thursday': True, 'sunday': True, 'saturday': True}"", 'BikeParking: True', 'BusinessAcceptsCreditCards: True', ""BusinessParking: {'garage': False, 'street': False, 'validated': False, 'lot': True, 'valet': False}"", 'Caters: False', 'CoatCheck: False', 'DogsAllowed: False', 'DriveThru: False', 'GoodForDancing: False', 'GoodForKids: True', ""GoodForMeal: {'dessert': True, 'latenight': False, 'lunch': True, 'dinner': True, 'breakfast': False, 'brunch': False}"", 'HappyHour: True', 'HasTV: True', ""Music: {'dj': False, 'background_music': False, 'no_music': False, 'karaoke': False, 'live': False, 'video': False, 'jukebox': False}"", 'NoiseLevel: average', 'OutdoorSeating: False', 'RestaurantsAttire: casual', 'RestaurantsDelivery: False', 'RestaurantsGoodForGroups: True', 'RestaurantsPriceRange2: 2', 'RestaurantsReservations: False', 'RestaurantsTableService: True', 'RestaurantsTakeOut: True', 'Smoking: no', 'WheelchairAccessible: True', 'WiFi: free']",-115.136364,3340 S Maryland Pkwy,89169,NV,1,Wg91oE233AzNieNryRJYYg,business
August 8,Brampton,19,,,"['Restaurants', 'Buffets', 'Asian Fusion', 'Japanese']",43.717746681,4.0,"['BikeParking: True', 'GoodForKids: True', ""GoodForMeal: {'dessert': False, 'latenight': False, 'lunch': False, 'dinner': False, 'breakfast': False, 'brunch': True}"", 'HasTV: False', 'OutdoorSeating: False', 'RestaurantsAttire: casual', 'RestaurantsGoodForGroups: True', 'RestaurantsReservations: True', 'RestaurantsTakeOut: True', 'Alcohol: full_bar', ""Ambience: {'romantic': False, 'intimate': False, 'classy': False, 'hipster': False, 'touristy': False, 'trendy': False, 'upscale': False, 'casual': False}"", ""BusinessParking: {'garage': False, 'street': False, 'validated': False, 'lot': False, 'valet': False}"", 'NoiseLevel: average', 'RestaurantsTableService: True', 'WiFi: free', 'RestaurantsPriceRange2: 3', 'RestaurantsDelivery: False']",-79.7235801816,3776 Peel Centre Drive,L6T 5T9,ON,1,AFxhYWtszxGXaGGMnWZ9CA,business
Port of Subs,Las Vegas,30,"['Monday 8:0-21:0', 'Tuesday 8:0-21:0', 'Wednesday 8:0-21:0', 'Thursday 8:0-21:0', 'Friday 8:0-21:0', 'Saturday 8:0-21:0', 'Sunday 8:0-21:0']",Summerlin,"['Restaurants', 'Sandwiches', 'Delis']",36.1932356294,4.0,"['Alcohol: none', ""Ambience: {'romantic': False, 'intimate': False, 'classy': False, 'hipster': False, 'divey': False, 'touristy': False, 'trendy': False, 'upscale': False, 'casual': True}"", 'BikeParking: True', 'BusinessAcceptsCreditCards: True', ""BusinessParking: {'garage': False, 'street': False, 'validated': False, 'lot': True, 'valet': False}"", 'Caters: True', 'GoodForKids: True', ""GoodForMeal: {'dessert': False, 'latenight': False, 'lunch': True, 'dinner': False, 'breakfast': False, 'brunch': False}"", 'HasTV: False', 'NoiseLevel: average', 'OutdoorSeating: False', 'RestaurantsAttire: casual', 'RestaurantsDelivery: False', 'RestaurantsGoodForGroups: True', 'RestaurantsPriceRange2: 1', 'RestaurantsReservations: False', 'RestaurantsTableService: False', 'RestaurantsTakeOut: True', 'WheelchairAccessible: True', 'WiFi: no']",-115.304171737,"1910 Village Center Cir, Ste 5",89134,NV,1,K-fw0gOHs5sF--_SRZa2Qg,business
Patron Mexican Grill,Pittsburgh,86,"['Monday 11:0-22:0', 'Tuesday 11:0-22:0', 'Wednesday 11:0-22:0', 'Thursday 11:0-22:0', 'Friday 11:0-22:30', 'Saturday 12:0-22:30', 'Sunday 12:0-22:0']",East Liberty,"['Mexican', 'Restaurants']",40.460303,3.5,"['Alcohol: full_bar', ""Ambience: {'romantic': False, 'intimate': False, 'classy': False, 'hipster': False, 'divey': False, 'touristy': False, 'trendy': False, 'upscale': False, 'casual': True}"", 'BikeParking: True', 'BusinessAcceptsCreditCards: True', ""BusinessParking: {'garage': False, 'street': True, 'validated': False, 'lot': False, 'valet': False}"", 'Caters: True', 'GoodForKids: True', ""GoodForMeal: {'dessert': False, 'latenight': False, 'lunch': False, 'dinner': True, 'breakfast': False, 'brunch': False}"", 'HasTV: True', 'NoiseLevel: average', 'OutdoorSeating: False', 'RestaurantsAttire: casual', 'RestaurantsDelivery: False', 'RestaurantsGoodForGroups: True', 'RestaurantsPriceRange2: 2', 'RestaurantsReservations: True', 'RestaurantsTableService: True', 'RestaurantsTakeOut: True', 'WiFi: free']",-79.9249675,133 S Highland Ave,15206,PA,1,pGwfOqNEL8FbMUFspJdAMA,business
Anaya's Eatery,Brampton,3,"['Monday 7:0-17:0', 'Tuesday 7:0-17:0', 'Wednesday 7:0-17:0', 'Thursday 7:0-17:0', 'Friday 7:0-17:0', 'Saturday 7:0-17:0', 'Sunday 7:0-17:0']",Malton,"['Breakfast & Brunch', 'Coffee & Tea', 'Food', 'Salad', 'Soup', 'Restaurants']",43.726828,5.0,,-79.666284,"361 Parkhurst Square, Unit 1/2",L6T 0C2,ON,1,PRcxAC_CpU3QPBn578m4bQ,business
Thai Origin,Cleveland,50,"['Monday 11:0-21:30', 'Tuesday 11:0-21:30', 'Wednesday 11:0-21:30', 'Thursday 11:0-21:30', 'Friday 11:0-21:30', 'Saturday 17:0-22:0', 'Sunday 17:0-21:0']",,"['Restaurants', 'Thai']",41.373934,3.5,"['Alcohol: full_bar', ""Ambience: {'romantic': False, 'intimate': False, 'classy': False, 'hipster': False, 'divey': False, 'touristy': False, 'trendy': False, 'upscale': False, 'casual': True}"", 'BikeParking: False', 'BusinessAcceptsCreditCards: True', ""BusinessParking: {'garage': False, 'street': False, 'validated': False, 'lot': True, 'valet': False}"", 'Caters: True', 'GoodForKids: True', ""GoodForMeal: {'dessert': False, 'latenight': False, 'lunch': True, 'dinner': True, 'breakfast': False, 'brunch': False}"", 'HasTV: True', 'NoiseLevel: quiet', 'OutdoorSeating: False', 'RestaurantsAttire: casual', 'RestaurantsDelivery: False', 'RestaurantsGoodForGroups: True', 'RestaurantsPriceRange2: 2', 'RestaurantsReservations: True', 'RestaurantsTableService: True', 'RestaurantsTakeOut: True', 'WheelchairAccessible: True', 'WiFi: free']",-81.830332,18332 Bagley Rd,44130,OH,0,vBZ0cwtWKUN4t6sFCpSFCw,business
Golden Lotus Chinese Cuisine,Vaughan,7,"['Monday 11:0-22:0', 'Wednesday 11:0-22:0', 'Thursday 11:0-22:0', 'Friday 11:0-23:0', 'Saturday 11:0-23:0', 'Sunday 14:30-22:0']",,"['Chinese', 'Restaurants']",43.8113538447,3.5,"['Alcohol: none', ""Ambience: {'romantic': False, 'intimate': False, 'classy': False, 'hipster': False, 'touristy': False, 'trendy': False, 'upscale': False, 'casual': False}"", 'BusinessAcceptsCreditCards: True', 'Caters: True', 'GoodForKids: True', ""GoodForMeal: {'dessert': False, 'latenight': False, 'lunch': False, 'dinner': False, 'breakfast': False, 'brunch': False}"", 'HasTV: False', 'NoiseLevel: average', 'OutdoorSeating: False', 'RestaurantsAttire: casual', 'RestaurantsDelivery: True', 'RestaurantsGoodForGroups: True', 'RestaurantsPriceRange2: 1', 'RestaurantsReservations: False', 'RestaurantsTableService: False', 'RestaurantsTakeOut: True', 'WheelchairAccessible: True', 'WiFi: free']",-79.6290961021,8565 Hwy 27,L4L 1A7,ON,1,MZNrlYIMt2FwcdEH33_EHw,business
Fat Dumpling,Las Vegas,188,"['Monday 10:0-1:0', 'Tuesday 10:0-1:0', 'Wednesday 10:0-1:0', 'Thursday 10:0-1:0', 'Friday 10:0-1:0', 'Saturday 10:0-1:0', 'Sunday 10:0-1:0']",Chinatown,"['Bubble Tea', 'Chinese', 'Restaurants', 'Food']",36.1264476,3.5,"['Alcohol: none', ""Ambience: {'romantic': False, 'intimate': False, 'classy': False, 'hipster': False, 'divey': False, 'touristy': False, 'trendy': False, 'upscale': False, 'casual': True}"", 'BusinessAcceptsCreditCards: True', ""BusinessParking: {'garage': False, 'street': True, 'validated': False, 'lot': False, 'valet': False}"", 'Caters: False', 'GoodForKids: True', ""GoodForMeal: {'dessert': False, 'latenight': False, 'lunch': True, 'dinner': False, 'breakfast': False, 'brunch': False}"", 'HasTV: True', 'NoiseLevel: quiet', 'OutdoorSeating: False', 'RestaurantsAttire: casual', 'RestaurantsDelivery: False', 'RestaurantsGoodForGroups: True', 'RestaurantsPriceRange2: 1', 'RestaurantsReservations: False', 'RestaurantsTableService: True', 'RestaurantsTakeOut: True', 'WiFi: no', 'BikeParking: True']",-115.1926856,3959 W Spring Mountain Rd,89109,NV,1,6z3cgIE9dJ01wUm43f0yBQ,business
Little Dumpling Thai & Chinese Cuisine,Boulder City,17,"['Monday 11:0-21:30', 'Tuesday 11:0-21:30', 'Wednesday 11:0-21:30', 'Thursday 11:0-21:30', 'Friday 11:0-22:0', 'Saturday 11:0-22:0']",,"['Thai', 'Restaurants', 'Chinese']",35.9706094,3.0,"['Alcohol: beer_and_wine', ""Ambience: {'romantic': False, 'intimate': False, 'classy': False, 'hipster': False, 'divey': False, 'touristy': False, 'trendy': False, 'upscale': False, 'casual': False}"", 'BusinessAcceptsCreditCards: True', ""BusinessParking: {'garage': False, 'street': False, 'validated': False, 'lot': True, 'valet': False}"", 'GoodForKids: True', ""GoodForMeal: {'dessert': False, 'latenight': False, 'lunch': True, 'dinner': True, 'breakfast': False, 'brunch': False}"", 'NoiseLevel: quiet', 'OutdoorSeating: False', 'RestaurantsAttire: casual', 'RestaurantsDelivery: True', 'RestaurantsGoodForGroups: True', 'RestaurantsPriceRange2: 1', 'RestaurantsReservations: True', 'RestaurantsTableService: True', 'RestaurantsTakeOut: True', 'WheelchairAccessible: True', 'WiFi: no']",-114.8529085,1420 Nevada Hwy,89005,NV,0,mjMZU-Xu4bDauNzvQ5kYKw,business
Dragon Buffet,Charlotte,59,,Steele Creek,"['Chinese', 'Buffets', 'Restaurants']",35.1457297,3.5,"['Alcohol: none', ""Ambience: {'romantic': False, 'intimate': False, 'classy': False, 'hipster': False, 'divey': False, 'touristy': False, 'trendy': False, 'upscale': False, 'casual': True}"", 'BikeParking: True', 'BusinessAcceptsCreditCards: True', ""BusinessParking: {'garage': False, 'street': False, 'validated': False, 'lot': False, 'valet': False}"", 'Caters: False', 'GoodForKids: True', ""GoodForMeal: {'dessert': False, 'latenight': False, 'lunch': True, 'dinner': True, 'breakfast': False, 'brunch': False}"", 'HasTV: False', 'NoiseLevel: average', 'OutdoorSeating: False', 'RestaurantsAttire: casual', 'RestaurantsDelivery: False', 'RestaurantsGoodForGroups: True', 'RestaurantsPriceRange2: 1', 'RestaurantsReservations: False', 'RestaurantsTableService: True', 'RestaurantsTakeOut: True', 'WheelchairAccessible: True', 'WiFi: no']",-80.9365337,8170 S Tryon St,28263,NC,1,5aGYZbjkXpCecz4QH2ZKFg,business
Trattoria Giancarlo,Toronto,22,"['Monday 18:0-23:0', 'Tuesday 18:0-23:0', 'Wednesday 18:0-23:0', 'Thursday 18:0-23:0', 'Friday 18:0-23:0', 'Saturday 18:0-23:0']",Little Italy,"['Italian', 'Event Planning & Services', 'Caterers', 'Restaurants']",43.6549566,3.5,"['Alcohol: full_bar', ""Ambience: {'romantic': False, 'intimate': False, 'classy': False, 'hipster': False, 'touristy': False, 'trendy': False, 'upscale': False, 'casual': False}"", 'BikeParking: True', 'BusinessAcceptsCreditCards: True', ""BusinessParking: {'garage': False, 'street': True, 'validated': False, 'lot': False, 'valet': False}"", 'GoodForKids: False', ""GoodForMeal: {'dessert': False, 'latenight': True, 'lunch': False, 'dinner': True, 'breakfast': False, 'brunch': False}"", 'HasTV: False', 'NoiseLevel: average', 'OutdoorSeating: True', 'RestaurantsAttire: casual', 'RestaurantsDelivery: False', 'RestaurantsGoodForGroups: True', 'RestaurantsPriceRange2: 3', 'RestaurantsReservations: True', 'RestaurantsTableService: True', 'RestaurantsTakeOut: False', 'WheelchairAccessible: True', 'WiFi: no']",-79.4137535,41 Clinton St,M6J 2N9,ON,1,k4PFaATcPO0tvTetNbdm8Q,business
Bangkok Express,Montréal,20,"['Monday 11:30-22:0', 'Tuesday 11:30-22:0', 'Wednesday 11:30-22:0', 'Thursday 11:30-22:0', 'Friday 11:30-0:0', 'Saturday 11:30-0:0', 'Sunday 11:30-22:0']",Notre-Dame-de-Grâce,"['Restaurants', 'Thai']",45.4753235,2.5,"['Alcohol: full_bar', ""Ambience: {'romantic': False, 'intimate': False, 'classy': False, 'hipster': False, 'touristy': False, 'trendy': False, 'upscale': False, 'casual': False}"", 'BikeParking: False', 'BusinessAcceptsCreditCards: True', ""BusinessParking: {'garage': False, 'street': True, 'validated': False, 'lot': False, 'valet': False}"", 'Caters: True', 'DogsAllowed: False', 'GoodForKids: True', ""GoodForMeal: {'dessert': False, 'latenight': False, 'lunch': False, 'dinner': False, 'breakfast': False, 'brunch': False}"", 'HasTV: False', 'NoiseLevel: average', 'OutdoorSeating: True', 'RestaurantsAttire: casual', 'RestaurantsDelivery: True', 'RestaurantsGoodForGroups: True', 'RestaurantsPriceRange2: 2', 'RestaurantsReservations: True', 'RestaurantsTableService: True', 'RestaurantsTakeOut: True', 'WiFi: no']",-73.6233118,5645 De Monkland Avenue,H4A 1E2,QC,1,bte91zhh1rTqMvlI-3mS4Q,business
La Madeleine PHX: Term 4 B19,Phoenix,3,,,"['Restaurants', 'American (Traditional)']",33.4360430298,4.5,"[""Ambience: {'romantic': False, 'intimate': False, 'classy': False, 'hipster': False, 'divey': False, 'touristy': False, 'trendy': False, 'upscale': False, 'casual': False}"", 'BikeParking: False', 'BusinessAcceptsCreditCards: True', 'GoodForKids: True', ""GoodForMeal: {'dessert': False, 'latenight': False, 'lunch': False, 'dinner': False, 'breakfast': True, 'brunch': False}"", 'HasTV: False', 'OutdoorSeating: False', 'RestaurantsAttire: casual', 'RestaurantsDelivery: False', 'RestaurantsGoodForGroups: False', 'RestaurantsPriceRange2: 1', 'RestaurantsReservations: False', 'RestaurantsTakeOut: True']",-111.992662574,4140-4204 E Sky Harbor Blvd,85034,AZ,1,SO6Do3X3hVFXkNAIl5izzg,business
Fox News Sky Box,Phoenix,34,,,"['Bars', 'American (Traditional)', 'Restaurants', 'Nightlife', 'Sports Bars']",33.4346825157,2.5,"['Alcohol: full_bar', ""Ambience: {'romantic': False, 'intimate': False, 'classy': False, 'hipster': False, 'divey': False, 'touristy': False, 'trendy': False, 'upscale': False, 'casual': False}"", 'BYOBCorkage: yes_free', 'BusinessAcceptsCreditCards: True', ""BusinessParking: {'garage': True, 'street': False, 'validated': False, 'lot': False, 'valet': False}"", 'Caters: False', 'CoatCheck: False', 'Corkage: False', 'GoodForDancing: False', 'GoodForKids: False', ""GoodForMeal: {'dessert': False, 'latenight': False, 'lunch': True, 'dinner': False, 'breakfast': False, 'brunch': False}"", 'HasTV: True', ""Music: {'dj': False, 'background_music': True, 'no_music': False, 'karaoke': False, 'live': False, 'video': False, 'jukebox': False}"", 'NoiseLevel: loud', 'OutdoorSeating: False', 'RestaurantsAttire: casual', 'RestaurantsDelivery: False', 'RestaurantsGoodForGroups: False', 'RestaurantsPriceRange2: 2', 'RestaurantsReservations: False', 'RestaurantsTableService: True', 'RestaurantsTakeOut: True', 'Smoking: no', 'WheelchairAccessible: True', 'WiFi: free']",-111.994403601,"Sky Harbor International Airport, Terminal 4, C Gates",85034,AZ,1,FTA3Qoa7C4aTx_KE75nJ4Q,business
Raising Cane's Chicken Fingers,Phoenix,12,"['Monday 9:0-0:0', 'Tuesday 9:0-0:0', 'Wednesday 9:0-0:0', 'Thursday 9:0-0:0', 'Friday 9:0-0:0', 'Saturday 9:0-0:0', 'Sunday 9:0-0:0']",,"['Chicken Shop', 'Fast Food', 'Restaurants', 'Food']",33.6403022826,2.5,"['GoodForKids: False', 'RestaurantsReservations: False', 'RestaurantsTakeOut: True', 'BusinessAcceptsCreditCards: True', 'RestaurantsAttire: casual', 'RestaurantsDelivery: False', 'RestaurantsGoodForGroups: True', 'RestaurantsPriceRange2: 1']",-112.058883522,1050 E Bell Rd,85022,AZ,1,TmByhkKxWQa2Bfvyk3Aqxg,business
Nu Sanctuary Lounge,Las Vegas,68,"['Monday 17:0-0:0', 'Tuesday 17:0-1:0', 'Wednesday 17:0-4:0', 'Thursday 17:0-5:0', 'Friday 17:0-4:30', 'Saturday 17:0-4:30']",Southeast,"['American (New)', 'Restaurants', 'American (Traditional)', 'Bars', 'Hookah Bars', 'Nightlife', 'Mediterranean']",36.0687779,2.5,"['Alcohol: full_bar', ""Ambience: {'romantic': False, 'intimate': False, 'classy': False, 'hipster': False, 'divey': False, 'touristy': False, 'trendy': True, 'upscale': False, 'casual': False}"", ""BestNights: {'monday': False, 'tuesday': True, 'friday': False, 'wednesday': True, 'thursday': True, 'sunday': False, 'saturday': False}"", 'BusinessAcceptsCreditCards: True', ""BusinessParking: {'garage': True, 'street': True, 'validated': False, 'lot': True, 'valet': False}"", 'CoatCheck: False', 'GoodForDancing: True', 'GoodForKids: False', ""GoodForMeal: {'dessert': False, 'latenight': True, 'lunch': False, 'dinner': False, 'breakfast': False, 'brunch': False}"", 'HappyHour: True', 'HasTV: True', ""Music: {'dj': True, 'background_music': True, 'no_music': False, 'karaoke': False, 'live': False, 'video': False, 'jukebox': False}"", 'NoiseLevel: average', 'OutdoorSeating: True', 'RestaurantsAttire: casual', 'RestaurantsDelivery: False', 'RestaurantsGoodForGroups: True', 'RestaurantsPriceRange2: 3', 'RestaurantsReservations: True', 'RestaurantsTableService: True', 'RestaurantsTakeOut: True', 'Smoking: yes', 'WheelchairAccessible: True', 'WiFi: no']",-115.1768402,"6605 S Las Vegas Blvd, Ste 145",89119,NV,0,stbX9rtRIpDF-VymOwHJ8w,business
Villa Francesca,Charlotte,81,"['Monday 11:0-22:0', 'Tuesday 11:0-22:0', 'Wednesday 11:0-22:0', 'Thursday 11:0-22:0', 'Friday 11:0-23:0', 'Saturday 11:0-23:0', 'Sunday 12:0-22:0']",First Ward,"['Italian', 'Restaurants', 'Pizza']",35.226051,3.5,"['Alcohol: beer_and_wine', ""Ambience: {'romantic': False, 'intimate': False, 'classy': False, 'hipster': False, 'divey': False, 'touristy': False, 'trendy': False, 'upscale': False, 'casual': True}"", 'BikeParking: True', 'BusinessAcceptsCreditCards: True', ""BusinessParking: {'garage': False, 'street': False, 'validated': False, 'lot': True, 'valet': False}"", 'Caters: True', 'GoodForKids: True', ""GoodForMeal: {'dessert': False, 'latenight': False, 'lunch': True, 'dinner': True, 'breakfast': False, 'brunch': False}"", 'HasTV: True', 'NoiseLevel: average', 'OutdoorSeating: True', 'RestaurantsAttire: casual', 'RestaurantsDelivery: True', 'RestaurantsGoodForGroups: True', 'RestaurantsPriceRange2: 2', 'RestaurantsReservations: False', 'RestaurantsTableService: True', 'RestaurantsTakeOut: True', 'WheelchairAccessible: True', 'WiFi: no']",-80.836185,321 N Caldwell St,28202,NC,0,nDZWoEznY5-oSCc2HvoMtA,business
Cherries Diner,Pittsburgh,42,,Downtown,"['Restaurants', 'Breakfast & Brunch', 'Diners']",40.4404938,3.0,"['Alcohol: none', ""Ambience: {'romantic': False, 'intimate': False, 'classy': False, 'hipster': False, 'divey': True, 'touristy': False, 'trendy': False, 'upscale': False, 'casual': False}"", 'BikeParking: True', 'BusinessAcceptsCreditCards: True', ""BusinessParking: {'garage': False, 'street': True, 'validated': False, 'lot': False, 'valet': False}"", 'Caters: False', 'GoodForKids: True', ""GoodForMeal: {'dessert': False, 'latenight': False, 'lunch': False, 'dinner': False, 'breakfast': True, 'brunch': False}"", 'HasTV: True', 'NoiseLevel: average', 'OutdoorSeating: False', 'RestaurantsAttire: casual', 'RestaurantsDelivery: False', 'RestaurantsGoodForGroups: False', 'RestaurantsPriceRange2: 1', 'RestaurantsReservations: False', 'RestaurantsTableService: True', 'RestaurantsTakeOut: True', 'WiFi: no']",-80.0019404,212 Forbes Ave,15222,PA,1,FdAFfmeqaaY-1463SyTwGQ,business
Honey Pig Korean BBQ,Las Vegas,42,"['Monday 10:0-23:0', 'Tuesday 10:0-23:0', 'Wednesday 10:0-23:0', 'Thursday 10:0-23:0', 'Friday 10:0-23:0', 'Saturday 10:0-23:0', 'Sunday 10:0-23:0']",,"['Restaurants', 'Korean', 'Barbeque']",36.0150169665,3.5,"['Alcohol: beer_and_wine', 'BusinessAcceptsCreditCards: True', ""BusinessParking: {'garage': False, 'street': False, 'validated': False, 'lot': False, 'valet': False}"", 'Caters: True', 'GoodForKids: True', 'HasTV: True', 'OutdoorSeating: False', 'RestaurantsAttire: casual', 'RestaurantsDelivery: False', 'RestaurantsGoodForGroups: True', 'RestaurantsPriceRange2: 2', 'RestaurantsReservations: True', 'RestaurantsTableService: True', 'RestaurantsTakeOut: False', 'BikeParking: True', 'WiFi: no', 'NoiseLevel: loud', ""GoodForMeal: {'dessert': False, 'latenight': False, 'lunch': True, 'dinner': False, 'breakfast': False, 'brunch': False}"", ""Ambience: {'romantic': False, 'intimate': True, 'classy': False, 'hipster': False, 'divey': False, 'touristy': False, 'trendy': True, 'upscale': False, 'casual': True}""]",-115.117183047,"9550 S Eastern Ave, Ste 100",89123,NV,1,OXBROmBWuDhRhd0BZ7zXJA,business
Villa Y Zapata,Cleveland,60,"['Monday 11:0-22:0', 'Tuesday 11:0-22:0', 'Wednesday 11:0-22:0', 'Thursday 11:0-22:0', 'Friday 11:0-22:0', 'Saturday 16:0-22:0']",Cudell,"['Mexican', 'Restaurants']",41.476881,4.0,"['Alcohol: full_bar', ""Ambience: {'romantic': False, 'intimate': False, 'classy': False, 'hipster': False, 'divey': False, 'touristy': False, 'trendy': False, 'upscale': False, 'casual': True}"", 'BikeParking: False', 'BusinessAcceptsCreditCards: True', ""BusinessParking: {'garage': False, 'street': False, 'validated': False, 'lot': True, 'valet': False}"", 'Caters: True', 'GoodForKids: True', ""GoodForMeal: {'dessert': False, 'latenight': False, 'lunch': True, 'dinner': True, 'breakfast': False, 'brunch': False}"", 'HasTV: True', 'NoiseLevel: average', 'OutdoorSeating: False', 'RestaurantsAttire: casual', 'RestaurantsDelivery: False', 'RestaurantsGoodForGroups: True', 'RestaurantsPriceRange2: 2', 'RestaurantsReservations: False', 'RestaurantsTableService: True', 'RestaurantsTakeOut: True', 'WheelchairAccessible: True', 'WiFi: no']",-81.743512,8505-09 Madison Ave,44102,OH,1,dQwjYLmQXb06CpMPIpm5-g,business
Taco Bell,Charlotte,3,"['Monday 10:0-0:0', 'Tuesday 10:0-0:0', 'Wednesday 10:0-0:0', 'Thursday 10:0-0:0', 'Friday 10:0-0:0', 'Saturday 10:0-0:0', 'Sunday 10:0-0:0']",Eastland,"['Restaurants', 'Fast Food', 'Tex-Mex', 'Mexican']",35.20255,1.5,"[""Ambience: {'romantic': False, 'intimate': False, 'classy': False, 'hipster': False, 'divey': False, 'touristy': False, 'trendy': False, 'upscale': False, 'casual': False}"", 'BusinessAcceptsCreditCards: True', 'GoodForKids: True', ""GoodForMeal: {'dessert': False, 'latenight': False, 'lunch': False, 'dinner': False, 'breakfast': False, 'brunch': False}"", 'RestaurantsAttire: casual', 'RestaurantsDelivery: False', 'RestaurantsGoodForGroups: True', 'RestaurantsPriceRange2: 1', 'RestaurantsReservations: False', 'RestaurantsTakeOut: True']",-80.73531,6424 Albemarle Rd,28212,NC,1,8A_GP28T-gqf91qJRI-lDQ,business
Tako Japanese Restaurant,Oakville,3,,,"['Restaurants', 'Japanese']",43.4889374,4.0,"['Alcohol: full_bar', ""Ambience: {'romantic': False, 'intimate': False, 'classy': False, 'hipster': False, 'touristy': False, 'trendy': False, 'upscale': False, 'casual': False}"", 'BusinessAcceptsCreditCards: True', ""BusinessParking: {'garage': False, 'street': False, 'validated': False, 'lot': False, 'valet': False}"", 'GoodForKids: True', ""GoodForMeal: {'dessert': False, 'latenight': False, 'lunch': False, 'dinner': False, 'breakfast': False, 'brunch': False}"", 'HasTV: False', 'NoiseLevel: average', 'OutdoorSeating: False', 'RestaurantsAttire: casual', 'RestaurantsGoodForGroups: True', 'RestaurantsPriceRange2: 2', 'RestaurantsTableService: True', 'RestaurantsTakeOut: True', 'WiFi: free']",-79.7182007,360 Dundas Street E,L6H 6Z9,ON,0,R_wQkUJHfAMxCSqgW3qXKQ,business
Makars Gourmet Mash Bar,Old Town,11,"['Monday 11:0-22:0', 'Tuesday 11:0-22:0', 'Wednesday 11:0-22:0', 'Thursday 11:0-22:0', 'Friday 11:0-23:45', 'Saturday 11:0-0:0', 'Sunday 11:0-17:0']",Royal Mile,"['Scottish', 'Restaurants', 'Wine Bars', 'Steakhouses', 'Gastropubs', 'British', 'Nightlife', 'Bars', 'Bistros', 'Seafood']",55.9498323,4.0,"['Alcohol: full_bar', ""Ambience: {'romantic': False, 'intimate': False, 'classy': False, 'hipster': True, 'touristy': False, 'trendy': False, 'upscale': False, 'casual': False}"", 'BikeParking: True', 'BusinessAcceptsBitcoin: False', 'BusinessAcceptsCreditCards: True', ""BusinessParking: {'garage': False, 'street': True, 'lot': False, 'valet': False}"", 'Caters: True', 'DogsAllowed: False', 'GoodForKids: True', ""GoodForMeal: {'dessert': False, 'latenight': False, 'lunch': False, 'dinner': False, 'breakfast': False, 'brunch': False}"", 'HasTV: False', 'NoiseLevel: average', 'OutdoorSeating: True', 'RestaurantsAttire: casual', 'RestaurantsDelivery: False', 'RestaurantsGoodForGroups: True', 'RestaurantsPriceRange2: 2', 'RestaurantsReservations: True', 'RestaurantsTableService: True', 'RestaurantsTakeOut: False', 'WheelchairAccessible: True', 'WiFi: free']",-3.193626,9 N Bank Street,EH1 2LP,EDH,1,6rGYvMWoH6KvbF-oQzOWIQ,business
Pat's Chinese Food and Minimart,Las Vegas,4,,,"['Restaurants', 'Chinese']",36.188135,3.0,"['BusinessAcceptsCreditCards: True', 'GoodForKids: False', 'RestaurantsReservations: False', 'RestaurantsTakeOut: True']",-115.160418,1451 W Owens Ave,89106,NV,0,G3u4eA85qY8t3LWtiU27qQ,business
Golden Moon Palace Restaurant,Phoenix,9,,,"['Restaurants', 'Chinese']",33.4516155,3.5,"['Alcohol: beer_and_wine', 'BusinessAcceptsCreditCards: True', ""BusinessParking: {'garage': False, 'street': False, 'validated': False, 'lot': False, 'valet': False}"", 'GoodForKids: True', ""GoodForMeal: {'dessert': False, 'latenight': False, 'lunch': False, 'dinner': False, 'breakfast': False, 'brunch': False}"", 'HasTV: True', 'NoiseLevel: quiet', 'OutdoorSeating: False', 'RestaurantsAttire: casual', 'RestaurantsDelivery: True', 'RestaurantsGoodForGroups: True', 'RestaurantsPriceRange2: 2', 'RestaurantsReservations: False', 'RestaurantsTableService: True', 'RestaurantsTakeOut: True']",-112.0905491,1408 W Van Buren St,85007,AZ,0,3G_wGIblXDNRYg4xIe9VZA,business
Layali Ambrosia Restaurant,Mississauga,5,"['Monday 11:30-14:0', 'Tuesday 11:30-14:0', 'Wednesday 11:30-14:0', 'Thursday 11:30-14:0', 'Friday 11:30-15:0', 'Saturday 12:0-15:0', 'Sunday 12:0-14:0']",Hanlan,"['Mediterranean', 'Lebanese', 'Restaurants', 'Nightlife', 'Bars', 'Lounges', 'Middle Eastern']",43.6524611459,2.0,"['RestaurantsGoodForGroups: True', 'Smoking: outdoor']",-79.6423625574,"5835 Dixie Road, Unit 2",L4W 4V7,ON,1,2EbkUeNfIOPhbGurvgaUjw,business
New York Subs & Burritos,Toronto,67,"['Monday 11:30-0:0', 'Tuesday 11:30-0:0', 'Wednesday 11:30-0:0', 'Thursday 11:30-0:0', 'Friday 11:30-0:0', 'Saturday 12:0-22:0']",Alexandra Park,"['Food', 'Specialty Food', 'Restaurants', 'Ethnic Food', 'Indian', 'Mexican', 'Kebab', 'Sandwiches']",43.6477808,4.0,"['Alcohol: none', ""Ambience: {'romantic': False, 'intimate': False, 'classy': False, 'hipster': False, 'touristy': False, 'trendy': False, 'upscale': False, 'casual': True}"", 'BikeParking: True', 'BusinessAcceptsCreditCards: True', ""BusinessParking: {'garage': False, 'street': True, 'validated': False, 'lot': False, 'valet': False}"", 'GoodForKids: True', ""GoodForMeal: {'dessert': False, 'latenight': False, 'lunch': True, 'dinner': True, 'breakfast': False, 'brunch': False}"", 'HasTV: False', 'NoiseLevel: average', 'OutdoorSeating: False', 'RestaurantsAttire: casual', 'RestaurantsDelivery: False', 'RestaurantsGoodForGroups: True', 'RestaurantsPriceRange2: 1', 'RestaurantsReservations: False', 'RestaurantsTableService: False', 'RestaurantsTakeOut: True', 'WheelchairAccessible: False', 'WiFi: no']",-79.4018524,520 Queen Street W,M5V 2B3,ON,1,aDWOXQVSvRPOpqcJ1ja0_Q,business
B & M Restaurant,Montréal,25,"['Monday 7:0-16:0', 'Tuesday 7:0-16:0', 'Wednesday 7:0-16:0', 'Thursday 7:0-16:0', 'Friday 7:0-16:0', 'Saturday 7:0-16:0', 'Sunday 7:0-16:0']",Plateau-Mont-Royal,"['Breakfast & Brunch', 'Canadian (New)', 'Restaurants']",45.5242068,3.5,"['Alcohol: beer_and_wine', ""Ambience: {'romantic': False, 'intimate': False, 'classy': False, 'hipster': False, 'touristy': False, 'trendy': True, 'upscale': False, 'casual': True}"", 'BikeParking: True', 'BusinessAcceptsCreditCards: True', ""BusinessParking: {'garage': False, 'street': True, 'validated': False, 'lot': False, 'valet': False}"", 'Caters: False', 'GoodForKids: True', ""GoodForMeal: {'dessert': False, 'latenight': False, 'lunch': False, 'dinner': False, 'breakfast': False, 'brunch': True}"", 'HasTV: True', 'NoiseLevel: average', 'OutdoorSeating: False', 'RestaurantsAttire: casual', 'RestaurantsDelivery: False', 'RestaurantsGoodForGroups: True', 'RestaurantsPriceRange2: 2', 'RestaurantsReservations: True', 'RestaurantsTableService: True', 'RestaurantsTakeOut: True', 'WiFi: free']",-73.6002283,120 Rue Saint-Viateur W,H2T 2L2,QC,1,uaPTZHgqZuP8-CjZREI-Xg,business
Ron's Steakhouse,Las Vegas,49,"['Wednesday 16:0-21:0', 'Thursday 16:0-21:0', 'Friday 16:0-21:0', 'Saturday 16:0-21:0', 'Sunday 16:0-21:0']",Westside,"['Steakhouses', 'Restaurants']",36.1683682187,4.0,"['Alcohol: full_bar', ""Ambience: {'romantic': False, 'intimate': True, 'classy': False, 'hipster': False, 'divey': False, 'touristy': False, 'trendy': False, 'upscale': False, 'casual': False}"", 'BikeParking: False', 'BusinessAcceptsCreditCards: True', ""BusinessParking: {'garage': False, 'street': False, 'validated': False, 'lot': False, 'valet': True}"", 'Caters: False', 'GoodForKids: False', ""GoodForMeal: {'dessert': False, 'latenight': False, 'lunch': False, 'dinner': True, 'breakfast': False, 'brunch': False}"", 'HasTV: False', 'NoiseLevel: quiet', 'OutdoorSeating: False', 'RestaurantsAttire: casual', 'RestaurantsDelivery: False', 'RestaurantsGoodForGroups: True', 'RestaurantsPriceRange2: 3', 'RestaurantsReservations: True', 'RestaurantsTableService: True', 'RestaurantsTakeOut: False', 'WiFi: no']",-115.21774292,"Arizona Charlie's Decatur, 740 S Decatur",89107,NV,1,Yiz2cRBakfVUOHsThLKyoQ,business
Arizona Charlie's Decatur,Las Vegas,127,,Westside,"['Event Planning & Services', 'Casinos', 'Arts & Entertainment', 'Hotels', 'Restaurants', 'Hotels & Travel']",36.1635421862,3.0,"['BusinessAcceptsCreditCards: True', 'GoodForKids: False', 'RestaurantsPriceRange2: 1', 'WiFi: paid']",-115.207427048,740 S Decatur Blvd,89107,NV,1,DyVteo8Blf5gEfC9QbJE9A,business
Chutneys Fine Indian Cuisine,Etobicoke,30,"['Tuesday 16:0-22:0', 'Wednesday 11:30-14:0', 'Wednesday 16:0-22:0', 'Thursday 11:30-14:0', 'Thursday 16:0-22:0', 'Friday 11:30-14:0', 'Friday 16:0-22:0', 'Saturday 11:30-14:0', 'Saturday 16:0-22:0', 'Sunday 11:30-14:0', 'Sunday 16:0-22:0']",Etobicoke,"['Indian', 'Restaurants']",43.6467776,3.5,"['Alcohol: full_bar', ""Ambience: {'romantic': False, 'intimate': True, 'classy': False, 'hipster': False, 'touristy': False, 'trendy': False, 'upscale': False, 'casual': False}"", 'BikeParking: True', 'BusinessAcceptsCreditCards: True', ""BusinessParking: {'garage': False, 'street': True, 'validated': False, 'lot': False, 'valet': False}"", 'Caters: False', 'GoodForKids: True', ""GoodForMeal: {'dessert': False, 'latenight': False, 'lunch': False, 'dinner': True, 'breakfast': False, 'brunch': False}"", 'HasTV: False', 'NoiseLevel: quiet', 'OutdoorSeating: False', 'RestaurantsAttire: casual', 'RestaurantsDelivery: True', 'RestaurantsGoodForGroups: False', 'RestaurantsPriceRange2: 2', 'RestaurantsReservations: True', 'RestaurantsTableService: True', 'RestaurantsTakeOut: True', 'WiFi: no']",-79.5140104,3077 Bloor Street W,M8X 1C7,ON,1,FlVOC0CfQzf_Fd5TlhHfGw,business
The Cookin Coop,Charlotte,3,"['Friday 17:0-2:0', 'Saturday 9:0-2:0', 'Sunday 11:0-21:0']",Uptown,"['Restaurants', 'Food', 'Burgers', 'Food Trucks', 'Fast Food', 'Breakfast & Brunch']",35.2270869,5.0,"['BusinessAcceptsCreditCards: True', 'GoodForKids: True', 'RestaurantsGoodForGroups: True', 'RestaurantsTakeOut: True']",-80.8431267,,,NC,1,9_SM4w8LoVrPT98KPaJrYQ,business
Golden China,Fort Mill,23,,,"['Restaurants', 'Chinese']",35.0776742,4.5,"['Alcohol: none', ""Ambience: {'romantic': False, 'intimate': False, 'classy': False, 'hipster': False, 'divey': False, 'touristy': False, 'trendy': False, 'upscale': False, 'casual': False}"", 'BikeParking: True', 'BusinessAcceptsCreditCards: True', ""BusinessParking: {'garage': False, 'street': False, 'validated': False, 'lot': False, 'valet': False}"", 'Caters: True', 'GoodForKids: True', ""GoodForMeal: {'dessert': False, 'latenight': False, 'lunch': False, 'dinner': False, 'breakfast': False, 'brunch': False}"", 'HasTV: True', 'NoiseLevel: quiet', 'OutdoorSeating: False', 'RestaurantsAttire: casual', 'RestaurantsDelivery: False', 'RestaurantsGoodForGroups: True', 'RestaurantsPriceRange2: 1', 'RestaurantsReservations: False', 'RestaurantsTableService: False', 'RestaurantsTakeOut: True', 'WiFi: no']",-80.934354,"3150 Hwy 21 N, Ste 18",29715,SC,1,7rnO3Fb6FRb58-RMhSk-6g,business
Midtown,Las Vegas,44,"['Monday 16:0-0:0', 'Tuesday 16:0-0:0', 'Wednesday 16:0-0:0', 'Thursday 16:0-0:0', 'Friday 16:0-2:0', 'Saturday 16:0-2:0', 'Sunday 16:0-0:0']",Eastside,"['Restaurants', 'Wine Bars', 'Lounges', 'Bars', 'Italian', 'Food', 'Nightlife', 'Pizza', 'Coffee & Tea', 'Sports Bars']",36.1294227,4.0,"['Alcohol: full_bar', ""Ambience: {'romantic': False, 'intimate': False, 'classy': False, 'hipster': True, 'divey': False, 'touristy': False, 'trendy': False, 'upscale': False, 'casual': False}"", ""BestNights: {'monday': False, 'tuesday': False, 'friday': False, 'wednesday': False, 'thursday': False, 'sunday': False, 'saturday': False}"", 'BikeParking: True', 'BusinessAcceptsCreditCards: True', ""BusinessParking: {'garage': False, 'street': True, 'validated': False, 'lot': False, 'valet': False}"", 'Caters: False', 'CoatCheck: False', 'GoodForDancing: False', 'GoodForKids: False', ""GoodForMeal: {'dessert': False, 'latenight': True, 'lunch': False, 'dinner': False, 'breakfast': False, 'brunch': False}"", 'HappyHour: True', 'HasTV: True', ""Music: {'dj': False, 'background_music': False, 'no_music': False, 'karaoke': False, 'live': False, 'video': False, 'jukebox': True}"", 'NoiseLevel: average', 'OutdoorSeating: False', 'RestaurantsAttire: casual', 'RestaurantsDelivery: True', 'RestaurantsGoodForGroups: True', 'RestaurantsPriceRange2: 2', 'RestaurantsReservations: False', 'RestaurantsTableService: True', 'RestaurantsTakeOut: True', 'Smoking: yes', 'WiFi: free']",-115.1424913,953 E Desert Inn Rd,89109,NV,0,rLMsz9ams_xrlX_weejhtQ,business
The Second Cup,Toronto,5,,Bloor-West Village,"['Restaurants', 'Food', 'Burmese', 'Coffee & Tea']",43.6504203,2.5,"['BusinessAcceptsCreditCards: True', 'OutdoorSeating: True', 'RestaurantsPriceRange2: 2', 'WiFi: free']",-79.4809554,2340 Bloor St W,M6S 1P3,ON,1,lZ2Ubtb6MHiZCCz1P0yAEQ,business
Milano's Pizzeria,Las Vegas,4,"['Monday 16:0-1:0', 'Tuesday 16:0-1:0', 'Wednesday 16:0-1:0', 'Thursday 16:0-1:0', 'Friday 16:0-3:0', 'Saturday 16:0-3:0', 'Sunday 16:0-1:0']",Eastside,"['Restaurants', 'Pizza']",36.1053642,3.5,"['BusinessAcceptsCreditCards: True', 'GoodForKids: True', 'RestaurantsGoodForGroups: True', 'RestaurantsPriceRange2: 2', 'RestaurantsTakeOut: True']",-115.150647,"4640 Paradise Rd, Ste 8",89169,NV,1,-Tv5UZeFHdKz3RM9vOYpaw,business
Pineapple Park,Las Vegas,47,"['Monday 10:0-21:0', 'Tuesday 10:0-21:0', 'Wednesday 10:0-21:0', 'Thursday 10:0-21:0', 'Friday 10:0-21:0', 'Saturday 10:0-21:0', 'Sunday 11:0-19:0']",Eastside,"['Restaurants', 'Juice Bars & Smoothies', 'Food Court', 'Food', 'Desserts', 'Ice Cream & Frozen Yogurt']",36.1248998,4.0,"['BikeParking: True', 'BusinessAcceptsBitcoin: False', 'BusinessAcceptsCreditCards: True', ""BusinessParking: {'garage': True, 'street': False, 'validated': False, 'lot': True, 'valet': True}"", 'RestaurantsPriceRange2: 1', 'WheelchairAccessible: True', 'WiFi: free']",-115.1350531,"3528 S Maryland Pkwy, Ste 103",89169,NV,0,P5BBNzZyMVoeToNsrSkrHA,business
Meran,Stuttgart,11,"['Monday 11:30-23:0', 'Tuesday 11:30-23:0', 'Wednesday 11:30-23:0', 'Thursday 11:30-23:0', 'Friday 11:30-23:0', 'Saturday 9:0-14:0', 'Sunday 17:30-0:0']",,"['Cafes', 'Coffee & Tea', 'Food', 'Restaurants']",48.8048456598,3.5,"['BusinessAcceptsCreditCards: False', ""BusinessParking: {'garage': False, 'street': False, 'validated': False, 'lot': False, 'valet': False}"", 'DogsAllowed: False', 'OutdoorSeating: False', 'RestaurantsDelivery: False', 'RestaurantsPriceRange2: 2', 'RestaurantsTakeOut: False']",9.2140512097,Marktstr. 46,70372,BW,0,n31M6rOfyndjvK8OIbuKAg,business
Nick's Famous Pitas,Mississauga,5,"['Monday 22:30-21:0', 'Tuesday 22:30-21:0', 'Wednesday 22:30-21:0', 'Thursday 22:30-21:0', 'Friday 22:30-21:0', 'Saturday 23:30-19:0']",,"['Restaurants', 'Mediterranean', 'Barbeque', 'Sandwiches']",43.625834,4.0,"['Alcohol: none', ""Ambience: {'romantic': False, 'intimate': False, 'classy': False, 'hipster': False, 'touristy': False, 'trendy': False, 'upscale': False, 'casual': True}"", 'BikeParking: True', 'BusinessAcceptsCreditCards: True', ""BusinessParking: {'garage': False, 'street': False, 'validated': False, 'lot': True, 'valet': False}"", 'Caters: True', 'DogsAllowed: False', 'GoodForKids: True', ""GoodForMeal: {'dessert': False, 'latenight': False, 'lunch': True, 'dinner': False, 'breakfast': False, 'brunch': False}"", 'HasTV: False', 'NoiseLevel: average', 'OutdoorSeating: False', 'RestaurantsAttire: casual', 'RestaurantsDelivery: False', 'RestaurantsGoodForGroups: True', 'RestaurantsPriceRange2: 2', 'RestaurantsReservations: True', 'RestaurantsTableService: False', 'RestaurantsTakeOut: True', 'WheelchairAccessible: True', 'WiFi: free']",-79.6292708,4870 Tomken Road,L4W 1J8,ON,0,7xy8ImAZfRWrdFEUyhDXeA,business
Cafe Hesed,Newmarket,5,"['Monday 7:0-17:0', 'Tuesday 7:0-17:0', 'Wednesday 7:0-17:0', 'Thursday 7:0-17:0', 'Friday 7:0-17:0', 'Saturday 8:0-17:0']",,"['Restaurants', 'Korean', 'Food', 'Coffee & Tea', 'Sandwiches']",44.0519496,4.5,"['Alcohol: none', ""Ambience: {'romantic': False, 'intimate': False, 'classy': False, 'hipster': False, 'touristy': False, 'trendy': False, 'upscale': False, 'casual': True}"", 'BikeParking: True', 'BusinessAcceptsCreditCards: True', ""BusinessParking: {'garage': False, 'street': False, 'validated': False, 'lot': False, 'valet': False}"", 'Caters: False', 'GoodForKids: True', ""GoodForMeal: {'dessert': False, 'latenight': False, 'lunch': False, 'dinner': False, 'breakfast': False, 'brunch': False}"", 'HasTV: False', 'NoiseLevel: quiet', 'OutdoorSeating: False', 'RestaurantsAttire: casual', 'RestaurantsDelivery: False', 'RestaurantsGoodForGroups: True', 'RestaurantsPriceRange2: 1', 'RestaurantsReservations: False', 'RestaurantsTableService: False', 'RestaurantsTakeOut: True', 'WiFi: free']",-79.4563833,247 Main Street S,L3Y 3Z4,ON,1,xF2vsjsLBVDdjysSvbU7Cw,business
Two Gals From Cal,Boulder City,4,,,"['Mexican', 'Restaurants']",35.9694066,3.5,"['BusinessAcceptsCreditCards: True', ""BusinessParking: {'garage': False, 'street': False, 'validated': False, 'lot': False, 'valet': False}"", 'GoodForKids: True', 'OutdoorSeating: False', 'RestaurantsAttire: casual', 'RestaurantsDelivery: False', 'RestaurantsGoodForGroups: True', 'RestaurantsPriceRange2: 2', 'RestaurantsReservations: False', 'RestaurantsTableService: True', 'WheelchairAccessible: True']",-114.8576003,1632 Nevada Hwy,89005,NV,0,LPm4Q5fI6r5g9BQw-VKhOw,business
TJ Hibachi & Sushi Bar,North Olmsted,6,,,"['Japanese', 'Restaurants']",41.4156025,3.0,"['Alcohol: none', ""Ambience: {'romantic': False, 'intimate': False, 'classy': False, 'hipster': False, 'divey': False, 'touristy': False, 'trendy': False, 'upscale': False, 'casual': False}"", 'BikeParking: True', 'BusinessAcceptsCreditCards: True', ""BusinessParking: {'garage': False, 'street': False, 'validated': False, 'lot': False, 'valet': False}"", 'Caters: False', 'GoodForKids: True', ""GoodForMeal: {'dessert': False, 'latenight': False, 'lunch': False, 'dinner': False, 'breakfast': False, 'brunch': False}"", 'HasTV: False', 'NoiseLevel: quiet', 'OutdoorSeating: False', 'RestaurantsAttire: casual', 'RestaurantsDelivery: False', 'RestaurantsGoodForGroups: True', 'RestaurantsPriceRange2: 1', 'RestaurantsReservations: False', 'RestaurantsTableService: False', 'RestaurantsTakeOut: True', 'WiFi: free']",-81.9234726,198 Great Northern Mall,44070,OH,1,SReDsO9JGiGVFvlEA9PEiw,business
Ocean Spice,Edinburgh,3,"['Tuesday 16:30-23:0', 'Wednesday 16:30-23:0', 'Thursday 16:30-23:0', 'Friday 16:30-0:0', 'Saturday 16:30-0:0', 'Sunday 16:30-23:0']",Leith,"['Restaurants', 'Fast Food']",55.9797479,4.5,"['BusinessAcceptsCreditCards: True', ""BusinessParking: {'garage': False, 'street': True, 'lot': False, 'valet': False}"", 'RestaurantsDelivery: True', 'RestaurantsPriceRange2: 1', 'RestaurantsTakeOut: True']",-3.1895953,Annfield,EH6 4JF,EDH,1,gm83csiJtk7RP_jco_Yfow,business
Bamboo Buddha Chinese Resturant,Toronto,51,"['Monday 11:0-22:0', 'Tuesday 11:0-22:0', 'Wednesday 11:0-22:0', 'Thursday 11:0-22:0', 'Friday 11:0-22:0', 'Saturday 15:0-22:0', 'Sunday 15:0-22:0']",Niagara,"['Restaurants', 'Chinese']",43.6435286,3.5,"['Alcohol: none', ""Ambience: {'romantic': False, 'intimate': False, 'classy': False, 'hipster': False, 'touristy': False, 'trendy': False, 'upscale': False, 'casual': True}"", 'BikeParking: True', 'BusinessAcceptsCreditCards: True', ""BusinessParking: {'garage': False, 'street': True, 'validated': False, 'lot': False, 'valet': False}"", 'Caters: False', 'GoodForKids: True', ""GoodForMeal: {'dessert': False, 'latenight': False, 'lunch': False, 'dinner': True, 'breakfast': False, 'brunch': False}"", 'HasTV: False', 'NoiseLevel: average', 'OutdoorSeating: False', 'RestaurantsAttire: casual', 'RestaurantsDelivery: True', 'RestaurantsGoodForGroups: True', 'RestaurantsPriceRange2: 1', 'RestaurantsReservations: False', 'RestaurantsTableService: True', 'RestaurantsTakeOut: True', 'WheelchairAccessible: True', 'WiFi: no']",-79.4051044,752 King Street W,M5V 1N3,ON,1,EzGGUtQtbE8z57pqxE0I8w,business
Treacle,Edinburgh,68,"['Monday 10:0-1:0', 'Tuesday 10:0-1:0', 'Wednesday 10:0-1:0', 'Thursday 10:0-1:0', 'Friday 10:0-1:0', 'Saturday 10:0-1:0', 'Sunday 10:0-1:0']",New Town,"['Restaurants', 'Bars', 'Gastropubs', 'Nightlife']",55.9574008,4.0,"['Alcohol: full_bar', ""Ambience: {'romantic': False, 'intimate': False, 'classy': False, 'hipster': False, 'touristy': False, 'trendy': True, 'upscale': False, 'casual': False}"", ""BestNights: {'monday': False, 'tuesday': False, 'friday': True, 'wednesday': False, 'thursday': True, 'sunday': False, 'saturday': True}"", 'BikeParking: False', 'BusinessAcceptsCreditCards: True', ""BusinessParking: {'garage': False, 'street': True, 'lot': False, 'valet': False}"", 'Caters: False', 'CoatCheck: False', 'GoodForDancing: False', 'GoodForKids: False', ""GoodForMeal: {'dessert': False, 'latenight': False, 'lunch': False, 'dinner': False, 'breakfast': False, 'brunch': True}"", 'HappyHour: False', 'HasTV: True', ""Music: {'dj': False, 'background_music': True, 'no_music': False, 'karaoke': False, 'live': False, 'video': False, 'jukebox': False}"", 'NoiseLevel: average', 'OutdoorSeating: True', 'RestaurantsAttire: casual', 'RestaurantsDelivery: False', 'RestaurantsGoodForGroups: True', 'RestaurantsPriceRange2: 2', 'RestaurantsReservations: True', 'RestaurantsTableService: True', 'RestaurantsTakeOut: False', 'Smoking: outdoor', 'WheelchairAccessible: False', 'WiFi: free']",-3.1881714,39 Broughton Street,EH1 3JU,EDH,1,xjBvbDmbsA0VX-vA55SbAA,business
Nocawich,Phoenix,31,,,"['Sandwiches', 'Breakfast & Brunch', 'Restaurants']",33.4387307431,2.5,"[""Ambience: {'romantic': False, 'intimate': False, 'classy': False, 'hipster': False, 'divey': False, 'touristy': False, 'trendy': False, 'upscale': False, 'casual': False}"", 'BikeParking: False', 'BusinessAcceptsCreditCards: True', 'Caters: False', 'GoodForKids: True', ""GoodForMeal: {'dessert': False, 'latenight': False, 'lunch': True, 'dinner': False, 'breakfast': False, 'brunch': False}"", 'HasTV: False', 'NoiseLevel: loud', 'OutdoorSeating: False', 'RestaurantsAttire: casual', 'RestaurantsDelivery: False', 'RestaurantsGoodForGroups: True', 'RestaurantsPriceRange2: 2', 'RestaurantsReservations: False', 'RestaurantsTableService: False', 'RestaurantsTakeOut: True', 'WiFi: free']",-111.998485588,"Phoenix Sky Harbor International Airport, Trm 4, 3400 E Sky Harbor Blvd Phoenix, Az 85034",85034,AZ,1,VaEqjAeKAm_iUnOpaktyMg,business
Restaurant Charlie,Las Vegas,29,"['Monday 17:0-22:0', 'Tuesday 17:0-22:0', 'Wednesday 17:0-22:0', 'Thursday 17:0-22:0', 'Friday 17:0-23:0', 'Saturday 17:0-23:0', 'Sunday 17:0-22:0']",Westside,"['Restaurants', 'Steakhouses', 'Asian Fusion', 'Seafood']",36.1407035,4.0,"['Alcohol: full_bar', 'BusinessAcceptsCreditCards: True', ""BusinessParking: {'garage': True, 'street': False, 'validated': False, 'lot': False, 'valet': False}"", 'GoodForKids: False', ""GoodForMeal: {'dessert': False, 'latenight': False, 'lunch': False, 'dinner': True, 'breakfast': False, 'brunch': False}"", 'OutdoorSeating: False', 'RestaurantsAttire: dressy', 'RestaurantsDelivery: False', 'RestaurantsGoodForGroups: True', 'RestaurantsPriceRange2: 4', 'RestaurantsReservations: True', 'RestaurantsTableService: True', 'RestaurantsTakeOut: False', 'WheelchairAccessible: True']",-115.1823137,"The Palazzo, 3325 Las Vegas Blvd S",89109,NV,0,ByF6BhEWd8if3hiNM-BU9w,business
Marshall's Fine Dining,Phoenix,12,,,"['Italian', 'Restaurants']",33.6060548,4.0,"['Alcohol: full_bar', ""Ambience: {'romantic': False, 'intimate': False, 'classy': False, 'hipster': False, 'divey': False, 'touristy': False, 'trendy': False, 'upscale': False, 'casual': False}"", 'BikeParking: True', 'BusinessAcceptsCreditCards: True', ""BusinessParking: {'garage': False, 'street': False, 'validated': False, 'lot': False, 'valet': False}"", 'Caters: True', 'GoodForKids: True', ""GoodForMeal: {'dessert': False, 'latenight': False, 'lunch': False, 'dinner': False, 'breakfast': False, 'brunch': False}"", 'HasTV: True', 'NoiseLevel: quiet', 'OutdoorSeating: True', 'RestaurantsAttire: casual', 'RestaurantsDelivery: False', 'RestaurantsGoodForGroups: True', 'RestaurantsPriceRange2: 2', 'RestaurantsReservations: True', 'RestaurantsTableService: True', 'RestaurantsTakeOut: True']",-112.0663997,13216 N 7th St,85022,AZ,0,R2GxA0LslohJIOEndoFXYw,business
Dairy Queen,Lakewood,7,"['Monday 11:0-22:0', 'Tuesday 11:0-22:0', 'Wednesday 11:0-22:0', 'Thursday 11:0-22:0', 'Friday 11:0-23:0', 'Saturday 11:0-23:0', 'Sunday 11:0-22:0']",,"['Restaurants', 'Ice Cream & Frozen Yogurt', 'Food', 'Fast Food']",41.485042,4.0,"['BikeParking: True', 'BusinessAcceptsCreditCards: True', ""BusinessParking: {'garage': False, 'street': False, 'validated': False, 'lot': False, 'valet': False}"", 'DriveThru: True', 'GoodForKids: True', ""GoodForMeal: {'dessert': False, 'latenight': False, 'lunch': False, 'dinner': False, 'breakfast': False, 'brunch': False}"", 'HasTV: False', 'OutdoorSeating: True', 'RestaurantsAttire: casual', 'RestaurantsDelivery: False', 'RestaurantsGoodForGroups: True', 'RestaurantsPriceRange2: 1', 'RestaurantsReservations: False', 'RestaurantsTakeOut: True', 'WheelchairAccessible: True']",-81.813937,16803 Detroit Ave,44107,OH,1,MUMiGoEZ3NBwebH4Eff4LA,business
Trifecta Grill,Fort Mill,18,"['Monday 11:0-22:0', 'Tuesday 11:0-22:0', 'Wednesday 11:0-22:0', 'Thursday 11:0-22:0', 'Friday 11:0-23:0', 'Saturday 11:0-23:0', 'Sunday 11:0-22:0']",,"['Restaurants', 'Nightlife', 'Sports Bars', 'Bars', 'American (New)']",35.0073302097,3.5,"['Alcohol: none', ""Ambience: {'romantic': False, 'intimate': False, 'classy': False, 'hipster': False, 'divey': False, 'touristy': False, 'trendy': False, 'upscale': False, 'casual': True}"", 'BikeParking: True', 'BusinessAcceptsCreditCards: True', ""BusinessParking: {'garage': False, 'street': False, 'validated': False, 'lot': True, 'valet': False}"", 'Caters: True', 'CoatCheck: False', 'GoodForDancing: False', 'GoodForKids: True', ""GoodForMeal: {'dessert': False, 'latenight': False, 'lunch': False, 'dinner': False, 'breakfast': False, 'brunch': False}"", 'HappyHour: True', 'HasTV: True', ""Music: {'dj': False, 'background_music': False, 'no_music': False, 'karaoke': False, 'live': False, 'video': False, 'jukebox': False}"", 'NoiseLevel: average', 'OutdoorSeating: False', 'RestaurantsAttire: casual', 'RestaurantsDelivery: False', 'RestaurantsGoodForGroups: False', 'RestaurantsPriceRange2: 1', 'RestaurantsReservations: False', 'RestaurantsTableService: False', 'RestaurantsTakeOut: True', 'Smoking: no', 'WiFi: free']",-80.8543936736,9931 Charlotte Hwy,29707,SC,0,nuJbVf0KUcpMG3i3RtNd_A,business
Chili's,Phoenix,74,"['Monday 11:0-23:0', 'Tuesday 11:0-23:0', 'Wednesday 11:0-23:0', 'Thursday 11:0-23:0', 'Friday 11:0-0:0', 'Saturday 11:0-0:0', 'Sunday 11:0-23:0']",,"['Tex-Mex', 'Mexican', 'Nightlife', 'American (Traditional)', 'Restaurants', 'Bars']",33.5798878,2.5,"['Alcohol: full_bar', ""Ambience: {'romantic': False, 'intimate': False, 'classy': False, 'hipster': True, 'divey': False, 'touristy': False, 'trendy': False, 'upscale': False, 'casual': False}"", ""BestNights: {'monday': False, 'tuesday': True, 'friday': False, 'wednesday': False, 'thursday': False, 'sunday': True, 'saturday': False}"", 'BikeParking: True', 'BusinessAcceptsCreditCards: True', ""BusinessParking: {'garage': False, 'street': False, 'validated': False, 'lot': True, 'valet': False}"", 'Caters: False', 'CoatCheck: False', 'GoodForDancing: False', 'GoodForKids: True', ""GoodForMeal: {'dessert': False, 'latenight': False, 'lunch': True, 'dinner': True, 'breakfast': False, 'brunch': False}"", 'HappyHour: True', 'HasTV: True', ""Music: {'dj': False, 'background_music': False, 'no_music': False, 'karaoke': False, 'live': False, 'video': False, 'jukebox': False}"", 'NoiseLevel: average', 'OutdoorSeating: False', 'RestaurantsAttire: casual', 'RestaurantsDelivery: False', 'RestaurantsGoodForGroups: True', 'RestaurantsPriceRange2: 2', 'RestaurantsReservations: True', 'RestaurantsTableService: True', 'RestaurantsTakeOut: True', 'Smoking: no', 'WiFi: no']",-112.1220623,10237 N Metro Pkwy W,85051,AZ,1,UqhVZYUeoBGroYpZB-9jlQ,business
Green Leaf's,Cleveland,7,,Riverside,"['Sandwiches', 'Salad', 'Restaurants']",41.4109065,1.5,"['Alcohol: none', ""Ambience: {'romantic': False, 'intimate': False, 'classy': False, 'hipster': False, 'divey': False, 'touristy': False, 'trendy': False, 'upscale': False, 'casual': False}"", 'BikeParking: False', 'BusinessAcceptsCreditCards: True', ""BusinessParking: {'garage': False, 'street': False, 'validated': False, 'lot': False, 'valet': False}"", 'Caters: False', 'GoodForKids: True', ""GoodForMeal: {'dessert': False, 'latenight': False, 'lunch': False, 'dinner': False, 'breakfast': False, 'brunch': False}"", 'HasTV: False', 'NoiseLevel: very_loud', 'OutdoorSeating: False', 'RestaurantsAttire: casual', 'RestaurantsDelivery: False', 'RestaurantsGoodForGroups: True', 'RestaurantsPriceRange2: 2', 'RestaurantsReservations: False', 'RestaurantsTableService: False', 'RestaurantsTakeOut: True', 'WiFi: no']",-81.8336741,5300 Riverside Dr,44135,OH,1,HCL73X2aBGmJ5C0Ynqihkw,business
Sushic,Las Vegas,5,,University,"['Restaurants', 'Sushi Bars', 'Korean', 'Japanese']",36.109511,4.0,"['Alcohol: none', 'BikeParking: True', 'BusinessAcceptsCreditCards: True', ""BusinessParking: {'garage': False, 'street': False, 'validated': False, 'lot': False, 'valet': False}"", 'GoodForKids: False', ""GoodForMeal: {'dessert': False, 'latenight': False, 'lunch': False, 'dinner': False, 'breakfast': False, 'brunch': False}"", 'HasTV: False', 'OutdoorSeating: False', 'RestaurantsAttire: casual', 'RestaurantsDelivery: False', 'RestaurantsGoodForGroups: True', 'RestaurantsPriceRange2: 1', 'RestaurantsReservations: False', 'RestaurantsTableService: True', 'RestaurantsTakeOut: True', 'WiFi: free']",-115.141935,4505 Maryland Pkwy,89154,NV,0,C47xNSByH-2k7WbX9Yx6kw,business
Jake's Good Eats,Charlotte,130,"['Tuesday 11:0-21:0', 'Wednesday 11:0-21:0', 'Thursday 11:0-21:0', 'Friday 11:0-14:30', 'Friday 17:0-21:0', 'Saturday 11:0-14:30', 'Saturday 17:0-21:0']",,"['American (Traditional)', 'Southern', 'Restaurants']",35.223631025,3.5,"['Alcohol: none', ""Ambience: {'romantic': False, 'intimate': False, 'classy': False, 'hipster': False, 'divey': False, 'touristy': False, 'trendy': False, 'upscale': False, 'casual': True}"", 'BikeParking: True', 'BusinessAcceptsCreditCards: True', ""BusinessParking: {'garage': False, 'street': False, 'validated': False, 'lot': True, 'valet': False}"", 'Caters: True', 'GoodForKids: True', ""GoodForMeal: {'dessert': False, 'latenight': False, 'lunch': True, 'dinner': False, 'breakfast': False, 'brunch': False}"", 'HasTV: True', 'NoiseLevel: average', 'OutdoorSeating: False', 'RestaurantsAttire: casual', 'RestaurantsDelivery: False', 'RestaurantsGoodForGroups: True', 'RestaurantsPriceRange2: 2', 'RestaurantsReservations: False', 'RestaurantsTableService: True', 'RestaurantsTakeOut: True', 'WheelchairAccessible: True', 'WiFi: no']",-80.6386865374,12721 Albemarle Rd,28215,NC,1,pDoDY-cDLyeKQgDx5RAlnQ,business
Cafe Martha,Scottsdale,13,,,"['Cafes', 'Restaurants', 'Sandwiches']",33.495978,3.5,"['Alcohol: none', ""Ambience: {'romantic': False, 'intimate': False, 'classy': False, 'hipster': False, 'divey': False, 'touristy': False, 'trendy': False, 'upscale': False, 'casual': False}"", 'BusinessAcceptsCreditCards: True', ""BusinessParking: {'garage': False, 'street': False, 'validated': False, 'lot': True, 'valet': False}"", 'Caters: True', 'GoodForKids: True', ""GoodForMeal: {'dessert': False, 'latenight': False, 'lunch': True, 'dinner': False, 'breakfast': False, 'brunch': False}"", 'HasTV: False', 'NoiseLevel: quiet', 'OutdoorSeating: True', 'RestaurantsAttire: casual', 'RestaurantsDelivery: True', 'RestaurantsGoodForGroups: True', 'RestaurantsPriceRange2: 2', 'RestaurantsReservations: False', 'RestaurantsTableService: False', 'RestaurantsTakeOut: True', 'WheelchairAccessible: True', 'WiFi: no']",-111.927635,7117 E 3rd Ave,85251,AZ,0,vPbLcP6LlO60eezfCG4kzw,business
Applebee's,Mesa,43,"['Monday 11:0-1:0', 'Tuesday 11:0-1:0', 'Wednesday 11:0-1:0', 'Thursday 11:0-2:0', 'Friday 11:0-2:0', 'Saturday 11:0-2:0', 'Sunday 11:0-0:0']",,"['Burgers', 'Steakhouses', 'Bars', 'Restaurants', 'American (Traditional)', 'Nightlife', 'Sports Bars']",33.4368843,3.0,"['Alcohol: full_bar', ""Ambience: {'romantic': False, 'intimate': False, 'classy': False, 'hipster': False, 'divey': False, 'touristy': False, 'trendy': False, 'upscale': False, 'casual': True}"", 'BikeParking: True', 'BusinessAcceptsCreditCards: True', ""BusinessParking: {'garage': False, 'street': False, 'validated': False, 'lot': True, 'valet': False}"", 'Caters: True', 'CoatCheck: False', 'DriveThru: False', 'GoodForDancing: False', 'GoodForKids: True', ""GoodForMeal: {'dessert': False, 'latenight': False, 'lunch': True, 'dinner': False, 'breakfast': False, 'brunch': False}"", 'HappyHour: True', 'HasTV: True', ""Music: {'dj': False, 'background_music': False, 'no_music': False, 'karaoke': False, 'live': False, 'video': False, 'jukebox': False}"", 'NoiseLevel: average', 'OutdoorSeating: False', 'RestaurantsAttire: casual', 'RestaurantsDelivery: False', 'RestaurantsGoodForGroups: True', 'RestaurantsPriceRange2: 2', 'RestaurantsReservations: False', 'RestaurantsTableService: True', 'RestaurantsTakeOut: True', 'Smoking: no', 'WiFi: free']",-111.7183679,1143 N Higley Rd,85205,AZ,1,dGhxlcnDVihFBaqJ3yrfMw,business
Burger King,Champaign,8,,,"['Restaurants', 'Fast Food', 'Burgers']",40.1421019,1.0,"['Alcohol: none', ""Ambience: {'romantic': False, 'intimate': False, 'classy': False, 'hipster': False, 'divey': False, 'touristy': False, 'trendy': False, 'upscale': False, 'casual': False}"", 'BikeParking: False', 'BusinessAcceptsCreditCards: True', ""BusinessParking: {'garage': False, 'street': False, 'validated': False, 'lot': False, 'valet': False}"", 'Caters: False', 'DriveThru: True', 'GoodForKids: True', ""GoodForMeal: {'dessert': False, 'latenight': False, 'lunch': False, 'dinner': False, 'breakfast': False, 'brunch': False}"", 'HasTV: True', 'NoiseLevel: average', 'OutdoorSeating: False', 'RestaurantsAttire: casual', 'RestaurantsDelivery: False', 'RestaurantsGoodForGroups: True', 'RestaurantsPriceRange2: 1', 'RestaurantsReservations: False', 'RestaurantsTableService: False', 'RestaurantsTakeOut: True', 'WiFi: free']",-88.2571648,2110 N Prospect Ave,61822,IL,1,aFJ8NSdpJi9LcaMm6ICowQ,business
McDonald's,Charlotte,12,,,"['Burgers', 'Fast Food', 'Restaurants']",35.1844469,2.0,"['Alcohol: none', ""Ambience: {'romantic': False, 'intimate': False, 'classy': False, 'hipster': False, 'divey': False, 'touristy': False, 'trendy': False, 'upscale': False, 'casual': False}"", 'BikeParking: False', 'BusinessAcceptsCreditCards: True', ""BusinessParking: {'garage': False, 'street': False, 'validated': False, 'lot': False, 'valet': False}"", 'Caters: False', 'DriveThru: True', 'GoodForKids: True', ""GoodForMeal: {'dessert': False, 'latenight': False, 'lunch': False, 'dinner': False, 'breakfast': False, 'brunch': False}"", 'HasTV: True', 'NoiseLevel: average', 'OutdoorSeating: False', 'RestaurantsAttire: casual', 'RestaurantsDelivery: False', 'RestaurantsGoodForGroups: True', 'RestaurantsPriceRange2: 1', 'RestaurantsReservations: False', 'RestaurantsTableService: False', 'RestaurantsTakeOut: True', 'WiFi: free']",-80.8866877,4440 S Tryon St,28217,NC,1,F6BsfBmBJCg6X-0jGQbjDA,business
Park Pizza & Cream,Pittsburgh,27,"['Tuesday 11:0-22:0', 'Wednesday 11:0-22:0', 'Thursday 11:0-22:0', 'Friday 11:0-22:30', 'Saturday 11:0-22:30', 'Sunday 11:0-21:0']",Regent Square,"['Food', 'Pizza', 'Ice Cream & Frozen Yogurt', 'Italian', 'Restaurants']",40.4395294943,4.0,"['Alcohol: none', ""Ambience: {'romantic': False, 'intimate': False, 'classy': False, 'hipster': False, 'divey': False, 'touristy': False, 'trendy': False, 'upscale': False, 'casual': True}"", 'BikeParking: True', 'BusinessAcceptsCreditCards: True', ""BusinessParking: {'garage': False, 'street': True, 'validated': False, 'lot': False, 'valet': False}"", 'Caters: True', 'DogsAllowed: True', 'GoodForKids: True', ""GoodForMeal: {'dessert': False, 'latenight': False, 'lunch': True, 'dinner': False, 'breakfast': False, 'brunch': False}"", 'HasTV: False', 'NoiseLevel: average', 'OutdoorSeating: True', 'RestaurantsAttire: casual', 'RestaurantsDelivery: True', 'RestaurantsGoodForGroups: True', 'RestaurantsPriceRange2: 1', 'RestaurantsReservations: True', 'RestaurantsTableService: True', 'RestaurantsTakeOut: True', 'WheelchairAccessible: True', 'WiFi: free']",-79.8974228917,7600 Forbes Ave,15221,PA,1,GnPXUkEvX5M0YR_PVGhWgg,business
Latea Bubble Tea Lounge,Champaign,37,"['Monday 10:0-0:0', 'Tuesday 10:0-0:0', 'Wednesday 10:0-0:0', 'Thursday 10:0-0:0', 'Friday 10:0-1:0', 'Saturday 10:0-1:0', 'Sunday 10:0-0:0']",,"['Restaurants', 'Bubble Tea', 'Desserts', 'Food', 'Taiwanese']",40.1114942,4.0,"['BikeParking: True', 'BusinessAcceptsBitcoin: False', 'BusinessAcceptsCreditCards: True', ""BusinessParking: {'garage': True, 'street': True, 'validated': False, 'lot': False, 'valet': False}"", 'DogsAllowed: False', 'RestaurantsPriceRange2: 1', 'RestaurantsTakeOut: True', 'WheelchairAccessible: True']",-88.2304307,"601 S 6th St, Ste 105",61820,IL,1,Epr8Ft7LwYAzotFwxQX6uw,business
Longhitano's Gallery Pub & Grille,Kent,11,"['Monday 11:0-0:0', 'Tuesday 11:0-0:0', 'Wednesday 11:0-0:0', 'Thursday 11:0-0:0', 'Friday 11:0-1:0', 'Saturday 11:0-1:0', 'Sunday 11:0-21:0']",,"['American (New)', 'Nightlife', 'Pubs', 'Italian', 'Bars', 'Restaurants']",41.1520515,3.0,"['Alcohol: full_bar', ""Ambience: {'romantic': False, 'intimate': False, 'classy': False, 'hipster': False, 'divey': False, 'touristy': False, 'trendy': False, 'upscale': False, 'casual': False}"", 'BusinessAcceptsCreditCards: True', ""BusinessParking: {'garage': False, 'street': False, 'validated': False, 'lot': True, 'valet': False}"", 'Caters: True', 'CoatCheck: False', 'DogsAllowed: False', 'GoodForDancing: False', 'GoodForKids: True', ""GoodForMeal: {'dessert': False, 'latenight': False, 'lunch': False, 'dinner': False, 'breakfast': False, 'brunch': False}"", 'HappyHour: True', 'HasTV: True', ""Music: {'dj': False, 'background_music': True, 'no_music': False, 'karaoke': False, 'live': False, 'video': False, 'jukebox': False}"", 'NoiseLevel: average', 'OutdoorSeating: False', 'RestaurantsAttire: casual', 'RestaurantsDelivery: False', 'RestaurantsGoodForGroups: True', 'RestaurantsPriceRange2: 2', 'RestaurantsReservations: True', 'RestaurantsTableService: True', 'RestaurantsTakeOut: True', 'Smoking: outdoor', 'WheelchairAccessible: True', 'WiFi: free']",-81.388374,1255 W Main St,44240,OH,1,565uVvO-hFqbajFNkt0hnw,business
Keep It Simple,Phoenix,7,,,"['Restaurants', 'Hot Dogs', 'Burgers']",33.612162,2.5,"['BusinessAcceptsCreditCards: True', 'GoodForKids: True', ""GoodForMeal: {'dessert': False, 'latenight': False, 'lunch': False, 'dinner': False, 'breakfast': False, 'brunch': False}"", 'OutdoorSeating: True', 'RestaurantsAttire: casual', 'RestaurantsDelivery: False', 'RestaurantsGoodForGroups: True', 'RestaurantsReservations: False']",-112.099112,13803 N 19th Ave,85023,AZ,0,E1SXF31D-63sBzvCguc0LQ,business
Indian Paradise 2,Phoenix,23,"['Monday 11:0-14:30', 'Monday 17:0-22:0', 'Tuesday 11:0-14:30', 'Tuesday 17:0-22:0', 'Wednesday 11:0-14:30', 'Wednesday 17:0-22:0', 'Thursday 11:0-14:30', 'Thursday 17:0-22:0', 'Friday 11:0-14:30', 'Friday 17:0-22:0', 'Saturday 11:30-15:0', 'Sunday 11:30-15:0']",,"['Buffets', 'Indian', 'Restaurants']",33.640376,3.5,"['Alcohol: full_bar', ""Ambience: {'romantic': False, 'intimate': False, 'classy': False, 'hipster': False, 'divey': False, 'touristy': False, 'trendy': False, 'upscale': False, 'casual': True}"", 'BusinessAcceptsCreditCards: True', ""BusinessParking: {'garage': False, 'street': False, 'validated': False, 'lot': True, 'valet': False}"", 'Caters: True', 'DogsAllowed: False', 'GoodForKids: True', ""GoodForMeal: {'dessert': False, 'latenight': False, 'lunch': True, 'dinner': True, 'breakfast': False, 'brunch': False}"", 'HasTV: False', 'NoiseLevel: average', 'OutdoorSeating: False', 'RestaurantsAttire: casual', 'RestaurantsDelivery: False', 'RestaurantsGoodForGroups: True', 'RestaurantsPriceRange2: 2', 'RestaurantsReservations: True', 'RestaurantsTableService: True', 'RestaurantsTakeOut: True', 'WheelchairAccessible: True', 'WiFi: no']",-112.111654,2410 W Bell Rd,85023,AZ,0,c_ZDTkfDlfzLm0a3osk1ow,business
Alesci's Downtown,Cleveland,6,"['Monday 11:0-16:0', 'Tuesday 11:0-16:0', 'Wednesday 11:0-16:0', 'Thursday 11:0-16:0', 'Friday 11:0-16:0']",Gateway District,"['Restaurants', 'Pizza', 'Italian']",41.49851,4.0,"['Alcohol: full_bar', 'BusinessAcceptsCreditCards: True', ""BusinessParking: {'garage': False, 'street': True, 'validated': False, 'lot': False, 'valet': False}"", 'OutdoorSeating: True', 'RestaurantsDelivery: True', 'RestaurantsPriceRange2: 1', 'RestaurantsReservations: False', 'RestaurantsTableService: False', 'RestaurantsTakeOut: True', 'WiFi: free']",-81.6858929,828 Huron Rd E,44115,OH,0,tNw9uqfIzl247SfiZ-JBLw,business
People's Indian Restaurant,Pittsburgh,79,"['Monday 17:0-22:0', 'Tuesday 17:0-22:0', 'Wednesday 17:0-22:0', 'Thursday 17:0-22:0', 'Friday 17:0-22:0', 'Saturday 17:0-22:0']",Garfield,"['Restaurants', 'Indian']",40.464942,4.0,"['Alcohol: none', ""Ambience: {'romantic': False, 'intimate': False, 'classy': False, 'hipster': False, 'divey': False, 'touristy': False, 'trendy': False, 'upscale': False, 'casual': True}"", 'BikeParking: True', 'BusinessAcceptsCreditCards: True', ""BusinessParking: {'garage': False, 'street': True, 'validated': False, 'lot': False, 'valet': False}"", 'Caters: True', 'GoodForKids: True', ""GoodForMeal: {'dessert': False, 'latenight': False, 'lunch': True, 'dinner': True, 'breakfast': False, 'brunch': False}"", 'HasTV: False', 'NoiseLevel: quiet', 'OutdoorSeating: False', 'RestaurantsAttire: casual', 'RestaurantsDelivery: True', 'RestaurantsGoodForGroups: True', 'RestaurantsPriceRange2: 2', 'RestaurantsReservations: False', 'RestaurantsTableService: True', 'RestaurantsTakeOut: True', 'WheelchairAccessible: True', 'WiFi: no']",-79.9412135,5147 Penn Ave,15224,PA,1,ECtQU_nN7OX1xnz1gujGcQ,business
Cafe Krishna,Chandler,55,"['Monday 11:0-14:30', 'Monday 17:0-21:30', 'Tuesday 11:0-14:30', 'Tuesday 17:0-21:30', 'Wednesday 11:0-14:30', 'Wednesday 17:0-21:30', 'Thursday 11:0-14:30', 'Thursday 17:0-21:30', 'Friday 11:0-14:30', 'Friday 17:0-21:30', 'Saturday 11:0-14:30', 'Saturday 17:0-21:30', 'Sunday 11:0-14:30', 'Sunday 17:0-21:30']",,"['Indian', 'Desserts', 'Restaurants', 'Vegetarian', 'Food']",33.304861,3.0,"['Alcohol: none', ""Ambience: {'romantic': False, 'intimate': False, 'classy': False, 'hipster': False, 'divey': False, 'touristy': False, 'trendy': False, 'upscale': False, 'casual': True}"", 'BusinessAcceptsCreditCards: True', ""BusinessParking: {'garage': False, 'street': False, 'validated': False, 'lot': True, 'valet': False}"", 'GoodForKids: True', ""GoodForMeal: {'dessert': False, 'latenight': False, 'lunch': True, 'dinner': False, 'breakfast': False, 'brunch': False}"", 'HasTV: False', 'NoiseLevel: average', 'OutdoorSeating: False', 'RestaurantsAttire: casual', 'RestaurantsDelivery: False', 'RestaurantsGoodForGroups: True', 'RestaurantsPriceRange2: 2', 'RestaurantsReservations: False', 'RestaurantsTableService: True', 'RestaurantsTakeOut: True', 'WiFi: no']",-111.927065,4929 W Chandler Blvd,85226,AZ,0,bO_JX-lDo5D5JGZhK5Ly3A,business
Driftwood Cafe,Sheffield Lake,3,"['Tuesday 8:0-14:30', 'Wednesday 8:0-14:30', 'Thursday 8:0-14:30', 'Friday 8:0-14:30', 'Saturday 8:0-14:30', 'Sunday 8:0-14:0']",,"['Restaurants', 'Cafes']",41.4892462558,4.5,"['BusinessAcceptsCreditCards: True', 'GoodForKids: True', ""GoodForMeal: {'dessert': False, 'latenight': False, 'lunch': False, 'dinner': False, 'breakfast': False, 'brunch': False}"", 'RestaurantsDelivery: False', 'RestaurantsGoodForGroups: True', 'RestaurantsReservations: False', 'RestaurantsTakeOut: True']",-82.1112521365,4116 Lake Rd,44054,OH,1,0T82guYcpNFdO0ycOeqIAA,business
Kampung Ali,Edinburgh,33,"['Monday 12:0-14:30', 'Monday 17:0-23:0', 'Wednesday 12:0-14:30', 'Wednesday 17:0-23:0', 'Thursday 12:0-14:30', 'Thursday 17:0-23:0', 'Friday 12:0-23:0', 'Saturday 12:0-23:0', 'Sunday 12:0-23:0']",West End,"['Malaysian', 'Restaurants']",55.9434694,4.0,"['Alcohol: full_bar', ""Ambience: {'romantic': False, 'intimate': False, 'classy': False, 'hipster': False, 'touristy': False, 'trendy': False, 'upscale': False, 'casual': True}"", 'BikeParking: False', 'BusinessAcceptsCreditCards: True', ""BusinessParking: {'garage': False, 'street': False, 'lot': False, 'valet': False}"", 'Caters: False', 'GoodForKids: True', ""GoodForMeal: {'dessert': False, 'latenight': False, 'lunch': True, 'dinner': True, 'breakfast': False, 'brunch': False}"", 'HasTV: False', 'NoiseLevel: average', 'OutdoorSeating: False', 'RestaurantsAttire: casual', 'RestaurantsDelivery: True', 'RestaurantsGoodForGroups: True', 'RestaurantsPriceRange2: 2', 'RestaurantsReservations: True', 'RestaurantsTableService: True', 'RestaurantsTakeOut: True', 'WiFi: free']",-3.2080517,97-101 Fountainbridge,EH3 9QG,EDH,1,kUVgPJ7eH4bciKmmnwXg-Q,business
The Little Greek Taverna,Stuttgart,22,"['Tuesday 12:0-23:0', 'Wednesday 12:0-23:0', 'Thursday 12:0-23:0', 'Friday 12:0-23:0', 'Saturday 16:0-0:0', 'Sunday 13:0-23:0']",,"['Restaurants', 'Greek']",48.8057446,4.0,"['Alcohol: full_bar', ""Ambience: {'romantic': False, 'intimate': False, 'classy': False, 'hipster': False, 'touristy': False, 'trendy': False, 'upscale': False, 'casual': False}"", 'BusinessAcceptsCreditCards: False', ""BusinessParking: {'garage': False, 'street': False, 'validated': False, 'lot': False, 'valet': False}"", 'Caters: False', 'DogsAllowed: True', 'GoodForKids: True', ""GoodForMeal: {'dessert': False, 'latenight': False, 'lunch': False, 'dinner': False, 'breakfast': False, 'brunch': False}"", 'HasTV: True', 'NoiseLevel: average', 'OutdoorSeating: True', 'RestaurantsAttire: casual', 'RestaurantsDelivery: False', 'RestaurantsGoodForGroups: True', 'RestaurantsPriceRange2: 2', 'RestaurantsReservations: True', 'RestaurantsTableService: True', 'RestaurantsTakeOut: False', 'WiFi: no']",9.2164623,Wilhelmstr. 27,70372,BW,1,U6-pS4idHuRXjr3wpxUmIQ,business
Sportrestaurant Im Neckarpark,Stuttgart,6,"['Monday 11:30-15:0', 'Tuesday 11:30-15:0', 'Tuesday 17:30-22:0', 'Wednesday 11:30-15:0', 'Wednesday 17:30-22:0', 'Thursday 11:30-15:0', 'Thursday 17:30-22:0', 'Friday 11:30-15:0', 'Friday 17:30-22:0', 'Saturday 11:30-22:0', 'Sunday 11:30-22:0']",,"['German', 'Swabian', 'Italian', 'Restaurants']",48.7949,4.5,"['Alcohol: full_bar', ""Ambience: {'romantic': False, 'intimate': False, 'classy': False, 'hipster': False, 'touristy': False, 'trendy': False, 'upscale': False, 'casual': False}"", 'BusinessAcceptsCreditCards: True', ""BusinessParking: {'garage': False, 'street': False, 'validated': False, 'lot': False, 'valet': False}"", 'Caters: True', ""GoodForMeal: {'dessert': False, 'latenight': False, 'lunch': False, 'dinner': False, 'breakfast': False, 'brunch': False}"", 'NoiseLevel: quiet', 'OutdoorSeating: True', 'RestaurantsAttire: casual', 'RestaurantsDelivery: True', 'RestaurantsGoodForGroups: True', 'RestaurantsPriceRange2: 1', 'RestaurantsReservations: False', 'RestaurantsTableService: True', 'RestaurantsTakeOut: True', 'WiFi: no']",9.2317,Benzstr. 151,70372,BW,1,d3i3np0A_AFxx1YqRFiTeQ,business
Siddartha,Toronto,11,"['Monday 11:0-23:0', 'Tuesday 11:0-23:0', 'Wednesday 11:0-23:0', 'Thursday 11:0-23:0', 'Friday 11:0-23:0', 'Saturday 11:0-23:0', 'Sunday 11:0-23:0']",Riverdale,"['Indian', 'Restaurants']",43.6592752,3.5,"['Alcohol: none', 'BusinessAcceptsCreditCards: True', 'GoodForKids: True', ""GoodForMeal: {'dessert': False, 'latenight': False, 'lunch': False, 'dinner': False, 'breakfast': False, 'brunch': False}"", 'HasTV: False', 'NoiseLevel: average', 'OutdoorSeating: False', 'RestaurantsAttire: casual', 'RestaurantsDelivery: True', 'RestaurantsGoodForGroups: False', 'RestaurantsPriceRange2: 2', 'RestaurantsReservations: False', 'RestaurantsTakeOut: True']",-79.3490084,734 Queen Street E,M4M 1H2,ON,1,-coR5Ch6_HsUAfBWcuetKQ,business
Tai Nature,Montréal,8,,Ville-Marie,"['Thai', 'Asian Fusion', 'Restaurants']",45.506242,3.5,['RestaurantsPriceRange2: 1'],-73.5553168,475 Bouevardl Saint-Laurent,H2Y 2Y7,QC,1,JLrhfNHGwa-V61FMBHLwgg,business
Saaj Lebanese Bar & Grill,Solon,36,"['Monday 11:0-22:0', 'Tuesday 11:0-22:0', 'Wednesday 11:0-22:0', 'Thursday 11:0-22:0', 'Friday 11:0-23:0', 'Saturday 11:0-23:0', 'Sunday 12:0-21:0']",,"['Restaurants', 'Middle Eastern', 'Lebanese']",41.3862957446,4.5,"['Alcohol: full_bar', ""Ambience: {'romantic': False, 'intimate': False, 'classy': False, 'hipster': False, 'divey': False, 'touristy': False, 'trendy': False, 'upscale': False, 'casual': False}"", 'BusinessAcceptsCreditCards: True', ""BusinessParking: {'garage': False, 'street': False, 'validated': False, 'lot': False, 'valet': False}"", 'Caters: True', 'GoodForKids: True', ""GoodForMeal: {'dessert': False, 'latenight': False, 'lunch': True, 'dinner': False, 'breakfast': False, 'brunch': False}"", 'HasTV: True', 'NoiseLevel: quiet', 'OutdoorSeating: True', 'RestaurantsAttire: casual', 'RestaurantsDelivery: False', 'RestaurantsGoodForGroups: True', 'RestaurantsPriceRange2: 2', 'RestaurantsReservations: True', 'RestaurantsTableService: True', 'RestaurantsTakeOut: True', 'WiFi: no']",-81.4446688255,33003 Aurora Rd,44139,OH,0,fP7IcL8MLacdVCTGwn8xZg,business
Gourmet Burger Company,Toronto,13,,Etobicoke,"['Burgers', 'Restaurants']",43.6332914,3.0,"['Alcohol: none', ""Ambience: {'romantic': False, 'intimate': False, 'classy': False, 'hipster': False, 'touristy': False, 'trendy': False, 'upscale': False, 'casual': True}"", 'BusinessAcceptsCreditCards: True', ""BusinessParking: {'garage': False, 'street': False, 'validated': False, 'lot': True, 'valet': False}"", 'Caters: False', 'DriveThru: False', 'GoodForKids: True', ""GoodForMeal: {'dessert': False, 'latenight': False, 'lunch': True, 'dinner': True, 'breakfast': False, 'brunch': False}"", 'HasTV: False', 'NoiseLevel: average', 'OutdoorSeating: False', 'RestaurantsAttire: casual', 'RestaurantsDelivery: False', 'RestaurantsGoodForGroups: True', 'RestaurantsPriceRange2: 2', 'RestaurantsReservations: False', 'RestaurantsTableService: False', 'RestaurantsTakeOut: True', 'WheelchairAccessible: False', 'WiFi: no']",-79.5317683,843 Kipling Avenue,M8Z 5G9,ON,0,rVBPQdeayMYht4Uv_FOLHg,business
The Boil Bar,Toronto,22,"['Monday 11:0-23:0', 'Tuesday 11:0-23:0', 'Wednesday 11:0-23:0', 'Thursday 11:0-23:0', 'Friday 11:0-0:0', 'Saturday 11:0-0:0', 'Sunday 11:0-23:0']",Downtown Core,"['Restaurants', 'Seafood']",43.6671047,4.0,"['Alcohol: beer_and_wine', ""Ambience: {'romantic': False, 'intimate': False, 'classy': False, 'hipster': False, 'touristy': False, 'trendy': False, 'upscale': False, 'casual': False}"", 'BikeParking: True', 'GoodForKids: True', ""GoodForMeal: {'dessert': False, 'latenight': False, 'lunch': False, 'dinner': False, 'breakfast': False, 'brunch': False}"", 'HasTV: False', 'NoiseLevel: average', 'OutdoorSeating: False', 'RestaurantsAttire: casual', 'RestaurantsGoodForGroups: True', 'RestaurantsPriceRange2: 2', 'RestaurantsReservations: True', 'RestaurantsTableService: True', 'RestaurantsTakeOut: True', 'WiFi: no', 'RestaurantsDelivery: True']",-79.3856137,664 Yonge Street,M4Y 2A6,ON,1,qMqCiVvkylYxPQu5dBbDAw,business
Pizza Hut,Medina,3,,,"['Italian', 'Restaurants', 'Pizza', 'Chicken Wings']",41.1539028,1.0,"['BusinessAcceptsCreditCards: True', 'Caters: False', 'GoodForKids: True', 'RestaurantsDelivery: True', 'RestaurantsGoodForGroups: True', 'RestaurantsReservations: False', 'RestaurantsTakeOut: True', 'WheelchairAccessible: False']",-81.8623445,1008 N Court St,44256,OH,1,pG7T6_E1kJmy56HhzsOohw,business
Long Wong's #9,Glendale,9,,,['Restaurants'],33.513395,3.0,"['Alcohol: full_bar', 'BikeParking: True', 'BusinessAcceptsCreditCards: True', ""BusinessParking: {'garage': False, 'street': False, 'validated': False, 'lot': False, 'valet': False}"", 'Caters: True', 'GoodForKids: True', ""GoodForMeal: {'dessert': False, 'latenight': False, 'lunch': False, 'dinner': False, 'breakfast': False, 'brunch': False}"", 'HasTV: True', 'NoiseLevel: loud', 'OutdoorSeating: False', 'RestaurantsAttire: casual', 'RestaurantsDelivery: False', 'RestaurantsGoodForGroups: True', 'RestaurantsPriceRange2: 2', 'RestaurantsReservations: True', 'RestaurantsTableService: False', 'RestaurantsTakeOut: True', 'WiFi: no']",-112.1869804,5270 N 59th Avenue,85301,AZ,1,BEM_Sli_-Y8mdTTK0-NdiA,business
Starliner Diner,Glendale,8,,,"['Diners', 'American (Traditional)', 'Restaurants']",33.5307526249,4.0,"[""Ambience: {'romantic': False, 'intimate': False, 'classy': False, 'hipster': False, 'divey': False, 'touristy': False, 'trendy': False, 'upscale': False, 'casual': False}"", 'BikeParking: True', 'BusinessAcceptsCreditCards: True', 'GoodForKids: True', ""GoodForMeal: {'dessert': False, 'latenight': False, 'lunch': False, 'dinner': False, 'breakfast': False, 'brunch': False}"", 'HasTV: False', 'NoiseLevel: average', 'OutdoorSeating: True', 'RestaurantsAttire: casual', 'RestaurantsDelivery: False', 'RestaurantsGoodForGroups: True', 'RestaurantsPriceRange2: 1', 'RestaurantsReservations: False', 'RestaurantsTakeOut: True']",-112.170656919,5111 W Maryland Ave,85301,AZ,1,uTdktgtWHD50Rvi14p7YyQ,business
Papino's Pizza,York,6,,,"['Pizza', 'Restaurants']",43.7063719,4.0,"['Alcohol: none', ""Ambience: {'romantic': False, 'intimate': False, 'classy': False, 'hipster': False, 'touristy': False, 'trendy': False, 'upscale': False, 'casual': False}"", 'BikeParking: True', 'BusinessAcceptsCreditCards: True', ""BusinessParking: {'garage': False, 'street': False, 'validated': False, 'lot': False, 'valet': False}"", 'Caters: False', 'GoodForKids: True', ""GoodForMeal: {'dessert': False, 'latenight': False, 'lunch': False, 'dinner': False, 'breakfast': False, 'brunch': False}"", 'HasTV: False', 'NoiseLevel: loud', 'OutdoorSeating: False', 'RestaurantsAttire: casual', 'RestaurantsDelivery: True', 'RestaurantsGoodForGroups: False', 'RestaurantsPriceRange2: 1', 'RestaurantsReservations: False', 'RestaurantsTableService: False', 'RestaurantsTakeOut: True', 'WiFi: no']",-79.5047344,1788 Jane St,M9N 2T2,ON,1,oh6vICNxlLnGoyF11-a-Ow,business
The Keg Steakhouse + Bar - Place Ville Marie,Montréal,151,,Ville-Marie,"['Seafood', 'Nightlife', 'French', 'Bars', 'Restaurants', 'Steakhouses']",45.5005469,4.0,"['Alcohol: full_bar', ""Ambience: {'romantic': False, 'intimate': False, 'classy': False, 'hipster': False, 'touristy': False, 'trendy': False, 'upscale': False, 'casual': False}"", ""BestNights: {'monday': False, 'tuesday': False, 'friday': True, 'wednesday': False, 'thursday': False, 'sunday': False, 'saturday': False}"", 'BikeParking: True', 'BusinessAcceptsCreditCards: True', ""BusinessParking: {'garage': True, 'street': True, 'validated': False, 'lot': False, 'valet': False}"", 'Caters: False', 'CoatCheck: True', 'GoodForDancing: False', 'GoodForKids: False', ""GoodForMeal: {'dessert': False, 'latenight': False, 'lunch': False, 'dinner': True, 'breakfast': False, 'brunch': False}"", 'HappyHour: True', 'HasTV: True', ""Music: {'dj': False, 'background_music': False, 'no_music': False, 'karaoke': False, 'live': False, 'video': False, 'jukebox': False}"", 'NoiseLevel: average', 'OutdoorSeating: True', 'RestaurantsAttire: casual', 'RestaurantsDelivery: False', 'RestaurantsGoodForGroups: True', 'RestaurantsPriceRange2: 3', 'RestaurantsReservations: True', 'RestaurantsTableService: True', 'RestaurantsTakeOut: False', 'Smoking: no', 'WheelchairAccessible: True', 'WiFi: free']",-73.56894,5 Place Ville Marie,H3B 2G2,QC,1,8xCiibfgqy-8xpCWEaguqg,business
Mulligan's Border Bar & Grill,Las Vegas,37,,Southeast,"['Restaurants', 'American (New)']",36.027642,4.0,"['Alcohol: full_bar', ""Ambience: {'romantic': False, 'intimate': False, 'classy': False, 'hipster': False, 'divey': False, 'touristy': False, 'trendy': False, 'upscale': False, 'casual': True}"", 'BikeParking: True', 'BusinessAcceptsCreditCards: True', ""BusinessParking: {'garage': False, 'street': False, 'validated': False, 'lot': True, 'valet': False}"", 'Caters: False', 'GoodForKids: False', ""GoodForMeal: {'dessert': False, 'latenight': False, 'lunch': False, 'dinner': False, 'breakfast': False, 'brunch': True}"", 'HasTV: True', 'NoiseLevel: average', 'OutdoorSeating: False', 'RestaurantsAttire: casual', 'RestaurantsDelivery: False', 'RestaurantsGoodForGroups: True', 'RestaurantsPriceRange2: 1', 'RestaurantsReservations: False', 'RestaurantsTableService: True', 'RestaurantsTakeOut: True', 'WiFi: free']",-115.1357133,1235 E Pebble Rd,89123,NV,1,bymQ0lRnBar5scP4FERioQ,business
Hakata Ramen,Montréal,55,"['Monday 11:0-15:0', 'Monday 17:0-23:0', 'Tuesday 11:0-15:0', 'Tuesday 17:0-23:0', 'Wednesday 11:0-15:0', 'Wednesday 17:0-23:0', 'Thursday 11:0-15:0', 'Thursday 17:0-23:0', 'Friday 11:0-15:0', 'Friday 17:0-23:0', 'Saturday 17:0-23:0', 'Sunday 17:0-23:0']",Ville-Marie,"['Japanese', 'Restaurants', 'Ramen', 'Noodles']",45.498406179,3.0,"['Alcohol: full_bar', ""Ambience: {'romantic': False, 'intimate': False, 'classy': False, 'hipster': False, 'touristy': False, 'trendy': False, 'upscale': False, 'casual': True}"", 'BikeParking: True', 'BusinessAcceptsCreditCards: True', ""BusinessParking: {'garage': False, 'street': True, 'validated': False, 'lot': False, 'valet': False}"", 'Caters: False', 'GoodForKids: True', 'HasTV: True', 'NoiseLevel: quiet', 'OutdoorSeating: False', 'RestaurantsAttire: casual', 'RestaurantsDelivery: False', 'RestaurantsGoodForGroups: True', 'RestaurantsPriceRange2: 2', 'RestaurantsReservations: True', 'RestaurantsTableService: True', 'RestaurantsTakeOut: True', 'WiFi: no', ""GoodForMeal: {'dessert': False, 'latenight': False, 'lunch': True, 'dinner': True, 'breakfast': False, 'brunch': False}""]",-73.5726928711,"1216 Rue Stanley, Suite 200",H3B 2S7,QC,1,1Q2_qfRwRziYXdCX5Oda6Q,business
Domino's Pizza,Glendale,13,"['Monday 10:0-0:0', 'Tuesday 10:0-0:0', 'Wednesday 10:0-0:0', 'Thursday 10:0-0:0', 'Friday 10:0-1:0', 'Saturday 10:0-1:0', 'Sunday 10:0-0:0']",,"['Sandwiches', 'Chicken Wings', 'Pizza', 'Restaurants']",33.6987911,3.0,"['Alcohol: none', ""Ambience: {'romantic': False, 'intimate': False, 'classy': False, 'hipster': False, 'divey': False, 'touristy': False, 'trendy': False, 'upscale': False, 'casual': False}"", 'BikeParking: True', 'BusinessAcceptsCreditCards: True', ""BusinessParking: {'garage': False, 'street': False, 'validated': False, 'lot': False, 'valet': False}"", 'Caters: False', 'GoodForKids: True', ""GoodForMeal: {'dessert': False, 'latenight': False, 'lunch': False, 'dinner': False, 'breakfast': False, 'brunch': False}"", 'HasTV: False', 'NoiseLevel: very_loud', 'OutdoorSeating: False', 'RestaurantsAttire: casual', 'RestaurantsDelivery: True', 'RestaurantsGoodForGroups: False', 'RestaurantsPriceRange2: 4', 'RestaurantsReservations: False', 'RestaurantsTableService: False', 'RestaurantsTakeOut: True', 'WheelchairAccessible: False', 'WiFi: no']",-112.1409182,"3632 W Pinnacle Peak Rd, Ste C",85310,AZ,1,1fhYyEILdhKz_WVfjnijVw,business
Sam's Cafe,Phoenix,26,"['Monday 11:0-21:0', 'Tuesday 11:0-22:0', 'Wednesday 11:0-22:0', 'Thursday 11:0-22:0', 'Friday 11:0-22:0', 'Saturday 11:0-22:0', 'Sunday 11:0-21:0']",,"['Restaurants', 'Tex-Mex']",33.5095991,3.5,"['Alcohol: full_bar', 'BusinessAcceptsCreditCards: True', ""BusinessParking: {'garage': False, 'street': False, 'validated': False, 'lot': True, 'valet': False}"", 'GoodForKids: True', ""GoodForMeal: {'dessert': False, 'latenight': False, 'lunch': True, 'dinner': True, 'breakfast': False, 'brunch': False}"", 'OutdoorSeating: True', 'RestaurantsAttire: casual', 'RestaurantsDelivery: False', 'RestaurantsGoodForGroups: True', 'RestaurantsPriceRange2: 2', 'RestaurantsReservations: True', 'RestaurantsTableService: True', 'RestaurantsTakeOut: True', 'WheelchairAccessible: True']",-112.0260037,"2566 E Camelback Rd, Ste 201",85016,AZ,0,0HwrX6P6lh92F0f-A_QzjA,business
Los Burritos,Phoenix,43,"['Monday 10:0-20:0', 'Tuesday 10:0-20:0', 'Wednesday 10:0-20:0', 'Thursday 10:0-20:0', 'Friday 10:0-20:0', 'Saturday 10:0-20:0']",,"['Mexican', 'Restaurants', 'Food Delivery Services', 'Food']",33.480091095,4.0,"['Alcohol: none', ""Ambience: {'romantic': False, 'intimate': False, 'classy': False, 'hipster': False, 'divey': True, 'touristy': False, 'trendy': False, 'upscale': False, 'casual': False}"", 'BikeParking: True', 'BusinessAcceptsCreditCards: True', ""BusinessParking: {'garage': False, 'street': False, 'validated': False, 'lot': True, 'valet': False}"", 'Caters: True', 'GoodForKids: True', ""GoodForMeal: {'dessert': False, 'latenight': False, 'lunch': True, 'dinner': False, 'breakfast': False, 'brunch': False}"", 'HasTV: True', 'NoiseLevel: quiet', 'OutdoorSeating: True', 'RestaurantsAttire: casual', 'RestaurantsDelivery: True', 'RestaurantsGoodForGroups: False', 'RestaurantsPriceRange2: 1', 'RestaurantsReservations: True', 'RestaurantsTableService: True', 'RestaurantsTakeOut: True', 'WheelchairAccessible: True', 'WiFi: free']",-112.016571045,"3015 E Thomas Rd, Ste 4",85016,AZ,0,o_uE7kjmI2K7dnKZkQoHTQ,business
Iqbal Kebab & Sweet Centre,Toronto,24,"['Monday 11:30-22:30', 'Tuesday 11:30-22:30', 'Wednesday 11:30-22:30', 'Thursday 11:30-22:30', 'Friday 11:30-23:0', 'Saturday 8:30-23:0', 'Sunday 8:30-22:30']",,"['Restaurants', 'Grocery', 'Pakistani', 'Food', 'Seafood', 'Barbeque']",43.7065834,4.0,"['Alcohol: none', ""Ambience: {'romantic': False, 'intimate': False, 'classy': False, 'hipster': False, 'touristy': False, 'trendy': False, 'upscale': False, 'casual': True}"", 'BikeParking: False', 'BusinessAcceptsCreditCards: True', ""BusinessParking: {'garage': False, 'street': False, 'validated': False, 'lot': True, 'valet': False}"", 'Caters: True', 'DogsAllowed: False', 'GoodForKids: True', ""GoodForMeal: {'dessert': False, 'latenight': False, 'lunch': False, 'dinner': True, 'breakfast': False, 'brunch': False}"", 'HasTV: True', 'NoiseLevel: average', 'OutdoorSeating: False', 'RestaurantsAttire: casual', 'RestaurantsDelivery: True', 'RestaurantsGoodForGroups: True', 'RestaurantsPriceRange2: 2', 'RestaurantsReservations: True', 'RestaurantsTableService: True', 'RestaurantsTakeOut: True', 'WheelchairAccessible: True', 'WiFi: no']",-79.3515075,2 Thorncliffe Park Drive,M4H 1H2,ON,1,oo73pe5tERpDxaa_eSY2tQ,business
51 Wings and Things,Pittsburgh,37,"['Monday 11:0-22:0', 'Tuesday 11:0-22:0', 'Wednesday 11:0-22:0', 'Thursday 11:0-22:0', 'Friday 11:0-23:0', 'Saturday 11:0-23:0', 'Sunday 12:0-21:0']",,"['Hot Dogs', 'Chicken Wings', 'Burgers', 'Cheesesteaks', 'Food', 'Restaurants']",40.3713729,4.0,"['Alcohol: none', ""Ambience: {'romantic': False, 'intimate': False, 'classy': False, 'hipster': False, 'divey': False, 'touristy': False, 'trendy': False, 'upscale': False, 'casual': True}"", 'BikeParking: True', 'BusinessAcceptsCreditCards: True', ""BusinessParking: {'garage': False, 'street': False, 'validated': False, 'lot': True, 'valet': False}"", 'Caters: True', 'DogsAllowed: False', 'DriveThru: False', 'GoodForKids: True', ""GoodForMeal: {'dessert': False, 'latenight': True, 'lunch': False, 'dinner': False, 'breakfast': False, 'brunch': False}"", 'HasTV: True', 'NoiseLevel: average', 'OutdoorSeating: False', 'RestaurantsAttire: casual', 'RestaurantsDelivery: True', 'RestaurantsGoodForGroups: True', 'RestaurantsPriceRange2: 1', 'RestaurantsReservations: False', 'RestaurantsTableService: False', 'RestaurantsTakeOut: True', 'WheelchairAccessible: True', 'WiFi: free']",-79.9820868,4022 Saw Mill Run Blvd,15227,PA,1,5-wiVRTpKwhz2wKxNS-JzA,business
Hardee's Red Burrito,Charlotte,6,"['Monday 5:0-22:0', 'Tuesday 5:0-22:0', 'Wednesday 5:0-22:0', 'Thursday 5:0-22:0', 'Friday 5:0-23:0', 'Saturday 5:0-23:0', 'Sunday 6:0-22:0']",Derita,"['Hot Dogs', 'Mexican', 'American (Traditional)', 'Restaurants', 'Burgers']",35.3075148,3.5,"['Alcohol: none', ""Ambience: {'romantic': False, 'intimate': False, 'classy': False, 'hipster': False, 'divey': False, 'touristy': False, 'trendy': False, 'upscale': False, 'casual': False}"", 'BikeParking: True', 'BusinessAcceptsCreditCards: True', ""BusinessParking: {'garage': False, 'street': False, 'validated': False, 'lot': False, 'valet': False}"", 'Caters: True', 'DriveThru: True', 'GoodForKids: True', ""GoodForMeal: {'dessert': False, 'latenight': False, 'lunch': False, 'dinner': False, 'breakfast': False, 'brunch': False}"", 'HasTV: False', 'NoiseLevel: quiet', 'OutdoorSeating: False', 'RestaurantsAttire: casual', 'RestaurantsDelivery: False', 'RestaurantsGoodForGroups: True', 'RestaurantsPriceRange2: 1', 'RestaurantsReservations: False', 'RestaurantsTableService: True', 'RestaurantsTakeOut: True']",-80.8438944,5024 Sunset Rd,28269,NC,1,CgeNY1pll5dBQuHPCJGAOg,business
Jade River Buffet,Toronto,5,,Scarborough,"['Restaurants', 'Buffets']",43.7674555,2.0,"['Alcohol: full_bar', ""Ambience: {'romantic': False, 'intimate': False, 'classy': False, 'hipster': False, 'touristy': False, 'trendy': False, 'upscale': False, 'casual': False}"", 'BusinessAcceptsCreditCards: True', ""BusinessParking: {'garage': False, 'street': False, 'validated': False, 'lot': False, 'valet': False}"", 'Caters: True', 'GoodForKids: True', ""GoodForMeal: {'dessert': False, 'latenight': False, 'lunch': False, 'dinner': False, 'breakfast': False, 'brunch': False}"", 'HasTV: True', 'NoiseLevel: loud', 'OutdoorSeating: False', 'RestaurantsAttire: casual', 'RestaurantsDelivery: True', 'RestaurantsGoodForGroups: True', 'RestaurantsPriceRange2: 2', 'RestaurantsReservations: True', 'RestaurantsTableService: True', 'RestaurantsTakeOut: True', 'WiFi: free']",-79.3020157,22 Metropolitan Rd,M1R 2T5,ON,0,x84c7qW3iiHTSZZzZMlP1g,business
Geppetto's Pizza & Ribs,Bay Village,7,,,"['Pizza', 'Restaurants']",41.4847282,1.5,"['BusinessAcceptsCreditCards: True', 'GoodForKids: False', ""GoodForMeal: {'dessert': False, 'latenight': False, 'lunch': False, 'dinner': False, 'breakfast': False, 'brunch': False}"", 'HasTV: True', 'NoiseLevel: loud', 'OutdoorSeating: False', 'RestaurantsAttire: casual', 'RestaurantsDelivery: True', 'RestaurantsGoodForGroups: True', 'RestaurantsPriceRange2: 1', 'RestaurantsReservations: False', 'RestaurantsTakeOut: True', 'WiFi: no']",-81.9228247,27321 Wolf Rd,44140,OH,0,BsJtXNytI6vD-DWyelx39A,business
Speisekammer West,Stuttgart,17,"['Monday 11:30-14:30', 'Monday 17:30-23:0', 'Tuesday 11:30-14:30', 'Tuesday 17:30-23:0', 'Wednesday 11:30-14:30', 'Wednesday 17:30-23:0', 'Thursday 11:30-14:30', 'Thursday 17:30-23:0', 'Friday 11:30-14:30', 'Friday 17:30-23:0', 'Saturday 17:30-23:0']",,"['Restaurants', 'German']",48.7776822,4.0,"['Alcohol: full_bar', ""Ambience: {'romantic': False, 'intimate': False, 'classy': False, 'hipster': False, 'touristy': False, 'trendy': False, 'upscale': False, 'casual': False}"", 'BikeParking: False', 'BusinessAcceptsCreditCards: False', ""BusinessParking: {'garage': True, 'street': True, 'validated': False, 'lot': False, 'valet': False}"", 'Caters: False', ""DietaryRestrictions: {'dairy-free': False, 'gluten-free': False, 'vegan': False, 'kosher': False, 'halal': False, 'soy-free': False, 'vegetarian': False}"", 'DogsAllowed: True', ""GoodForMeal: {'dessert': False, 'latenight': False, 'lunch': False, 'dinner': False, 'breakfast': False, 'brunch': False}"", 'HasTV: False', 'NoiseLevel: average', 'OutdoorSeating: True', 'RestaurantsAttire: dressy', 'RestaurantsDelivery: False', 'RestaurantsGoodForGroups: True', 'RestaurantsPriceRange2: 3', 'RestaurantsReservations: True', 'RestaurantsTableService: True', 'RestaurantsTakeOut: True', 'WheelchairAccessible: True', 'WiFi: no']",9.1539913,Rosenbergstr. 89,70193,BW,1,HJkXV3hiFkGF1VLlQZfP7g,business
South Indian Dosa Mahal Restaurant,Toronto,52,"['Monday 11:0-21:0', 'Tuesday 11:0-21:0', 'Wednesday 11:0-21:0', 'Thursday 11:0-21:0', 'Friday 11:0-21:0', 'Saturday 12:0-21:0']",Bloordale Village,"['Indian', 'Gluten-Free', 'Vegetarian', 'Restaurants', 'Pakistani']",43.6589378,3.5,"['Alcohol: none', ""Ambience: {'romantic': False, 'intimate': False, 'classy': False, 'hipster': False, 'touristy': False, 'trendy': False, 'upscale': False, 'casual': True}"", 'BikeParking: True', 'BusinessAcceptsCreditCards: False', ""BusinessParking: {'garage': False, 'street': True, 'validated': False, 'lot': False, 'valet': False}"", 'Caters: True', 'DogsAllowed: True', 'GoodForKids: True', ""GoodForMeal: {'dessert': False, 'latenight': False, 'lunch': True, 'dinner': False, 'breakfast': False, 'brunch': False}"", 'HasTV: False', 'NoiseLevel: quiet', 'OutdoorSeating: False', 'RestaurantsAttire: casual', 'RestaurantsDelivery: False', 'RestaurantsGoodForGroups: True', 'RestaurantsPriceRange2: 1', 'RestaurantsReservations: True', 'RestaurantsTableService: True', 'RestaurantsTakeOut: True', 'WiFi: no']",-79.4406795,1262 Bloor Street W,M6H 1N5,ON,1,svYRwm8unFfkki__lJrR2w,business
Karpaty Pastry & Deli,Toronto,3,"['Monday 10:0-19:0', 'Tuesday 10:0-19:0', 'Wednesday 10:0-19:0', 'Thursday 10:0-19:0', 'Friday 10:0-19:0', 'Saturday 9:0-17:0']",Bloor-West Village,"['Food', 'Imported Food', 'Specialty Food', 'Ethnic Food', 'Restaurants', 'Delis']",43.6498334,4.5,"['BikeParking: False', 'BusinessAcceptsCreditCards: True', ""BusinessParking: {'garage': False, 'street': False, 'validated': False, 'lot': False, 'valet': False}"", 'GoodForKids: True', 'OutdoorSeating: False', 'RestaurantsAttire: casual', 'RestaurantsDelivery: False', 'RestaurantsPriceRange2: 1', 'RestaurantsTableService: False', 'RestaurantsTakeOut: True']",-79.4833941,2408 Bloor St W,M6S 1P9,ON,1,KZEmp6MJQXGLjD1k-tA0Vw,business
Potluck Restaurant,Mississauga,4,"['Monday 10:0-19:0', 'Tuesday 10:0-19:0', 'Wednesday 10:0-19:0', 'Thursday 10:0-19:0', 'Friday 10:0-19:0', 'Saturday 9:0-18:0', 'Sunday 9:0-18:0']",Cooksville,"['Restaurants', 'Caribbean']",43.5803645,5.0,,-79.6146305,2580 Shepard Avenue,L5A 4K3,ON,1,ffVS_RgDJOJZNtT79RqS0g,business
Scratch Pastries & Bistro,Scottsdale,186,"['Monday 8:0-18:0', 'Tuesday 8:0-18:0', 'Wednesday 8:0-21:0', 'Thursday 8:0-21:0', 'Friday 8:0-21:0', 'Saturday 8:0-21:0', 'Sunday 9:0-16:0']",,"['Bakeries', 'French', 'Restaurants', 'Food']",33.4957558,3.5,"['Alcohol: beer_and_wine', ""Ambience: {'romantic': False, 'intimate': False, 'classy': False, 'hipster': False, 'divey': False, 'touristy': False, 'trendy': False, 'upscale': False, 'casual': True}"", 'BusinessAcceptsCreditCards: True', ""BusinessParking: {'garage': False, 'street': False, 'validated': False, 'lot': True, 'valet': False}"", 'Caters: True', 'GoodForKids: True', ""GoodForMeal: {'dessert': True, 'latenight': False, 'lunch': True, 'dinner': False, 'breakfast': True, 'brunch': True}"", 'HasTV: False', 'NoiseLevel: quiet', 'OutdoorSeating: True', 'RestaurantsAttire: casual', 'RestaurantsDelivery: False', 'RestaurantsGoodForGroups: False', 'RestaurantsPriceRange2: 2', 'RestaurantsReservations: True', 'RestaurantsTableService: True', 'RestaurantsTakeOut: True', 'WheelchairAccessible: True', 'WiFi: free']",-111.9159147,7620 E Indian School Rd,85251,AZ,0,0d6kx6Jlocw77y1J9nbqMA,business
Taste of China,Cleveland,10,,,"['Restaurants', 'Chinese']",41.5532017,4.0,"['Alcohol: none', ""Ambience: {'romantic': False, 'intimate': False, 'classy': False, 'hipster': False, 'divey': False, 'touristy': False, 'trendy': False, 'upscale': False, 'casual': False}"", 'BikeParking: True', 'BusinessAcceptsCreditCards: True', 'GoodForKids: True', ""GoodForMeal: {'dessert': False, 'latenight': False, 'lunch': False, 'dinner': False, 'breakfast': False, 'brunch': False}"", 'HasTV: False', 'OutdoorSeating: False', 'RestaurantsAttire: casual', 'RestaurantsDelivery: True', 'RestaurantsGoodForGroups: True', 'RestaurantsPriceRange2: 2', 'RestaurantsReservations: False', 'RestaurantsTakeOut: True']",-81.498089,25995 Highland Rd,44143,OH,1,i5A6Bb9SpaYb3_Yr40Pk2g,business
Ravi Soups,Toronto,62,"['Monday 10:0-22:0', 'Tuesday 10:0-22:0', 'Wednesday 10:0-22:0', 'Thursday 10:0-22:0', 'Friday 10:0-22:0', 'Saturday 10:0-22:0']",West Queen West,"['Soup', 'Restaurants']",43.6432975696,4.0,"['Alcohol: none', ""Ambience: {'romantic': False, 'intimate': False, 'classy': False, 'hipster': False, 'touristy': False, 'trendy': False, 'upscale': False, 'casual': True}"", 'BikeParking: True', 'BusinessAcceptsCreditCards: True', ""BusinessParking: {'garage': False, 'street': True, 'validated': False, 'lot': False, 'valet': False}"", 'Caters: False', 'GoodForKids: True', ""GoodForMeal: {'dessert': False, 'latenight': False, 'lunch': True, 'dinner': True, 'breakfast': False, 'brunch': False}"", 'HasTV: False', 'NoiseLevel: quiet', 'OutdoorSeating: False', 'RestaurantsAttire: casual', 'RestaurantsDelivery: False', 'RestaurantsGoodForGroups: True', 'RestaurantsPriceRange2: 2', 'RestaurantsReservations: False', 'RestaurantsTableService: False', 'RestaurantsTakeOut: True', 'WiFi: no']",-79.4239881013,1128 Queen Street W,M6J 1J3,ON,1,leMIHa6TogufHv5HNYjnfw,business
HIghland Steak & Frites,Toronto,6,"['Monday 15:0-23:0', 'Tuesday 15:0-23:0', 'Wednesday 15:0-23:0', 'Thursday 15:0-23:0', 'Friday 15:0-0:0', 'Saturday 15:0-2:0']",Scarborough,"['Gastropubs', 'Restaurants']",43.7835586,3.0,"['BikeParking: True', 'BusinessAcceptsCreditCards: True', 'GoodForKids: True', ""GoodForMeal: {'dessert': False, 'latenight': False, 'lunch': False, 'dinner': False, 'breakfast': False, 'brunch': False}"", 'HasTV: True', 'OutdoorSeating: True', 'RestaurantsAttire: casual', 'RestaurantsDelivery: False', 'RestaurantsGoodForGroups: True', 'RestaurantsPriceRange2: 2', 'RestaurantsReservations: True', 'RestaurantsTakeOut: True']",-79.1705622,360 Old Kingston Road,M1C 1B6,ON,0,IenpvHVHL9j7IJhv0Mpaeg,business
Crescendo Espresso Bar + Music Cafe,Madison,37,"['Monday 6:30-20:0', 'Tuesday 6:30-20:0', 'Wednesday 6:30-20:0', 'Thursday 6:30-20:0', 'Friday 6:30-20:0', 'Saturday 6:30-20:0', 'Sunday 7:0-17:0']",Vilas,"['Food', 'Cafes', 'Music Venues', 'Arts & Entertainment', 'Coffee & Tea', 'Nightlife', 'Restaurants']",43.064652,4.5,"['Alcohol: beer_and_wine', ""Ambience: {'romantic': False, 'intimate': False, 'classy': False, 'hipster': False, 'divey': False, 'touristy': False, 'trendy': False, 'upscale': False, 'casual': True}"", ""BestNights: {'monday': False, 'tuesday': False, 'friday': True, 'wednesday': True, 'thursday': False, 'sunday': False, 'saturday': True}"", 'BikeParking: True', 'BusinessAcceptsCreditCards: True', ""BusinessParking: {'garage': False, 'street': True, 'validated': False, 'lot': False, 'valet': False}"", 'Caters: False', 'CoatCheck: False', 'GoodForDancing: False', 'GoodForKids: True', ""GoodForMeal: {'dessert': False, 'latenight': False, 'lunch': False, 'dinner': False, 'breakfast': True, 'brunch': False}"", 'HappyHour: False', 'HasTV: False', ""Music: {'dj': False, 'background_music': False, 'no_music': False, 'karaoke': False, 'live': True, 'video': False, 'jukebox': False}"", 'NoiseLevel: average', 'OutdoorSeating: False', 'RestaurantsAttire: casual', 'RestaurantsDelivery: False', 'RestaurantsGoodForGroups: True', 'RestaurantsPriceRange2: 1', 'RestaurantsReservations: False', 'RestaurantsTableService: False', 'RestaurantsTakeOut: True', 'Smoking: no', 'WheelchairAccessible: True', 'WiFi: free']",-89.416998,1859 Monroe St,53711,WI,1,8iZ5bR_Zl-xQZMDCvNKLgg,business
Calabria's Italian Restaurant,Pittsburgh,3,"['Tuesday 10:0-22:0', 'Wednesday 10:0-22:0', 'Thursday 10:0-22:0', 'Friday 10:0-23:0', 'Saturday 12:0-23:0', 'Sunday 12:0-22:0']",Garfield,"['Pizza', 'Italian', 'Restaurants']",40.4654547,2.5,"['NoiseLevel: quiet', 'WiFi: no']",-79.9447111,4911 Penn Ave,15224,PA,0,T9uRUpoontO6YX-GoM4UvA,business
Cube,Stuttgart,98,"['Monday 11:30-0:0', 'Tuesday 11:30-0:0', 'Wednesday 11:30-0:0', 'Thursday 11:30-0:0', 'Friday 11:30-0:0', 'Saturday 11:30-0:0', 'Sunday 11:30-0:0']",,"['German', 'Restaurants', 'International']",48.7783327392,4.0,"['Alcohol: full_bar', ""Ambience: {'romantic': True, 'intimate': False, 'classy': False, 'hipster': False, 'touristy': False, 'trendy': False, 'upscale': False, 'casual': False}"", 'BikeParking: True', 'BusinessAcceptsCreditCards: True', ""BusinessParking: {'garage': True, 'street': False, 'validated': False, 'lot': False, 'valet': False}"", 'Caters: False', 'DogsAllowed: False', 'GoodForKids: False', ""GoodForMeal: {'dessert': False, 'latenight': False, 'lunch': False, 'dinner': True, 'breakfast': False, 'brunch': False}"", 'HasTV: False', 'NoiseLevel: average', 'OutdoorSeating: False', 'RestaurantsAttire: dressy', 'RestaurantsDelivery: False', 'RestaurantsGoodForGroups: True', 'RestaurantsPriceRange2: 3', 'RestaurantsReservations: True', 'RestaurantsTableService: True', 'RestaurantsTakeOut: False', 'WheelchairAccessible: True', 'WiFi: free']",9.1775971465,Kleiner Schlossplatz 1,70173,BW,1,F1dESy3tTqG2FiMJuABwTg,business
Frank N Steins,Surprise,28,"['Monday 11:0-19:0', 'Tuesday 11:0-19:0', 'Wednesday 11:0-19:0', 'Thursday 11:0-19:0', 'Friday 11:0-20:0', 'Saturday 11:0-20:0']",,"['Hot Dogs', 'American (Traditional)', 'Restaurants']",33.6385585,4.0,"['Alcohol: none', ""Ambience: {'romantic': False, 'intimate': False, 'classy': False, 'hipster': False, 'divey': False, 'touristy': False, 'trendy': False, 'upscale': False, 'casual': True}"", 'BusinessAcceptsCreditCards: True', ""BusinessParking: {'garage': False, 'street': False, 'validated': False, 'lot': True, 'valet': False}"", 'Caters: True', 'GoodForKids: True', ""GoodForMeal: {'dessert': False, 'latenight': False, 'lunch': True, 'dinner': True, 'breakfast': False, 'brunch': False}"", 'HasTV: True', 'NoiseLevel: average', 'OutdoorSeating: False', 'RestaurantsAttire: casual', 'RestaurantsDelivery: False', 'RestaurantsGoodForGroups: True', 'RestaurantsPriceRange2: 1', 'RestaurantsReservations: False', 'RestaurantsTableService: False', 'RestaurantsTakeOut: True', 'WiFi: no']",-112.3628541,"14071 W Bell Rd, Ste 104",85374,AZ,0,S9BtDhoe1xgyQ5b9WQz-VQ,business
Pita Palace,Mesa,3,,,"['Greek', 'Restaurants']",33.3892,5.0,"['Alcohol: none', ""Ambience: {'romantic': False, 'intimate': False, 'classy': False, 'hipster': False, 'divey': False, 'touristy': False, 'trendy': False, 'upscale': False, 'casual': False}"", 'BusinessAcceptsCreditCards: True', ""BusinessParking: {'garage': False, 'street': False, 'validated': False, 'lot': False, 'valet': False}"", 'GoodForKids: True', ""GoodForMeal: {'dessert': False, 'latenight': False, 'lunch': True, 'dinner': False, 'breakfast': False, 'brunch': False}"", 'HasTV: True', 'NoiseLevel: very_loud', 'OutdoorSeating: False', 'RestaurantsAttire: casual', 'RestaurantsDelivery: False', 'RestaurantsGoodForGroups: True', 'RestaurantsPriceRange2: 1', 'RestaurantsReservations: False', 'RestaurantsTableService: False', 'RestaurantsTakeOut: True', 'WheelchairAccessible: True']",-111.86058,1445 W Southern Ave,85202,AZ,0,XmrOZ6iLoPzXfwQesveyTA,business
Lacy's,Urbana,28,"['Monday 11:0-20:0', 'Tuesday 11:0-20:0', 'Wednesday 11:0-20:0', 'Thursday 11:0-20:0', 'Friday 11:0-22:0', 'Saturday 11:0-22:0', 'Sunday 13:0-17:0']",,"['Restaurants', 'Barbeque']",40.1123076506,3.0,"['Alcohol: beer_and_wine', ""Ambience: {'romantic': False, 'intimate': False, 'classy': False, 'hipster': False, 'divey': False, 'touristy': False, 'trendy': False, 'upscale': False, 'casual': True}"", 'BikeParking: True', 'BusinessAcceptsCreditCards: True', ""BusinessParking: {'garage': False, 'street': False, 'validated': False, 'lot': False, 'valet': False}"", 'Caters: True', 'GoodForKids: True', ""GoodForMeal: {'dessert': False, 'latenight': False, 'lunch': True, 'dinner': False, 'breakfast': False, 'brunch': False}"", 'HasTV: True', 'NoiseLevel: average', 'OutdoorSeating: True', 'RestaurantsAttire: casual', 'RestaurantsDelivery: True', 'RestaurantsGoodForGroups: True', 'RestaurantsPriceRange2: 2', 'RestaurantsReservations: False', 'RestaurantsTableService: False', 'RestaurantsTakeOut: True', 'WiFi: free']",-88.2083105296,119 W Main St,61801,IL,0,RYClIlSwSPpaptR8tOF0AQ,business
Burger King,Phoenix,7,,,"['Burgers', 'Hot Dogs', 'Restaurants']",33.4518995,2.0,"['Alcohol: none', 'BikeParking: True', 'BusinessAcceptsCreditCards: True', 'DriveThru: True', 'GoodForKids: True', ""GoodForMeal: {'dessert': False, 'latenight': False, 'lunch': False, 'dinner': False, 'breakfast': False, 'brunch': False}"", 'HasTV: True', 'OutdoorSeating: False', 'RestaurantsAttire: casual', 'RestaurantsDelivery: False', 'RestaurantsGoodForGroups: True', 'RestaurantsPriceRange2: 1', 'RestaurantsReservations: False', 'RestaurantsTakeOut: True', 'WiFi: free', ""Ambience: {'romantic': False, 'intimate': False, 'classy': False, 'hipster': False, 'divey': False, 'touristy': False, 'trendy': False, 'upscale': False, 'casual': False}""]",-112.2039016,350 N 67th Ave,85043,AZ,1,LUqIA9m-UFaeL-huWwalPQ,business
Firehouse Subs,Tempe,13,"['Monday 10:0-21:0', 'Tuesday 10:0-21:0', 'Wednesday 10:0-21:0', 'Thursday 10:0-21:0', 'Friday 10:0-21:0', 'Saturday 10:0-21:0', 'Sunday 10:0-21:0']",,"['Burgers', 'American (Traditional)', 'Delis', 'Restaurants', 'Food', 'Fast Food', 'Sandwiches']",33.3777599,2.0,"[""Ambience: {'romantic': False, 'intimate': False, 'classy': False, 'hipster': False, 'divey': False, 'touristy': False, 'trendy': False, 'upscale': False, 'casual': False}"", 'BikeParking: False', 'BusinessAcceptsCreditCards: True', 'DriveThru: False', 'GoodForKids: True', ""GoodForMeal: {'dessert': False, 'latenight': False, 'lunch': False, 'dinner': False, 'breakfast': False, 'brunch': False}"", 'HasTV: True', 'OutdoorSeating: False', 'RestaurantsAttire: casual', 'RestaurantsDelivery: False', 'RestaurantsGoodForGroups: True', 'RestaurantsPriceRange2: 2', 'RestaurantsReservations: False', 'RestaurantsTableService: False', 'RestaurantsTakeOut: True']",-111.9387136,"107 E. Baseline Rd., Ste A1",85283,AZ,1,Y_UdgWtGdmetumEcS3C8bQ,business
Pub Burgundy Lion,Montréal,159,"['Monday 11:30-3:0', 'Tuesday 11:30-3:0', 'Wednesday 11:30-3:0', 'Thursday 11:30-3:0', 'Friday 11:30-3:0', 'Saturday 9:0-3:0', 'Sunday 9:0-3:0']",Sud-Ouest,"['Bars', 'British', 'Breakfast & Brunch', 'Nightlife', 'Restaurants', 'Pubs']",45.4827901462,4.0,"['Alcohol: full_bar', ""Ambience: {'romantic': False, 'intimate': False, 'classy': False, 'hipster': False, 'touristy': False, 'trendy': False, 'upscale': False, 'casual': True}"", ""BestNights: {'monday': False, 'tuesday': False, 'friday': True, 'wednesday': False, 'thursday': True, 'sunday': False, 'saturday': True}"", 'BikeParking: True', 'BusinessAcceptsCreditCards: True', ""BusinessParking: {'garage': False, 'street': True, 'validated': False, 'lot': False, 'valet': False}"", 'Caters: False', 'CoatCheck: False', 'GoodForDancing: False', 'GoodForKids: False', ""GoodForMeal: {'dessert': False, 'latenight': True, 'lunch': True, 'dinner': True, 'breakfast': False, 'brunch': True}"", 'HappyHour: True', 'HasTV: True', ""Music: {'dj': False, 'background_music': False, 'no_music': False, 'karaoke': False, 'live': False, 'video': False, 'jukebox': False}"", 'NoiseLevel: average', 'OutdoorSeating: True', 'RestaurantsAttire: casual', 'RestaurantsDelivery: False', 'RestaurantsGoodForGroups: True', 'RestaurantsPriceRange2: 2', 'RestaurantsReservations: True', 'RestaurantsTableService: True', 'RestaurantsTakeOut: True', 'Smoking: outdoor', 'WheelchairAccessible: True', 'WiFi: free']",-73.5751922387,2496 Rue Notre Dame O,H3J 1N5,QC,1,o05HPzyrpcguxH9AL1Knvw,business
Mariscos  Bahia De Guaymas,Phoenix,6,"['Monday 9:0-21:0', 'Tuesday 9:0-21:0', 'Wednesday 9:0-21:0', 'Thursday 9:0-21:0', 'Friday 9:0-22:0', 'Saturday 9:0-22:0', 'Sunday 9:0-22:0']",,"['Mexican', 'Seafood', 'Restaurants']",33.4079057,4.5,"[""Ambience: {'romantic': False, 'intimate': False, 'classy': False, 'hipster': False, 'divey': False, 'touristy': False, 'trendy': False, 'upscale': False, 'casual': False}"", 'BikeParking: False', 'BusinessAcceptsCreditCards: True', ""BusinessParking: {'garage': False, 'street': False, 'validated': False, 'lot': False, 'valet': False}"", 'GoodForKids: True', ""GoodForMeal: {'dessert': False, 'latenight': False, 'lunch': False, 'dinner': False, 'breakfast': False, 'brunch': False}"", 'RestaurantsAttire: casual', 'RestaurantsDelivery: False', 'RestaurantsGoodForGroups: True', 'RestaurantsPriceRange2: 2', 'RestaurantsReservations: True', 'RestaurantsTakeOut: True']",-112.0474756,4220 S 16th St,85040,AZ,1,wOw-YvucvqNHDhwltGsNpQ,business
Mr Mesquite Taqueria,Phoenix,17,"['Monday 10:0-22:0', 'Tuesday 10:0-22:0', 'Wednesday 10:0-22:0', 'Thursday 10:0-22:0', 'Friday 10:0-0:0', 'Saturday 10:0-0:0', 'Sunday 10:0-22:0']",,"['Food', 'Mexican', 'Tacos', 'Restaurants', 'Street Vendors']",33.6581174219,4.5,"[""Ambience: {'romantic': False, 'intimate': False, 'classy': False, 'hipster': False, 'divey': False, 'touristy': False, 'trendy': False, 'upscale': False, 'casual': False}"", 'BusinessAcceptsCreditCards: True', 'GoodForKids: True', 'HasTV: False', 'OutdoorSeating: False', 'RestaurantsAttire: casual', 'RestaurantsDelivery: True', 'RestaurantsGoodForGroups: True', 'RestaurantsPriceRange2: 1', 'RestaurantsReservations: False', 'RestaurantsTakeOut: True', ""GoodForMeal: {'dessert': False, 'latenight': False, 'lunch': False, 'dinner': False, 'breakfast': False, 'brunch': False}"", 'BikeParking: True']",-111.931956288,7000 E Mayo Blvd,85054,AZ,1,IZUDXIq5SULhQ5RGLCdB7g,business
Las Palmas,Pittsburgh,146,"['Monday 9:0-17:0', 'Tuesday 9:0-17:0', 'Wednesday 9:0-17:0', 'Thursday 9:0-17:0', 'Friday 9:0-22:0', 'Saturday 12:0-19:0', 'Sunday 12:0-16:30']",Oakland,"['Restaurants', 'Mexican']",40.438918,4.5,"['Alcohol: none', ""Ambience: {'romantic': False, 'intimate': False, 'classy': False, 'hipster': False, 'divey': True, 'touristy': False, 'trendy': False, 'upscale': False, 'casual': False}"", 'BikeParking: True', 'BusinessAcceptsCreditCards: True', ""BusinessParking: {'garage': False, 'street': True, 'validated': False, 'lot': False, 'valet': False}"", 'Caters: False', 'GoodForKids: True', ""GoodForMeal: {'dessert': False, 'latenight': False, 'lunch': True, 'dinner': False, 'breakfast': False, 'brunch': False}"", 'HasTV: False', 'NoiseLevel: average', 'OutdoorSeating: False', 'RestaurantsAttire: casual', 'RestaurantsDelivery: False', 'RestaurantsGoodForGroups: False', 'RestaurantsPriceRange2: 1', 'RestaurantsReservations: False', 'RestaurantsTableService: False', 'RestaurantsTakeOut: True', 'WiFi: no']",-79.9553059,326 Atwood St,15213,PA,1,S8VRQCBrbZI04zjCOc1RAA,business
Megas Restaurant,Toronto,40,"['Monday 11:0-0:0', 'Tuesday 11:0-0:0', 'Wednesday 11:0-0:0', 'Thursday 11:0-0:0', 'Friday 11:0-1:0', 'Saturday 11:0-1:0', 'Sunday 11:0-1:0']",The Danforth,"['Greek', 'Restaurants', 'Mediterranean']",43.6777565,2.5,"['Alcohol: full_bar', ""Ambience: {'romantic': False, 'intimate': False, 'classy': False, 'hipster': False, 'touristy': False, 'trendy': False, 'upscale': False, 'casual': True}"", 'BikeParking: True', 'BusinessAcceptsCreditCards: True', ""BusinessParking: {'garage': False, 'street': True, 'validated': False, 'lot': False, 'valet': False}"", 'Caters: True', 'GoodForKids: True', ""GoodForMeal: {'dessert': False, 'latenight': False, 'lunch': True, 'dinner': False, 'breakfast': False, 'brunch': False}"", 'HasTV: True', 'NoiseLevel: average', 'OutdoorSeating: True', 'RestaurantsAttire: casual', 'RestaurantsDelivery: True', 'RestaurantsGoodForGroups: True', 'RestaurantsPriceRange2: 2', 'RestaurantsReservations: True', 'RestaurantsTableService: True', 'RestaurantsTakeOut: True', 'WheelchairAccessible: True', 'WiFi: free']",-79.3515772,402 Danforth Avenue,M4K 1P3,ON,1,43PeF0ERpSIiEbXM6f9N2g,business
Yoki Teriyaki Japan,Vaughan,17,,,"['Specialty Food', 'Ethnic Food', 'Food', 'Restaurants', 'Imported Food', 'Japanese']",43.8289169314,4.0,"['Alcohol: none', ""Ambience: {'romantic': False, 'intimate': False, 'classy': False, 'hipster': False, 'touristy': False, 'trendy': False, 'upscale': False, 'casual': True}"", 'BikeParking: True', 'BusinessAcceptsCreditCards: True', ""BusinessParking: {'garage': False, 'street': False, 'validated': False, 'lot': False, 'valet': False}"", 'Caters: True', 'GoodForKids: True', ""GoodForMeal: {'dessert': False, 'latenight': False, 'lunch': False, 'dinner': False, 'breakfast': False, 'brunch': False}"", 'HasTV: True', 'NoiseLevel: average', 'OutdoorSeating: False', 'RestaurantsAttire: casual', 'RestaurantsDelivery: False', 'RestaurantsGoodForGroups: False', 'RestaurantsPriceRange2: 1', 'RestaurantsReservations: False', 'RestaurantsTakeOut: True', 'WiFi: no']",-79.5376071911,3175 Rutherford Road,L6A,ON,1,ADnBQgAZSQ7e82Kis1Xlxw,business
Saveur Soleil,Montréal,3,"['Tuesday 16:0-21:0', 'Wednesday 16:0-21:0', 'Thursday 16:0-21:0', 'Friday 12:0-23:0', 'Saturday 12:0-23:0', 'Sunday 17:0-21:0']",Ville-Marie,"['Cajun/Creole', 'American (Traditional)', 'Restaurants', 'Caribbean', 'Seafood']",45.5267707,4.5,"['Alcohol: full_bar', ""Ambience: {'romantic': False, 'intimate': False, 'classy': False, 'hipster': False, 'touristy': False, 'trendy': False, 'upscale': False, 'casual': False}"", 'BikeParking: True', 'BusinessAcceptsCreditCards: True', ""BusinessParking: {'garage': False, 'street': True, 'validated': False, 'lot': False, 'valet': False}"", 'Caters: True', 'DogsAllowed: False', 'GoodForKids: True', ""GoodForMeal: {'dessert': False, 'latenight': False, 'lunch': False, 'dinner': False, 'breakfast': False, 'brunch': False}"", 'HasTV: True', 'NoiseLevel: quiet', 'OutdoorSeating: False', 'RestaurantsAttire: casual', 'RestaurantsDelivery: True', 'RestaurantsGoodForGroups: True', 'RestaurantsPriceRange2: 2', 'RestaurantsReservations: True', 'RestaurantsTableService: True', 'RestaurantsTakeOut: True', 'WheelchairAccessible: True', 'WiFi: free']",-73.5584808,1886 Rue Ontario E,H2K 1T8,QC,1,jfM5QMNxiAPJOyRENqpPXg,business
Blimpie America's Sub Shop,Charlotte,5,"['Monday 11:0-20:0', 'Tuesday 11:0-20:0', 'Wednesday 11:0-20:0', 'Thursday 11:0-20:0', 'Friday 11:0-21:0', 'Saturday 11:0-21:0', 'Sunday 11:0-19:0']",University City,"['Restaurants', 'Salad', 'Soup', 'Sandwiches']",35.303872,3.5,"['Alcohol: none', 'BusinessAcceptsBitcoin: False', 'BusinessAcceptsCreditCards: True', ""BusinessParking: {'garage': False, 'street': True, 'validated': False, 'lot': False, 'valet': False}"", 'Caters: True', 'DogsAllowed: False', 'GoodForKids: True', 'HasTV: False', 'OutdoorSeating: False', 'RestaurantsDelivery: False', 'RestaurantsGoodForGroups: True', 'RestaurantsPriceRange2: 1', 'RestaurantsReservations: False', 'RestaurantsTableService: False', 'RestaurantsTakeOut: True', 'WheelchairAccessible: True', 'WiFi: free']",-80.749548,"230 E Wt Harris Blvd, Ste A7",28262,NC,1,sQZ7qgxPJD-7xMdowTdSdA,business
Bar Milano,Toronto,44,,Harbourfront,"['Pizza', 'Italian', 'Bars', 'Nightlife', 'Restaurants']",43.639499,2.5,"['Alcohol: full_bar', ""Ambience: {'romantic': False, 'intimate': False, 'classy': False, 'hipster': False, 'touristy': False, 'trendy': False, 'upscale': False, 'casual': True}"", 'BikeParking: True', 'BusinessAcceptsCreditCards: True', ""BusinessParking: {'garage': True, 'street': False, 'validated': False, 'lot': False, 'valet': False}"", 'Caters: False', 'CoatCheck: False', 'GoodForDancing: False', 'GoodForKids: True', ""GoodForMeal: {'dessert': False, 'latenight': False, 'lunch': False, 'dinner': True, 'breakfast': False, 'brunch': False}"", 'HappyHour: True', 'HasTV: True', ""Music: {'dj': False, 'background_music': False, 'no_music': False, 'karaoke': False, 'live': False, 'video': False, 'jukebox': False}"", 'NoiseLevel: average', 'OutdoorSeating: True', 'RestaurantsAttire: casual', 'RestaurantsDelivery: False', 'RestaurantsGoodForGroups: True', 'RestaurantsPriceRange2: 2', 'RestaurantsReservations: True', 'RestaurantsTableService: True', 'RestaurantsTakeOut: True', 'Smoking: no', 'WiFi: no']",-79.3808612,207 Queens Quay W,M5J 1A7,ON,1,gMONN1bKUHlNKPrYGSADLQ,business
BnD'z Burgerz & Dogz,South Park Township,53,"['Monday 11:0-21:0', 'Tuesday 11:0-21:0', 'Wednesday 11:0-21:0', 'Thursday 11:0-21:0', 'Friday 11:0-22:0', 'Saturday 11:0-22:0', 'Sunday 11:0-20:0']",,"['Restaurants', 'American (Traditional)', 'Hot Dogs', 'Burgers']",40.28694,4.0,"['Alcohol: none', ""Ambience: {'romantic': False, 'intimate': False, 'classy': False, 'hipster': False, 'divey': False, 'touristy': False, 'trendy': False, 'upscale': False, 'casual': True}"", 'BikeParking: True', 'BusinessAcceptsCreditCards: True', ""BusinessParking: {'garage': False, 'street': False, 'validated': False, 'lot': True, 'valet': False}"", 'Caters: True', 'DriveThru: False', 'GoodForKids: True', ""GoodForMeal: {'dessert': False, 'latenight': False, 'lunch': True, 'dinner': False, 'breakfast': False, 'brunch': False}"", 'HasTV: True', 'NoiseLevel: average', 'OutdoorSeating: True', 'RestaurantsAttire: casual', 'RestaurantsDelivery: False', 'RestaurantsGoodForGroups: True', 'RestaurantsPriceRange2: 2', 'RestaurantsReservations: False', 'RestaurantsTableService: False', 'RestaurantsTakeOut: True', 'WiFi: free']",-80.021663,4120 Brownsville Rd,15129,PA,1,bud7jZeGsrzv_3un3ov-mw,business
Stern Kebap,Ludwigsburg,3,,,"['Food', 'Restaurants', 'Kebab']",48.89595,4.5,"[""Ambience: {'romantic': False, 'intimate': False, 'classy': False, 'hipster': False, 'touristy': False, 'trendy': False, 'upscale': False, 'casual': False}"", 'BusinessAcceptsCreditCards: False', ""BusinessParking: {'garage': False, 'street': False, 'validated': False, 'lot': False, 'valet': False}"", 'Caters: True', 'GoodForKids: True', ""GoodForMeal: {'dessert': False, 'latenight': False, 'lunch': False, 'dinner': False, 'breakfast': False, 'brunch': False}"", 'HasTV: True', 'NoiseLevel: average', 'OutdoorSeating: True', 'RestaurantsDelivery: False', 'RestaurantsGoodForGroups: True', 'RestaurantsPriceRange2: 1', 'RestaurantsReservations: False', 'RestaurantsTableService: True', 'RestaurantsTakeOut: True']",9.19046,Seestr. 1,71638,BW,1,L4fuctD9rnr0HLha3xy1bw,business
Jo Jo China Bistro,Charlotte,35,"['Monday 11:30-15:0', 'Tuesday 11:30-15:0', 'Wednesday 11:30-15:0', 'Thursday 11:30-15:0', 'Friday 11:30-15:0', 'Saturday 11:30-15:0', 'Sunday 11:30-15:0']",,"['Restaurants', 'Chinese']",35.061319,3.5,"['Alcohol: full_bar', ""Ambience: {'romantic': False, 'intimate': False, 'classy': False, 'hipster': False, 'divey': False, 'touristy': False, 'trendy': False, 'upscale': False, 'casual': True}"", 'BusinessAcceptsCreditCards: True', ""BusinessParking: {'garage': False, 'street': False, 'validated': False, 'lot': True, 'valet': False}"", 'GoodForKids: True', ""GoodForMeal: {'dessert': False, 'latenight': False, 'lunch': True, 'dinner': True, 'breakfast': False, 'brunch': False}"", 'HasTV: False', 'NoiseLevel: average', 'OutdoorSeating: True', 'RestaurantsAttire: casual', 'RestaurantsDelivery: True', 'RestaurantsGoodForGroups: True', 'RestaurantsPriceRange2: 2', 'RestaurantsReservations: True', 'RestaurantsTableService: True', 'RestaurantsTakeOut: True', 'WheelchairAccessible: True']",-80.814423,"7800 Rea Rd, Ste A",28277,NC,0,SBPttAVjzEnN3VE6sKiaMg,business
Movenpick Cafe,Toronto,9,,Downtown Core,"['Cafes', 'Restaurants']",43.6468999361,4.0,"[""Ambience: {'romantic': False, 'intimate': False, 'classy': False, 'hipster': False, 'touristy': False, 'trendy': False, 'upscale': False, 'casual': False}"", 'BusinessAcceptsCreditCards: True', 'GoodForKids: True', ""GoodForMeal: {'dessert': False, 'latenight': False, 'lunch': False, 'dinner': False, 'breakfast': False, 'brunch': False}"", 'HasTV: False', 'OutdoorSeating: False', 'RestaurantsAttire: casual', 'RestaurantsDelivery: False', 'RestaurantsGoodForGroups: False', 'RestaurantsPriceRange2: 2', 'RestaurantsReservations: False', 'RestaurantsTakeOut: True', 'WiFi: free', 'BikeParking: True']",-79.3772784761,42 Yonge Street,M5E 1X8,ON,1,R9OkSEvvQl6SACO9nmmEtQ,business
Choice of the Orient,Vaughan,8,"['Monday 12:0-23:0', 'Tuesday 12:0-23:0', 'Wednesday 12:0-23:0', 'Thursday 12:0-23:0', 'Friday 12:0-23:0', 'Saturday 15:30-0:0', 'Sunday 15:30-23:0']",Woodbridge,"['Chinese', 'Restaurants']",43.7764587,4.0,"['Alcohol: full_bar', ""Ambience: {'romantic': False, 'intimate': False, 'classy': False, 'hipster': False, 'touristy': False, 'trendy': False, 'upscale': False, 'casual': False}"", 'BusinessAcceptsCreditCards: True', ""BusinessParking: {'garage': False, 'street': False, 'validated': False, 'lot': True, 'valet': False}"", 'Caters: True', 'GoodForKids: True', ""GoodForMeal: {'dessert': False, 'latenight': False, 'lunch': True, 'dinner': False, 'breakfast': False, 'brunch': False}"", 'HasTV: False', 'NoiseLevel: average', 'OutdoorSeating: False', 'RestaurantsAttire: casual', 'RestaurantsDelivery: True', 'RestaurantsGoodForGroups: True', 'RestaurantsPriceRange2: 2', 'RestaurantsReservations: True', 'RestaurantsTableService: True', 'RestaurantsTakeOut: True', 'WheelchairAccessible: True']",-79.6106122,7766 Martin Grove,L4L 9S2,ON,1,mevOvXMnlTLbSl4w8fcG2A,business
Donte's Pizzeria,Pittsburgh,31,"['Monday 11:0-22:0', 'Tuesday 11:0-22:0', 'Wednesday 11:0-22:0', 'Thursday 11:0-22:0', 'Friday 11:0-23:0', 'Saturday 11:0-23:0', 'Sunday 12:0-20:0']",,"['Restaurants', 'Pizza']",40.31836,4.5,"['Alcohol: none', ""Ambience: {'romantic': False, 'intimate': False, 'classy': False, 'hipster': False, 'divey': False, 'touristy': False, 'trendy': False, 'upscale': False, 'casual': True}"", 'BikeParking: False', 'BusinessAcceptsBitcoin: False', 'BusinessAcceptsCreditCards: True', ""BusinessParking: {'garage': False, 'street': False, 'validated': False, 'lot': True, 'valet': False}"", 'Caters: False', 'GoodForKids: True', ""GoodForMeal: {'dessert': False, 'latenight': False, 'lunch': True, 'dinner': True, 'breakfast': False, 'brunch': False}"", 'HasTV: True', 'NoiseLevel: average', 'OutdoorSeating: False', 'RestaurantsAttire: casual', 'RestaurantsDelivery: False', 'RestaurantsGoodForGroups: True', 'RestaurantsPriceRange2: 1', 'RestaurantsReservations: False', 'RestaurantsTableService: True', 'RestaurantsTakeOut: True', 'WiFi: free']",-79.9958954,6409 Brownsville Rd,15236,PA,1,ym7uH6ZpCfKQ1Of7eaYGCA,business
Streets of New York,Scottsdale,59,"['Monday 10:30-21:30', 'Tuesday 10:30-21:30', 'Wednesday 10:30-21:30', 'Thursday 10:30-21:30', 'Friday 10:30-22:30', 'Saturday 10:30-22:30', 'Sunday 11:0-21:30']",,"['Sandwiches', 'Italian', 'Restaurants', 'Pizza']",33.4806349,3.0,"['Alcohol: beer_and_wine', ""Ambience: {'romantic': False, 'intimate': False, 'classy': False, 'hipster': False, 'divey': False, 'touristy': False, 'trendy': False, 'upscale': False, 'casual': True}"", 'BikeParking: True', 'BusinessAcceptsBitcoin: False', 'BusinessAcceptsCreditCards: True', ""BusinessParking: {'garage': False, 'street': False, 'validated': False, 'lot': True, 'valet': False}"", 'Caters: True', 'DogsAllowed: False', 'GoodForKids: True', 'HasTV: True', 'NoiseLevel: average', 'OutdoorSeating: True', 'RestaurantsAttire: casual', 'RestaurantsDelivery: True', 'RestaurantsGoodForGroups: True', 'RestaurantsPriceRange2: 2', 'RestaurantsReservations: True', 'RestaurantsTableService: True', 'RestaurantsTakeOut: True', 'WheelchairAccessible: True', 'WiFi: free', ""GoodForMeal: {'dessert': False, 'latenight': False, 'lunch': True, 'dinner': True, 'breakfast': False, 'brunch': False}""]",-111.9360844,6730 E Thomas Rd,85251,AZ,1,I8QpDTJUZ6Mk5IQuQSG2pA,business
Native Grill & Wings,Mesa,109,"['Monday 10:30-23:0', 'Tuesday 10:30-23:0', 'Wednesday 10:30-23:0', 'Thursday 10:30-23:0', 'Friday 10:30-23:0', 'Saturday 10:30-23:0', 'Sunday 10:30-23:0']",,"['Bars', 'Restaurants', 'American (New)', 'Chicken Wings', 'Nightlife', 'American (Traditional)', 'Sports Bars']",33.3795059,3.0,"['Alcohol: full_bar', ""Ambience: {'romantic': False, 'intimate': False, 'classy': False, 'hipster': False, 'divey': False, 'touristy': False, 'trendy': False, 'upscale': False, 'casual': True}"", ""BestNights: {'monday': False, 'tuesday': True, 'friday': False, 'wednesday': False, 'thursday': True, 'sunday': True, 'saturday': False}"", 'BikeParking: True', 'BusinessAcceptsCreditCards: True', ""BusinessParking: {'garage': False, 'street': False, 'validated': False, 'lot': True, 'valet': False}"", 'Caters: False', 'CoatCheck: False', 'GoodForDancing: False', 'GoodForKids: True', 'HappyHour: True', 'HasTV: True', ""Music: {'dj': False, 'background_music': False, 'no_music': False, 'karaoke': False, 'live': False, 'video': False, 'jukebox': True}"", 'NoiseLevel: average', 'OutdoorSeating: True', 'RestaurantsAttire: casual', 'RestaurantsDelivery: False', 'RestaurantsGoodForGroups: True', 'RestaurantsPriceRange2: 2', 'RestaurantsReservations: False', 'RestaurantsTableService: True', 'RestaurantsTakeOut: True', 'Smoking: no', 'WiFi: free', ""GoodForMeal: {'dessert': False, 'latenight': True, 'lunch': False, 'dinner': False, 'breakfast': False, 'brunch': False}""]",-111.5989752,"1947 S Signal Butte, Ste A",85209,AZ,1,9Wc9cypUeTtjkoPLkPsF-g,business
Ladybug House of Sandwiches,Phoenix,87,"['Monday 9:0-14:0', 'Tuesday 9:0-14:0', 'Wednesday 9:0-14:0', 'Thursday 9:0-14:0', 'Friday 9:0-14:0', 'Saturday 9:0-14:0']",,"['Sandwiches', 'Delis', 'Burgers', 'Restaurants']",33.4660663,4.0,"['Alcohol: none', ""Ambience: {'romantic': False, 'intimate': False, 'classy': False, 'hipster': False, 'divey': False, 'touristy': False, 'trendy': False, 'upscale': False, 'casual': True}"", 'BikeParking: True', 'BusinessAcceptsCreditCards: True', ""BusinessParking: {'garage': False, 'street': False, 'validated': False, 'lot': True, 'valet': False}"", 'Caters: True', 'DriveThru: False', 'GoodForKids: True', ""GoodForMeal: {'dessert': False, 'latenight': False, 'lunch': True, 'dinner': False, 'breakfast': False, 'brunch': False}"", 'HasTV: False', 'NoiseLevel: average', 'OutdoorSeating: True', 'RestaurantsAttire: casual', 'RestaurantsDelivery: True', 'RestaurantsGoodForGroups: True', 'RestaurantsPriceRange2: 1', 'RestaurantsReservations: False', 'RestaurantsTableService: False', 'RestaurantsTakeOut: True', 'WheelchairAccessible: True', 'WiFi: no']",-112.0582801,1611 N 11th St,85006,AZ,1,M95OX2nED7rjPxOURJtOCg,business
Lola's A Louisana Kitchen,Las Vegas,811,"['Monday 11:0-21:0', 'Tuesday 11:0-21:0', 'Wednesday 11:0-21:0', 'Thursday 11:0-21:0', 'Friday 11:0-22:0', 'Saturday 12:0-22:0']",Downtown,"['Cajun/Creole', 'Restaurants']",36.158293,4.0,"['Alcohol: beer_and_wine', ""Ambience: {'romantic': False, 'intimate': False, 'classy': False, 'hipster': False, 'divey': False, 'touristy': False, 'trendy': False, 'upscale': False, 'casual': True}"", 'BikeParking: True', 'BusinessAcceptsCreditCards: True', ""BusinessParking: {'garage': False, 'street': False, 'validated': False, 'lot': True, 'valet': False}"", 'Caters: False', 'GoodForKids: True', ""GoodForMeal: {'dessert': False, 'latenight': False, 'lunch': True, 'dinner': True, 'breakfast': False, 'brunch': False}"", 'HasTV: True', 'NoiseLevel: average', 'OutdoorSeating: True', 'RestaurantsAttire: casual', 'RestaurantsDelivery: False', 'RestaurantsGoodForGroups: True', 'RestaurantsPriceRange2: 2', 'RestaurantsReservations: True', 'RestaurantsTableService: True', 'RestaurantsTakeOut: True', 'WheelchairAccessible: True', 'WiFi: no']",-115.1579886,"241 W Charleston Blvd, Ste 101",89102,NV,1,uWECX6-Uq9n8v5ipk9R29A,business
Zauberküche,Stuttgart,7,,,"['Kebab', 'Restaurants']",48.7664,4.0,"['Alcohol: none', ""Ambience: {'romantic': False, 'intimate': False, 'classy': False, 'hipster': False, 'touristy': False, 'trendy': False, 'upscale': False, 'casual': False}"", 'BusinessAcceptsCreditCards: False', ""BusinessParking: {'garage': False, 'street': False, 'validated': False, 'lot': False, 'valet': False}"", 'Caters: True', 'GoodForKids: True', ""GoodForMeal: {'dessert': False, 'latenight': False, 'lunch': False, 'dinner': False, 'breakfast': False, 'brunch': False}"", 'HasTV: False', 'NoiseLevel: average', 'RestaurantsAttire: casual', 'RestaurantsDelivery: False', 'RestaurantsGoodForGroups: False', 'RestaurantsPriceRange2: 1', 'RestaurantsReservations: False', 'RestaurantsTableService: False', 'RestaurantsTakeOut: True', 'WiFi: no']",9.17835,Neue Weinsteige 4,70180,BW,1,87h2zRYYyNSlU2TOd9Q72Q,business
Rutland Hotel,Edinburgh,22,"['Monday 9:0-1:0', 'Tuesday 9:0-1:0', 'Wednesday 9:0-1:0', 'Thursday 9:0-1:0', 'Friday 9:0-1:0', 'Saturday 9:0-1:0', 'Sunday 9:0-1:0']",New Town,"['Hotels', 'Nightlife', 'Hotels & Travel', 'Bars', 'Event Planning & Services', 'Restaurants']",55.949949,3.5,"['BusinessAcceptsCreditCards: True', 'RestaurantsPriceRange2: 3', 'WiFi: free']",-3.2078167,1-3 Rutland Street,EH1 2AE,EDH,1,Cl1GJCj28jn5Q6Z3oLOSoA,business
Las Famosas De Jose,Las Vegas,9,,Sunrise,"['Restaurants', 'Mexican']",36.1668853642,3.5,"['Alcohol: none', ""Ambience: {'romantic': False, 'intimate': False, 'classy': False, 'hipster': False, 'divey': False, 'touristy': False, 'trendy': False, 'upscale': False, 'casual': False}"", 'BikeParking: True', 'BusinessAcceptsCreditCards: True', ""BusinessParking: {'garage': False, 'street': False, 'validated': False, 'lot': False, 'valet': False}"", 'Caters: True', 'GoodForKids: True', ""GoodForMeal: {'dessert': False, 'latenight': False, 'lunch': False, 'dinner': False, 'breakfast': False, 'brunch': False}"", 'HasTV: False', 'NoiseLevel: average', 'OutdoorSeating: False', 'RestaurantsAttire: casual', 'RestaurantsDelivery: False', 'RestaurantsGoodForGroups: True', 'RestaurantsPriceRange2: 1', 'RestaurantsReservations: False', 'RestaurantsTableService: False', 'RestaurantsTakeOut: True', 'WiFi: no']",-115.061679392,400 N Nellis Blvd,89110,NV,0,KTQHeWmwLxDQEt7GN7n3pA,business
Barro's Pizza,Laveen,69,"['Monday 10:30-22:0', 'Tuesday 10:30-22:0', 'Wednesday 10:30-22:0', 'Thursday 10:30-22:0', 'Friday 10:30-23:0', 'Saturday 10:30-23:0', 'Sunday 10:30-22:0']",,"['Pizza', 'Restaurants', 'Italian', 'Sandwiches']",33.3775851,4.0,"['Alcohol: beer_and_wine', ""Ambience: {'romantic': False, 'intimate': False, 'classy': False, 'hipster': False, 'divey': False, 'touristy': False, 'trendy': False, 'upscale': False, 'casual': True}"", 'BikeParking: True', 'BusinessAcceptsCreditCards: True', ""BusinessParking: {'garage': False, 'street': False, 'validated': False, 'lot': True, 'valet': False}"", 'Caters: True', 'GoodForKids: True', ""GoodForMeal: {'dessert': False, 'latenight': False, 'lunch': True, 'dinner': True, 'breakfast': False, 'brunch': False}"", 'HasTV: True', 'NoiseLevel: average', 'OutdoorSeating: False', 'RestaurantsAttire: casual', 'RestaurantsDelivery: True', 'RestaurantsGoodForGroups: True', 'RestaurantsPriceRange2: 1', 'RestaurantsReservations: False', 'RestaurantsTableService: False', 'RestaurantsTakeOut: True', 'WiFi: no']",-112.1733455,"5240 W Baseline Rd, Ste 110",85339,AZ,1,18NP-qL3VIJEBJGpns7aTw,business
Which Wich,Gilbert,59,"['Monday 10:0-20:30', 'Tuesday 10:0-20:30', 'Wednesday 10:0-20:30', 'Thursday 10:0-20:30', 'Friday 10:0-21:0', 'Saturday 10:0-21:0', 'Sunday 11:0-19:0']",,"['Sandwiches', 'Restaurants']",33.2995204405,4.0,"['Alcohol: none', ""Ambience: {'romantic': False, 'intimate': False, 'classy': False, 'hipster': False, 'divey': False, 'touristy': False, 'trendy': False, 'upscale': False, 'casual': True}"", 'BikeParking: True', 'BusinessAcceptsCreditCards: True', ""BusinessParking: {'garage': False, 'street': False, 'validated': False, 'lot': True, 'valet': False}"", 'Caters: True', 'GoodForKids: True', ""GoodForMeal: {'dessert': False, 'latenight': False, 'lunch': True, 'dinner': False, 'breakfast': False, 'brunch': False}"", 'HasTV: True', 'NoiseLevel: average', 'OutdoorSeating: True', 'RestaurantsAttire: casual', 'RestaurantsDelivery: False', 'RestaurantsGoodForGroups: True', 'RestaurantsPriceRange2: 1', 'RestaurantsReservations: False', 'RestaurantsTableService: False', 'RestaurantsTakeOut: True', 'WheelchairAccessible: True', 'WiFi: free']",-111.743257284,"2795 S Market St, Ste 110",85296,AZ,1,fl34c5BlCWmSL_BQk-cnaQ,business
La Parisienne Creperie,Oakville,15,"['Tuesday 11:30-14:30', 'Tuesday 17:30-21:0', 'Wednesday 11:30-14:30', 'Wednesday 17:30-21:0', 'Thursday 11:30-14:30', 'Thursday 17:30-21:0', 'Friday 11:30-14:30', 'Friday 17:30-21:0', 'Saturday 10:30-14:30', 'Sunday 10:30-14:30']",,"['French', 'Restaurants', 'Creperies']",43.3942002,4.0,"[""Ambience: {'romantic': False, 'intimate': False, 'classy': False, 'hipster': False, 'touristy': False, 'trendy': False, 'upscale': False, 'casual': False}"", 'GoodForKids: False', ""GoodForMeal: {'dessert': False, 'latenight': False, 'lunch': False, 'dinner': False, 'breakfast': False, 'brunch': False}"", 'OutdoorSeating: False', 'RestaurantsAttire: casual', 'RestaurantsDelivery: False', 'RestaurantsGoodForGroups: True', 'RestaurantsPriceRange2: 3', 'RestaurantsReservations: True']",-79.7112713,93 Bronte Road,L6L 3B7,ON,1,6tlbZydPbL0Q3_eolg2OJA,business
Barrelhouse American Kitchen & Cocktails,Chandler,172,"['Monday 16:0-21:0', 'Tuesday 16:0-21:0', 'Wednesday 16:0-21:0', 'Thursday 11:0-22:0', 'Friday 11:0-22:0', 'Saturday 11:0-22:0']",,"['American (New)', 'Restaurants']",33.3360124073,4.0,"['Alcohol: full_bar', ""Ambience: {'romantic': False, 'intimate': False, 'classy': False, 'hipster': False, 'divey': False, 'touristy': False, 'trendy': False, 'upscale': False, 'casual': True}"", 'BikeParking: True', 'BusinessAcceptsCreditCards: True', ""BusinessParking: {'garage': False, 'street': False, 'validated': False, 'lot': True, 'valet': False}"", 'Caters: True', 'DogsAllowed: False', 'GoodForKids: False', ""GoodForMeal: {'dessert': False, 'latenight': False, 'lunch': False, 'dinner': True, 'breakfast': False, 'brunch': False}"", 'HasTV: True', 'NoiseLevel: average', 'OutdoorSeating: False', 'RestaurantsAttire: casual', 'RestaurantsDelivery: False', 'RestaurantsGoodForGroups: True', 'RestaurantsPriceRange2: 2', 'RestaurantsReservations: True', 'RestaurantsTableService: True', 'RestaurantsTakeOut: True', 'WheelchairAccessible: True', 'WiFi: free']",-111.859687015,"2050 N Alma School Rd, Ste 8",85224,AZ,0,-MKWJZnMjSit406AUKf7Pg,business
Ingrid's Lunch Box,Madison,8,"['Monday 11:0-14:0', 'Tuesday 11:0-14:0', 'Wednesday 11:0-14:0', 'Thursday 11:0-14:0', 'Friday 11:0-14:0', 'Saturday 6:0-13:0']",Capitol,"['Restaurants', 'Food Stands']",43.0747905,4.5,"['Alcohol: none', 'BusinessAcceptsCreditCards: False', ""BusinessParking: {'garage': False, 'street': False, 'validated': False, 'lot': False, 'valet': False}"", 'GoodForKids: True', ""GoodForMeal: {'dessert': False, 'latenight': False, 'lunch': False, 'dinner': False, 'breakfast': False, 'brunch': False}"", 'RestaurantsDelivery: False', 'RestaurantsGoodForGroups: False', 'RestaurantsPriceRange2: 2', 'RestaurantsReservations: False', 'RestaurantsTableService: False', 'RestaurantsTakeOut: True', 'WheelchairAccessible: True']",-89.3908156,State St,53703,WI,0,w5eLKjDBu8N_tHtXKe4j-g,business
Lick's Homeburgers & Ice Cream,Etobicoke,14,,Etobicoke,"['Restaurants', 'Burgers']",43.6175223,2.5,"['Alcohol: none', ""Ambience: {'romantic': False, 'intimate': False, 'classy': False, 'hipster': False, 'touristy': False, 'trendy': False, 'upscale': False, 'casual': True}"", 'BusinessAcceptsCreditCards: True', ""BusinessParking: {'garage': False, 'street': False, 'validated': False, 'lot': True, 'valet': False}"", 'Caters: False', 'DriveThru: False', 'GoodForKids: True', ""GoodForMeal: {'dessert': False, 'latenight': False, 'lunch': False, 'dinner': False, 'breakfast': False, 'brunch': False}"", 'HasTV: True', 'NoiseLevel: quiet', 'OutdoorSeating: True', 'RestaurantsAttire: casual', 'RestaurantsDelivery: False', 'RestaurantsGoodForGroups: True', 'RestaurantsPriceRange2: 1', 'RestaurantsReservations: False', 'RestaurantsTableService: False', 'RestaurantsTakeOut: True']",-79.5418586,1585 The Queensway,M8Z 1T8,ON,0,FleRXTATXSRDuVS-5x_N7Q,business
Big Guys Pizza,Bridgeville,11,"['Monday 11:0-23:0', 'Tuesday 11:0-23:0', 'Wednesday 11:0-23:0', 'Thursday 11:0-23:0', 'Friday 11:0-0:0', 'Saturday 11:0-0:0', 'Sunday 11:0-23:0']",,"['Restaurants', 'Food', 'Pizza', 'Specialty Food']",40.359658,2.5,"['Alcohol: none', ""Ambience: {'romantic': False, 'intimate': False, 'classy': False, 'hipster': False, 'divey': False, 'touristy': False, 'trendy': False, 'upscale': False, 'casual': False}"", 'BikeParking: True', 'BusinessAcceptsCreditCards: True', ""BusinessParking: {'garage': False, 'street': False, 'validated': False, 'lot': False, 'valet': False}"", 'GoodForKids: True', ""GoodForMeal: {'dessert': False, 'latenight': False, 'lunch': False, 'dinner': False, 'breakfast': False, 'brunch': False}"", 'HasTV: True', 'NoiseLevel: average', 'OutdoorSeating: False', 'RestaurantsAttire: casual', 'RestaurantsDelivery: True', 'RestaurantsGoodForGroups: True', 'RestaurantsPriceRange2: 1', 'RestaurantsReservations: False', 'RestaurantsTableService: False', 'RestaurantsTakeOut: True']",-80.1102325,435 Bower Hill Rd,15017,PA,1,-HLGtKB3XtyawZAuvNoQjQ,business
Pizza Pazza,Ostfildern,5,"['Monday 11:0-23:0', 'Tuesday 11:0-23:0', 'Wednesday 11:0-23:0', 'Thursday 11:0-23:0', 'Friday 11:0-23:0', 'Saturday 11:0-23:0', 'Sunday 11:0-23:0']",,"['Restaurants', 'Pizza', 'Vegetarian', 'Italian', 'Mediterranean']",48.7135,4.0,"['Alcohol: full_bar', ""Ambience: {'romantic': False, 'intimate': False, 'classy': False, 'hipster': False, 'touristy': False, 'trendy': False, 'upscale': False, 'casual': False}"", 'BusinessAcceptsCreditCards: False', ""BusinessParking: {'garage': False, 'street': False, 'validated': False, 'lot': False, 'valet': False}"", 'Caters: True', 'DogsAllowed: False', 'GoodForKids: False', 'HasTV: True', 'OutdoorSeating: True', 'RestaurantsAttire: casual', 'RestaurantsDelivery: True', 'RestaurantsGoodForGroups: False', 'RestaurantsPriceRange2: 2', 'RestaurantsReservations: True', 'RestaurantsTableService: True', 'RestaurantsTakeOut: True']",9.29424,Riegelstr. 50,73760,BW,1,GwcyEVqXpUNJvr6UPGJkQQ,business
Curry Bowl,Chandler,23,"['Monday 11:0-21:30', 'Tuesday 11:0-21:30', 'Wednesday 11:0-21:30', 'Thursday 11:0-21:30', 'Friday 11:0-21:30', 'Saturday 11:0-21:30', 'Sunday 11:0-21:30']",,"['Food', 'Restaurants', 'Desserts', 'Indian', 'Vegetarian']",33.2324404,4.5,"[""Ambience: {'romantic': False, 'intimate': False, 'classy': False, 'hipster': False, 'divey': False, 'touristy': False, 'trendy': False, 'upscale': False, 'casual': False}"", 'BusinessAcceptsCreditCards: True', 'GoodForKids: True', 'HasTV: True', 'OutdoorSeating: True', 'RestaurantsAttire: casual', 'RestaurantsDelivery: False', 'RestaurantsGoodForGroups: True', 'RestaurantsReservations: True', 'RestaurantsTakeOut: True', 'WiFi: no', 'Caters: True', 'RestaurantsPriceRange2: 2', 'Alcohol: beer_and_wine', ""GoodForMeal: {'dessert': False, 'latenight': False, 'lunch': True, 'dinner': False, 'breakfast': False, 'brunch': True}"", 'NoiseLevel: average', 'BikeParking: True', ""BusinessParking: {'garage': False, 'street': False, 'validated': False, 'lot': False, 'valet': False}"", 'RestaurantsTableService: True']",-111.8569985,"955 W Chandler Heights Rd, Ste 1",85248,AZ,1,ZBF80rNCePZyv9HbmaRBNQ,business
Crazy Egg Cafe,WICKLIFFE,24,"['Monday 7:0-14:0', 'Tuesday 7:0-14:0', 'Wednesday 7:0-14:0', 'Thursday 7:0-14:0', 'Friday 7:0-14:0', 'Saturday 7:0-14:0', 'Sunday 7:0-14:0']",,"['Restaurants', 'American (Traditional)', 'Salad']",41.6204477169,4.0,"['Alcohol: none', ""Ambience: {'romantic': False, 'intimate': False, 'classy': False, 'hipster': False, 'divey': False, 'touristy': False, 'trendy': False, 'upscale': False, 'casual': True}"", 'BikeParking: True', 'BusinessAcceptsBitcoin: False', 'BusinessAcceptsCreditCards: False', ""BusinessParking: {'garage': False, 'street': False, 'validated': False, 'lot': True, 'valet': False}"", 'Caters: True', 'DogsAllowed: False', 'GoodForKids: True', 'HasTV: False', 'NoiseLevel: quiet', 'OutdoorSeating: False', 'RestaurantsAttire: casual', 'RestaurantsDelivery: False', 'RestaurantsGoodForGroups: True', 'RestaurantsPriceRange2: 1', 'RestaurantsReservations: True', 'RestaurantsTableService: True', 'RestaurantsTakeOut: True', 'WheelchairAccessible: True', 'WiFi: no', ""GoodForMeal: {'dessert': False, 'latenight': False, 'lunch': True, 'dinner': False, 'breakfast': True, 'brunch': True}""]",-81.4566147461,1237 E 305th St,44092,OH,1,KAgQ0bua30vuMZUmRHWcKQ,business
Thai Basil,Richmond Hill,127,"['Monday 11:30-22:0', 'Tuesday 11:30-22:0', 'Wednesday 11:30-22:0', 'Thursday 11:30-22:0', 'Friday 11:30-23:0', 'Saturday 11:30-23:0', 'Sunday 11:30-22:0']",,"['Thai', 'Restaurants']",43.8764767988,3.5,"['Alcohol: full_bar', ""Ambience: {'romantic': False, 'intimate': False, 'classy': False, 'hipster': False, 'touristy': False, 'trendy': False, 'upscale': False, 'casual': True}"", 'BikeParking: True', 'BusinessAcceptsCreditCards: True', ""BusinessParking: {'garage': False, 'street': False, 'validated': False, 'lot': True, 'valet': False}"", 'Caters: True', 'GoodForKids: True', ""GoodForMeal: {'dessert': False, 'latenight': False, 'lunch': True, 'dinner': True, 'breakfast': False, 'brunch': False}"", 'HasTV: False', 'NoiseLevel: average', 'OutdoorSeating: False', 'RestaurantsAttire: casual', 'RestaurantsDelivery: True', 'RestaurantsGoodForGroups: True', 'RestaurantsPriceRange2: 2', 'RestaurantsReservations: True', 'RestaurantsTableService: True', 'RestaurantsTakeOut: True', 'WheelchairAccessible: True', 'WiFi: no']",-79.4116175463,"1070 Major Mackenzie Dr E, Ste F103",L4S 1P3,ON,1,ZK-R-CcMrjuQKl9G910OWQ,business
Michael Mina Pub 1842,Las Vegas,501,"['Monday 11:30-22:0', 'Thursday 11:30-22:0', 'Friday 11:30-23:0', 'Saturday 11:30-23:0', 'Sunday 10:0-22:0']",Eastside,"['Gastropubs', 'Restaurants', 'Irish', 'Pubs', 'Nightlife', 'Bars']",36.1030179172,4.0,"['Alcohol: full_bar', ""Ambience: {'romantic': False, 'intimate': False, 'classy': False, 'hipster': False, 'divey': False, 'touristy': False, 'trendy': False, 'upscale': False, 'casual': True}"", ""BestNights: {'monday': True, 'tuesday': False, 'friday': True, 'wednesday': False, 'thursday': False, 'sunday': False, 'saturday': True}"", 'BikeParking: False', 'BusinessAcceptsCreditCards: True', ""BusinessParking: {'garage': True, 'street': False, 'validated': False, 'lot': False, 'valet': False}"", 'Caters: False', 'CoatCheck: False', 'GoodForDancing: False', 'GoodForKids: False', ""GoodForMeal: {'dessert': False, 'latenight': False, 'lunch': True, 'dinner': True, 'breakfast': False, 'brunch': False}"", 'HappyHour: True', 'HasTV: True', ""Music: {'dj': False, 'background_music': False, 'no_music': False, 'karaoke': False, 'live': False, 'video': False, 'jukebox': False}"", 'NoiseLevel: average', 'OutdoorSeating: False', 'RestaurantsAttire: casual', 'RestaurantsDelivery: False', 'RestaurantsGoodForGroups: True', 'RestaurantsPriceRange2: 2', 'RestaurantsReservations: True', 'RestaurantsTableService: True', 'RestaurantsTakeOut: True', 'Smoking: no', 'WheelchairAccessible: True', 'WiFi: no']",-115.167688876,3799 Las Vegas Blvd S,89109,NV,1,YnmtUJGqQIQL9tz1MRyfqA,business
Cafe Montmartre,Madison,29,"['Monday 11:0-2:0', 'Tuesday 11:0-2:0', 'Wednesday 11:0-2:0', 'Thursday 11:0-2:0', 'Friday 11:0-2:30', 'Saturday 17:0-2:30', 'Sunday 19:0-2:0']",Capitol,"['Wine Bars', 'Restaurants', 'Bars', 'Arts & Entertainment', 'Nightlife', 'Music Venues']",43.0768356,4.0,"['Alcohol: full_bar', ""BestNights: {'monday': True, 'tuesday': False, 'friday': False, 'wednesday': False, 'thursday': False, 'sunday': False, 'saturday': False}"", 'BusinessAcceptsCreditCards: True', ""BusinessParking: {'garage': True, 'street': True, 'validated': False, 'lot': False, 'valet': False}"", 'CoatCheck: False', 'GoodForKids: False', ""GoodForMeal: {'dessert': True, 'latenight': True, 'lunch': False, 'dinner': False, 'breakfast': False, 'brunch': False}"", 'HappyHour: True', ""Music: {'dj': True, 'background_music': False, 'no_music': False, 'karaoke': False, 'live': True, 'video': False, 'jukebox': False}"", 'OutdoorSeating: True', 'RestaurantsAttire: casual', 'RestaurantsCounterService: True', 'RestaurantsDelivery: False', 'RestaurantsGoodForGroups: True', 'RestaurantsPriceRange2: 2', 'RestaurantsReservations: False', 'RestaurantsTableService: True', 'RestaurantsTakeOut: True', 'Smoking: outdoor', 'WheelchairAccessible: True']",-89.3833003,127 E Mifflin St,53703,WI,0,1-wuGggkiX5rGS6e2qTP7Q,business
Cafe Soleil,Madison,25,,Capitol,['Restaurants'],43.076314,4.5,"['Alcohol: none', 'BusinessAcceptsCreditCards: True', ""BusinessParking: {'garage': True, 'street': True, 'validated': False, 'lot': False, 'valet': False}"", 'GoodForKids: True', ""GoodForMeal: {'dessert': False, 'latenight': False, 'lunch': True, 'dinner': False, 'breakfast': True, 'brunch': True}"", 'OutdoorSeating: False', 'RestaurantsAttire: casual', 'RestaurantsCounterService: True', 'RestaurantsDelivery: False', 'RestaurantsGoodForGroups: True', 'RestaurantsPriceRange2: 1', 'RestaurantsReservations: False', 'RestaurantsTableService: False', 'RestaurantsTakeOut: True', 'WheelchairAccessible: True']",-89.3837429,25 N Pinckney St,53703,WI,0,lk9FXwKCOxIvXAWF8zr_Zg,business
El Cochinito Contento,Las Vegas,4,,Eastside,"['Mexican', 'Restaurants']",36.1146968537,5.0,"[""Ambience: {'romantic': False, 'intimate': False, 'classy': False, 'hipster': False, 'divey': False, 'touristy': False, 'trendy': False, 'upscale': False, 'casual': False}"", 'BikeParking: True', 'BusinessAcceptsCreditCards: True', ""BusinessParking: {'garage': False, 'street': False, 'validated': False, 'lot': False, 'valet': False}"", 'GoodForKids: True', ""GoodForMeal: {'dessert': False, 'latenight': False, 'lunch': False, 'dinner': False, 'breakfast': False, 'brunch': False}"", 'HasTV: True', 'OutdoorSeating: False', 'RestaurantsAttire: casual', 'RestaurantsDelivery: False', 'RestaurantsGoodForGroups: True', 'RestaurantsPriceRange2: 1', 'RestaurantsReservations: False', 'RestaurantsTableService: True', 'RestaurantsTakeOut: True']",-115.100319125,3425 E Flamingo Rd,89121,NV,1,pzhjeutsSFcFEDbLp67oeg,business
Boneyard West Lake LLC,Westlake,11,,,"['Barbeque', 'Sandwiches', 'Restaurants', 'Burgers']",41.474893,2.5,"['Alcohol: full_bar', ""Ambience: {'romantic': False, 'intimate': False, 'classy': False, 'hipster': False, 'divey': False, 'touristy': False, 'trendy': False, 'upscale': False, 'casual': False}"", 'BusinessAcceptsCreditCards: True', ""BusinessParking: {'garage': False, 'street': False, 'validated': False, 'lot': False, 'valet': False}"", 'Caters: False', 'DriveThru: False', 'GoodForKids: False', 'HasTV: True', 'NoiseLevel: average', 'OutdoorSeating: True', 'RestaurantsAttire: casual', 'RestaurantsGoodForGroups: True', 'RestaurantsPriceRange2: 2', 'RestaurantsReservations: False', 'RestaurantsTableService: True', 'RestaurantsTakeOut: True', 'WiFi: free']",-81.896429,24940 Sperry Dr,44145,OH,0,1_yXNlfbGSn3pGjzNB99Yw,business
Burger King,Chesterland,3,,,"['Burgers', 'Restaurants']",41.521504,2.5,,-81.339941,8459 Mayfield Rd,44026,OH,1,quYlYKkiZ5qRLdu-_hew7g,business
Buffet Vichy St Hubert,Saint-Hubert,3,,Brossard,"['Buffets', 'Restaurants']",45.4994666,2.5,"['Alcohol: full_bar', ""Ambience: {'romantic': False, 'intimate': False, 'classy': False, 'hipster': False, 'touristy': False, 'trendy': False, 'upscale': False, 'casual': False}"", 'BikeParking: True', 'BusinessAcceptsCreditCards: True', 'GoodForKids: True', ""GoodForMeal: {'dessert': False, 'latenight': False, 'lunch': False, 'dinner': False, 'breakfast': False, 'brunch': False}"", 'HasTV: False', 'NoiseLevel: average', 'OutdoorSeating: False', 'RestaurantsAttire: casual', 'RestaurantsDelivery: False', 'RestaurantsGoodForGroups: True', 'RestaurantsPriceRange2: 2', 'RestaurantsReservations: True', 'RestaurantsTableService: True', 'RestaurantsTakeOut: True', 'WiFi: no']",-73.4866858,2901 Bd Taschereau,J4T 3K1,QC,1,yLURgS2DqvYyPjgqmH41Zg,business
Antonios Pizza,Solon,8,,,"['Italian', 'Restaurants', 'Food Delivery Services', 'Pizza', 'Food']",41.3805750447,2.5,"['Alcohol: none', ""Ambience: {'romantic': False, 'intimate': False, 'classy': False, 'hipster': False, 'divey': False, 'touristy': False, 'trendy': False, 'upscale': False, 'casual': False}"", 'BikeParking: False', 'BusinessAcceptsCreditCards: True', ""BusinessParking: {'garage': False, 'street': False, 'validated': False, 'lot': False, 'valet': False}"", 'Caters: True', 'GoodForKids: True', ""GoodForMeal: {'dessert': False, 'latenight': False, 'lunch': False, 'dinner': False, 'breakfast': False, 'brunch': False}"", 'HasTV: False', 'NoiseLevel: quiet', 'OutdoorSeating: False', 'RestaurantsAttire: casual', 'RestaurantsDelivery: True', 'RestaurantsGoodForGroups: False', 'RestaurantsPriceRange2: 2', 'RestaurantsReservations: False', 'RestaurantsTableService: False', 'RestaurantsTakeOut: True', 'WiFi: no']",-81.4293452996,34196 Aurora Rd,44139,OH,1,A4aU9qMO4yxv4q3dqHZjmw,business
Polka Dot Cow Cafe,Brampton,10,"['Monday 4:0-20:0', 'Tuesday 12:0-20:0', 'Wednesday 12:0-20:0', 'Thursday 12:0-20:0', 'Friday 12:0-20:0', 'Saturday 12:0-20:0', 'Sunday 12:0-20:0']",,"['Cafes', 'Restaurants']",43.7733396,3.5,"['BusinessAcceptsCreditCards: True', ""BusinessParking: {'garage': False, 'street': False, 'validated': False, 'lot': False, 'valet': False}"", 'GoodForKids: True', ""GoodForMeal: {'dessert': False, 'latenight': False, 'lunch': False, 'dinner': False, 'breakfast': False, 'brunch': False}"", 'HasTV: True', 'NoiseLevel: quiet', 'OutdoorSeating: False', 'RestaurantsAttire: casual', 'RestaurantsDelivery: False', 'RestaurantsGoodForGroups: True', 'RestaurantsPriceRange2: 1', 'RestaurantsReservations: False', 'RestaurantsTakeOut: True', 'WiFi: no']",-79.6630297,"4550 Ebenezer Road, Unit 14",L6P 2R2,ON,0,rdRFKQr-svTpG-KxVq2ZAw,business
Sonic Drive-In,Tolleson,5,"['Monday 7:0-0:0', 'Tuesday 7:0-0:0', 'Wednesday 7:0-0:0', 'Thursday 7:0-0:0', 'Friday 7:0-0:0', 'Saturday 7:0-0:0', 'Sunday 10:0-0:0']",,"['Fast Food', 'American (Traditional)', 'Restaurants']",33.4506411,1.0,"['Alcohol: none', 'BusinessAcceptsCreditCards: True', 'DriveThru: True', 'GoodForKids: True', ""GoodForMeal: {'dessert': False, 'latenight': False, 'lunch': False, 'dinner': False, 'breakfast': False, 'brunch': False}"", 'HasTV: False', 'OutdoorSeating: True', 'RestaurantsAttire: casual', 'RestaurantsDelivery: False', 'RestaurantsGoodForGroups: True', 'RestaurantsPriceRange2: 1', 'RestaurantsReservations: False', 'RestaurantsTakeOut: True']",-112.2657111,9552 W Van Buren St,85353,AZ,1,Z54cYVtBf1ojSRsgBg-GHg,business
Horizon Ridge Mini-Mart,Henderson,18,"['Monday 7:0-0:0', 'Tuesday 7:0-0:0', 'Wednesday 7:0-0:0', 'Thursday 7:0-0:0', 'Friday 7:0-0:0', 'Saturday 7:0-0:0', 'Sunday 7:0-0:0']",Anthem,"['Grocery', 'Restaurants', 'Beer', 'Wine & Spirits', 'Delis', 'Food']",35.9991191,4.5,"['BikeParking: True', 'BusinessAcceptsCreditCards: True', ""BusinessParking: {'garage': False, 'street': False, 'validated': False, 'lot': True, 'valet': False}"", 'RestaurantsPriceRange2: 1', 'RestaurantsTakeOut: True']",-115.1060048,"10575 S Eastern Ave, Ste 190",89052,NV,1,9zSNR-wM-0pVjaepqidcmg,business
Le Pourvoyeur,Montréal,46,"['Monday 15:0-3:0', 'Tuesday 15:0-3:0', 'Wednesday 15:0-3:0', 'Thursday 10:0-3:0', 'Friday 10:0-3:0', 'Saturday 10:0-3:0', 'Sunday 10:0-3:0']",Rosemont-La Petite-Patrie,"['Bars', 'Restaurants', 'Canadian (New)', 'Breakfast & Brunch', 'Nightlife', 'Pubs']",45.5360085,3.5,"['Alcohol: full_bar', ""Ambience: {'romantic': False, 'intimate': False, 'classy': False, 'hipster': False, 'touristy': False, 'trendy': False, 'upscale': False, 'casual': True}"", ""BestNights: {'monday': True, 'tuesday': True, 'friday': False, 'wednesday': True, 'thursday': False, 'sunday': False, 'saturday': False}"", 'BikeParking: True', 'BusinessAcceptsCreditCards: True', ""BusinessParking: {'garage': False, 'street': False, 'validated': False, 'lot': False, 'valet': False}"", 'Caters: False', 'CoatCheck: False', 'GoodForDancing: False', 'GoodForKids: False', 'HappyHour: True', 'NoiseLevel: very_loud', 'OutdoorSeating: True', 'RestaurantsAttire: casual', 'RestaurantsDelivery: False', 'RestaurantsGoodForGroups: True', 'RestaurantsPriceRange2: 2', 'RestaurantsReservations: True', 'RestaurantsTableService: True', 'RestaurantsTakeOut: True', 'WiFi: free', ""GoodForMeal: {'dessert': False, 'latenight': True, 'lunch': False, 'dinner': False, 'breakfast': False, 'brunch': False}"", 'HasTV: False', ""Music: {'dj': False, 'background_music': False, 'no_music': False, 'karaoke': False, 'live': False, 'video': False, 'jukebox': False}""]",-73.6163962,184 Jean Talon E,H2R 1S7,QC,1,jW_hNGlYJw2Q2ssYDHihfg,business
Hello Bistro,Pittsburgh,59,"['Monday 10:0-22:0', 'Tuesday 10:0-22:0', 'Wednesday 10:0-22:0', 'Thursday 10:0-22:0', 'Friday 10:0-22:0', 'Saturday 10:0-22:0', 'Sunday 10:0-22:0']",South Side,"['Restaurants', 'Cafes', 'Burgers', 'Salad']",40.428359,3.5,"['Alcohol: none', ""Ambience: {'romantic': False, 'intimate': False, 'classy': False, 'hipster': False, 'divey': False, 'touristy': False, 'trendy': False, 'upscale': False, 'casual': True}"", 'BikeParking: True', 'BusinessAcceptsCreditCards: True', ""BusinessParking: {'garage': False, 'street': True, 'validated': False, 'lot': False, 'valet': False}"", 'Caters: True', 'DriveThru: False', 'GoodForKids: True', ""GoodForMeal: {'dessert': False, 'latenight': False, 'lunch': True, 'dinner': False, 'breakfast': False, 'brunch': False}"", 'HasTV: False', 'NoiseLevel: average', 'OutdoorSeating: True', 'RestaurantsAttire: casual', 'RestaurantsDelivery: False', 'RestaurantsGoodForGroups: True', 'RestaurantsPriceRange2: 1', 'RestaurantsReservations: False', 'RestaurantsTableService: False', 'RestaurantsTakeOut: True', 'WiFi: no']",-79.978196,1922 E Carson St,15203,PA,1,5ggluCpQ25P0Ma_w2cBDEA,business
El Toro Loco,Pittsburgh,54,"['Monday 11:0-22:0', 'Tuesday 11:0-22:0', 'Wednesday 11:0-22:0', 'Thursday 11:0-22:0', 'Friday 11:0-23:0', 'Saturday 11:0-23:0', 'Sunday 11:0-21:0']",South Side,"['Mexican', 'Restaurants']",40.42746,3.5,"['Alcohol: full_bar', ""Ambience: {'romantic': False, 'intimate': False, 'classy': False, 'hipster': False, 'divey': False, 'touristy': False, 'trendy': False, 'upscale': False, 'casual': True}"", 'BikeParking: True', 'BusinessAcceptsBitcoin: False', 'BusinessAcceptsCreditCards: True', ""BusinessParking: {'garage': False, 'street': True, 'validated': False, 'lot': False, 'valet': False}"", 'Caters: False', 'DogsAllowed: False', 'GoodForKids: True', ""GoodForMeal: {'dessert': False, 'latenight': False, 'lunch': True, 'dinner': False, 'breakfast': False, 'brunch': False}"", 'HasTV: True', 'NoiseLevel: average', 'OutdoorSeating: False', 'RestaurantsAttire: casual', 'RestaurantsDelivery: False', 'RestaurantsGoodForGroups: True', 'RestaurantsPriceRange2: 2', 'RestaurantsReservations: True', 'RestaurantsTableService: True', 'RestaurantsTakeOut: True', 'WheelchairAccessible: True', 'WiFi: free']",-79.969291,2512 E Carson St,15203,PA,0,4CE_jyoNwSYkorer13G5OQ,business
Pizza Pinoli,Montréal,15,,Notre-Dame-de-Grâce,"['Pizza', 'Restaurants']",45.4763753,3.0,"['Alcohol: none', ""Ambience: {'romantic': False, 'intimate': False, 'classy': False, 'hipster': False, 'touristy': False, 'trendy': False, 'upscale': False, 'casual': True}"", 'BikeParking: True', 'BusinessAcceptsCreditCards: True', ""BusinessParking: {'garage': False, 'street': True, 'validated': False, 'lot': False, 'valet': False}"", 'Caters: True', 'GoodForKids: True', ""GoodForMeal: {'dessert': False, 'latenight': False, 'lunch': False, 'dinner': False, 'breakfast': False, 'brunch': False}"", 'HasTV: False', 'NoiseLevel: average', 'OutdoorSeating: True', 'RestaurantsAttire: casual', 'RestaurantsDelivery: True', 'RestaurantsGoodForGroups: False', 'RestaurantsPriceRange2: 2', 'RestaurantsReservations: False', 'RestaurantsTableService: False', 'RestaurantsTakeOut: True', 'WiFi: no']",-73.6218732,5524 Monkland Avenue,H4A 1C7,QC,1,ubW6lSYs2hF77t4qzZoB2g,business
McDonald's,AGINCOURT,6,"['Monday 0:0-0:0', 'Tuesday 0:0-0:0', 'Wednesday 0:0-0:0', 'Thursday 0:0-0:0', 'Friday 0:0-0:0', 'Saturday 0:0-0:0', 'Sunday 0:0-0:0']",Scarborough,"['Burgers', 'Fast Food', 'Restaurants']",43.7942823,2.5,"['Alcohol: none', ""Ambience: {'romantic': False, 'intimate': False, 'classy': False, 'hipster': False, 'touristy': False, 'trendy': False, 'upscale': False, 'casual': False}"", 'BikeParking: True', 'BusinessAcceptsCreditCards: True', ""BusinessParking: {'garage': False, 'street': False, 'validated': False, 'lot': False, 'valet': False}"", 'Caters: False', 'DriveThru: False', 'GoodForKids: True', ""GoodForMeal: {'dessert': False, 'latenight': False, 'lunch': False, 'dinner': False, 'breakfast': False, 'brunch': False}"", 'HasTV: True', 'NoiseLevel: loud', 'OutdoorSeating: False', 'RestaurantsAttire: casual', 'RestaurantsDelivery: False', 'RestaurantsGoodForGroups: True', 'RestaurantsPriceRange2: 1', 'RestaurantsReservations: False', 'RestaurantsTableService: True', 'RestaurantsTakeOut: True', 'WiFi: free']",-79.3299398,2936 Finch Avenue E,M1W 2T4,ON,1,LixFCMGKdptI8WRsjAl5cQ,business
Stadio,Fellbach,11,"['Tuesday 17:0-23:0', 'Wednesday 17:0-23:0', 'Thursday 17:0-23:0', 'Friday 17:0-23:0', 'Saturday 11:30-15:0', 'Saturday 17:0-23:0', 'Sunday 11:30-15:0', 'Sunday 17:0-23:0']",,"['Italian', 'Restaurants', 'Pizza']",48.8319,4.0,"['Alcohol: beer_and_wine', 'BikeParking: True', 'BusinessAcceptsCreditCards: True', ""BusinessParking: {'garage': False, 'street': False, 'validated': False, 'lot': False, 'valet': False}"", 'Caters: True', 'DogsAllowed: False', 'GoodForKids: True', 'HasTV: True', 'NoiseLevel: very_loud', 'OutdoorSeating: True', 'RestaurantsAttire: casual', 'RestaurantsDelivery: True', 'RestaurantsGoodForGroups: True', 'RestaurantsPriceRange2: 3', 'RestaurantsReservations: True', 'RestaurantsTableService: True', 'RestaurantsTakeOut: True', 'WiFi: no']",9.25231,Nurmiweg 7,70736,BW,1,5djuZfIkqf1ykQGbpWESrg,business
Jacobson Bros Meats & Deli,Stoughton,5,,,"['Grocery', 'Specialty Food', 'Sandwiches', 'Meat Shops', 'Food', 'Delis', 'Restaurants']",42.91752,3.0,"[""BusinessParking: {'garage': False, 'street': False, 'validated': False, 'lot': False, 'valet': False}"", 'RestaurantsAttire: casual']",-89.2473819,"2125 McComb Rd, Ste 100",53589,WI,1,cIe-8MyGWaLJGKhrCtTk6g,business
Tiffany's,Montréal,28,"['Monday 7:0-22:0', 'Tuesday 7:0-22:0', 'Wednesday 7:0-22:0', 'Thursday 7:0-22:0', 'Friday 7:0-23:0', 'Saturday 7:0-23:0', 'Sunday 7:0-22:0']",Mont-Royal,"['Steakhouses', 'Restaurants', 'Barbeque']",45.4980539,3.5,"['Alcohol: full_bar', ""Ambience: {'romantic': False, 'intimate': False, 'classy': False, 'hipster': False, 'touristy': False, 'trendy': False, 'upscale': False, 'casual': False}"", 'BikeParking: False', 'BusinessAcceptsCreditCards: True', ""BusinessParking: {'garage': False, 'street': False, 'validated': False, 'lot': True, 'valet': False}"", 'Caters: True', 'GoodForKids: True', ""GoodForMeal: {'dessert': False, 'latenight': False, 'lunch': False, 'dinner': False, 'breakfast': True, 'brunch': True}"", 'HasTV: True', 'NoiseLevel: average', 'OutdoorSeating: True', 'RestaurantsAttire: casual', 'RestaurantsDelivery: False', 'RestaurantsGoodForGroups: True', 'RestaurantsPriceRange2: 2', 'RestaurantsReservations: True', 'RestaurantsTableService: True', 'RestaurantsTakeOut: True', 'WiFi: free']",-73.6578112,7977 Boulevard Décarie,H4P 2H5,QC,1,lOpz9DxyMVfLKbET7EVdTQ,business
Ruby Tuesday,Las Vegas,121,"['Monday 11:0-22:0', 'Tuesday 11:0-22:0', 'Wednesday 11:0-22:0', 'Thursday 11:0-22:0', 'Friday 11:0-22:0', 'Saturday 11:0-22:0', 'Sunday 11:0-22:0']",,"['Bars', 'Restaurants', 'Burgers', 'Nightlife', 'American (Traditional)']",36.2388340919,3.5,"['Alcohol: full_bar', ""Ambience: {'romantic': False, 'intimate': False, 'classy': False, 'hipster': False, 'divey': False, 'touristy': False, 'trendy': False, 'upscale': False, 'casual': True}"", 'BikeParking: True', 'BusinessAcceptsCreditCards: True', ""BusinessParking: {'garage': False, 'street': False, 'validated': False, 'lot': True, 'valet': False}"", 'Caters: False', 'DriveThru: False', 'GoodForKids: True', ""GoodForMeal: {'dessert': False, 'latenight': False, 'lunch': True, 'dinner': True, 'breakfast': False, 'brunch': False}"", 'HasTV: True', 'NoiseLevel: average', 'OutdoorSeating: False', 'RestaurantsAttire: casual', 'RestaurantsDelivery: False', 'RestaurantsGoodForGroups: True', 'RestaurantsPriceRange2: 2', 'RestaurantsReservations: True', 'RestaurantsTableService: True', 'RestaurantsTakeOut: True', 'WheelchairAccessible: True', 'WiFi: no']",-115.154006492,865 West Craig Road,89032,NV,1,5iSlHNIy3RLbCP5AayB31g,business
Rosita's Fine Mexican Food,Mesa,80,"['Monday 11:0-21:0', 'Tuesday 11:0-21:0', 'Wednesday 11:0-21:0', 'Thursday 11:0-21:0', 'Friday 11:0-22:0', 'Saturday 11:0-22:0', 'Sunday 11:0-21:0']",,"['Mexican', 'Restaurants']",33.3626731,3.5,"['Alcohol: full_bar', ""Ambience: {'romantic': False, 'intimate': False, 'classy': False, 'hipster': False, 'divey': False, 'touristy': False, 'trendy': False, 'upscale': False, 'casual': True}"", 'BYOB: False', 'BYOBCorkage: no', 'BikeParking: True', 'BusinessAcceptsCreditCards: True', ""BusinessParking: {'garage': False, 'street': False, 'validated': False, 'lot': True, 'valet': False}"", 'Caters: True', 'GoodForKids: True', ""GoodForMeal: {'dessert': False, 'latenight': False, 'lunch': True, 'dinner': True, 'breakfast': False, 'brunch': False}"", 'HasTV: True', 'NoiseLevel: average', 'OutdoorSeating: False', 'RestaurantsAttire: casual', 'RestaurantsDelivery: False', 'RestaurantsGoodForGroups: True', 'RestaurantsPriceRange2: 2', 'RestaurantsReservations: True', 'RestaurantsTableService: True', 'RestaurantsTakeOut: True', 'WheelchairAccessible: True', 'WiFi: no']",-111.8780245,2023 W Guadalupe Rd,85202,AZ,1,XxXmyN3tlroRQ1SOoSXHAA,business
Cantina Mexicana,Mississauga,30,"['Tuesday 12:0-22:0', 'Wednesday 12:0-22:0', 'Thursday 12:0-22:0', 'Friday 12:0-23:0', 'Saturday 12:0-23:0', 'Sunday 12:0-21:30']",Streetsville,"['Restaurants', 'Mexican']",43.579553,2.5,"['Alcohol: full_bar', ""Ambience: {'romantic': False, 'intimate': False, 'classy': False, 'hipster': False, 'touristy': False, 'trendy': False, 'upscale': False, 'casual': True}"", 'BikeParking: True', 'BusinessAcceptsCreditCards: True', ""BusinessParking: {'garage': False, 'street': False, 'validated': False, 'lot': True, 'valet': False}"", 'Caters: True', 'GoodForKids: True', ""GoodForMeal: {'dessert': False, 'latenight': False, 'lunch': True, 'dinner': False, 'breakfast': False, 'brunch': False}"", 'HasTV: True', 'NoiseLevel: average', 'OutdoorSeating: True', 'RestaurantsAttire: casual', 'RestaurantsDelivery: False', 'RestaurantsGoodForGroups: True', 'RestaurantsPriceRange2: 2', 'RestaurantsReservations: True', 'RestaurantsTableService: True', 'RestaurantsTakeOut: True', 'WheelchairAccessible: True', 'WiFi: no']",-79.7105971,277 Queen Street S,L5M 1L9,ON,1,oZUwUMRnz0hUpzmg0G7kLA,business
Allo Mon Coco,Laval,21,"['Monday 6:0-18:0', 'Tuesday 6:0-18:0', 'Wednesday 6:0-18:0', 'Thursday 6:0-18:0', 'Friday 6:0-18:0', 'Saturday 6:0-18:0', 'Sunday 6:0-18:0']",Laval,"['Restaurants', 'Breakfast & Brunch']",45.562321552,3.5,"['Alcohol: full_bar', ""Ambience: {'romantic': False, 'intimate': False, 'classy': False, 'hipster': False, 'touristy': False, 'trendy': False, 'upscale': False, 'casual': True}"", 'BikeParking: True', 'BusinessAcceptsCreditCards: True', ""BusinessParking: {'garage': False, 'street': False, 'validated': False, 'lot': True, 'valet': False}"", 'Caters: False', 'GoodForKids: True', 'HasTV: True', 'NoiseLevel: loud', 'OutdoorSeating: True', 'RestaurantsAttire: casual', 'RestaurantsDelivery: False', 'RestaurantsGoodForGroups: True', 'RestaurantsPriceRange2: 2', 'RestaurantsReservations: False', 'RestaurantsTableService: True', 'RestaurantsTakeOut: True', 'WiFi: free', ""GoodForMeal: {'dessert': False, 'latenight': False, 'lunch': False, 'dinner': False, 'breakfast': True, 'brunch': True}""]",-73.7445418523,100 Promenade Du Centropolis,H7T 2Z6,QC,1,B0vJZ5PuFeW42JpEgiuFjg,business
Crown Jewel Fine Dining,Scarborough,17,"['Monday 9:0-23:0', 'Tuesday 9:0-23:0', 'Wednesday 9:0-23:0', 'Thursday 9:0-23:0', 'Friday 9:0-23:0', 'Saturday 9:0-23:0', 'Sunday 9:0-23:0']",Scarborough,"['Restaurants', 'Chinese']",43.8144195542,3.0,"[""Ambience: {'romantic': False, 'intimate': False, 'classy': False, 'hipster': False, 'touristy': False, 'trendy': False, 'upscale': False, 'casual': False}"", 'BikeParking: True', 'BusinessAcceptsCreditCards: True', ""BusinessParking: {'garage': False, 'street': False, 'validated': False, 'lot': False, 'valet': False}"", 'Caters: False', 'GoodForKids: True', ""GoodForMeal: {'dessert': False, 'latenight': False, 'lunch': False, 'dinner': False, 'breakfast': False, 'brunch': False}"", 'HasTV: False', 'OutdoorSeating: False', 'RestaurantsAttire: casual', 'RestaurantsDelivery: False', 'RestaurantsGoodForGroups: True', 'RestaurantsPriceRange2: 2', 'RestaurantsReservations: True', 'RestaurantsTableService: True', 'RestaurantsTakeOut: True', 'WiFi: no', 'NoiseLevel: very_loud']",-79.3236961149,325 Bamburgh Circle,M1W 3Y1,ON,1,qSzICKCd041EdjjGNgMYrQ,business
Panda Express,Phoenix,26,"['Monday 9:30-21:0', 'Tuesday 9:30-21:0', 'Wednesday 9:30-21:0', 'Thursday 9:30-21:0', 'Friday 9:30-21:30', 'Saturday 10:0-21:30', 'Sunday 10:30-21:0']",,"['Restaurants', 'Fast Food', 'Chinese']",33.4041326,2.5,"['Alcohol: none', ""Ambience: {'romantic': False, 'intimate': False, 'classy': False, 'hipster': False, 'divey': False, 'touristy': False, 'trendy': False, 'upscale': False, 'casual': True}"", 'BikeParking: False', 'BusinessAcceptsCreditCards: True', ""BusinessParking: {'garage': False, 'street': False, 'validated': False, 'lot': True, 'valet': False}"", 'Caters: True', 'DriveThru: True', 'GoodForKids: True', ""GoodForMeal: {'dessert': False, 'latenight': False, 'lunch': True, 'dinner': False, 'breakfast': False, 'brunch': False}"", 'HasTV: False', 'NoiseLevel: average', 'OutdoorSeating: True', 'RestaurantsAttire: casual', 'RestaurantsDelivery: False', 'RestaurantsGoodForGroups: True', 'RestaurantsPriceRange2: 1', 'RestaurantsReservations: False', 'RestaurantsTableService: False', 'RestaurantsTakeOut: True', 'WiFi: no']",-111.9788941,"4750 S 48th St, Ste 121",85040,AZ,1,fGrE4Om-cTh_JgQC42qx9A,business
Luciano d'Orazio,Montréal,4,"['Wednesday 11:30-14:0', 'Wednesday 17:30-22:0', 'Thursday 11:30-14:0', 'Thursday 17:30-22:0', 'Friday 11:30-14:0', 'Friday 17:30-22:0', 'Saturday 17:30-22:0']",Rosemont-La Petite-Patrie,"['Italian', 'Restaurants']",45.5403308,5.0,"[""Ambience: {'romantic': False, 'intimate': False, 'classy': False, 'hipster': False, 'touristy': False, 'trendy': False, 'upscale': False, 'casual': False}"", 'BikeParking: True', 'GoodForKids: False', 'HasTV: False', 'RestaurantsAttire: casual', 'RestaurantsGoodForGroups: False', 'RestaurantsPriceRange2: 2', 'RestaurantsReservations: True', 'RestaurantsTableService: True', 'RestaurantsTakeOut: True', 'WiFi: free']",-73.6040118,1212 Rue Saint-Zotique Est,H2S 1N5,QC,1,1mGHeSYj-iCilxQYLXSlUg,business
Forgotten Taste Pierogies,Wexford,20,"['Monday 11:0-18:0', 'Tuesday 11:0-20:0', 'Wednesday 11:0-20:0', 'Thursday 11:0-20:0', 'Friday 11:0-20:0', 'Saturday 11:0-18:0']",,"['Beverage Store', 'Food', 'Imported Food', 'Polish', 'Desserts', 'Restaurants', 'Specialty Food', 'Ethnic Food']",40.6313085,4.0,"['BikeParking: True', 'BusinessAcceptsCreditCards: True', ""BusinessParking: {'garage': False, 'street': False, 'validated': False, 'lot': True, 'valet': False}"", ""GoodForMeal: {'dessert': False, 'latenight': False, 'lunch': False, 'dinner': False, 'breakfast': False, 'brunch': False}"", 'RestaurantsDelivery: False', 'RestaurantsGoodForGroups: True', 'RestaurantsPriceRange2: 1', 'RestaurantsReservations: False', 'RestaurantsTakeOut: True']",-80.0577167,11978 Rt 19,15090,PA,1,wU_V--OY2HOE2qNcDtRP_g,business
Babystacks Cafe,Las Vegas,370,"['Monday 7:0-14:0', 'Tuesday 7:0-14:0', 'Wednesday 7:0-14:0', 'Thursday 7:0-14:0', 'Friday 7:0-14:0', 'Saturday 7:0-15:0', 'Sunday 7:0-15:0']",Centennial,"['Cafes', 'Restaurants', 'American (New)', 'Hawaiian', 'Breakfast & Brunch']",36.2896832,4.0,"['Alcohol: none', ""Ambience: {'romantic': False, 'intimate': False, 'classy': False, 'hipster': False, 'divey': False, 'touristy': False, 'trendy': False, 'upscale': False, 'casual': True}"", 'BikeParking: True', 'BusinessAcceptsCreditCards: True', 'Caters: False', 'GoodForKids: True', ""GoodForMeal: {'dessert': False, 'latenight': False, 'lunch': False, 'dinner': False, 'breakfast': True, 'brunch': True}"", 'HasTV: True', 'NoiseLevel: average', 'OutdoorSeating: False', 'RestaurantsAttire: casual', 'RestaurantsDelivery: False', 'RestaurantsGoodForGroups: True', 'RestaurantsPriceRange2: 2', 'RestaurantsReservations: False', 'RestaurantsTableService: True', 'RestaurantsTakeOut: True', 'WiFi: free', ""BusinessParking: {'garage': False, 'street': False, 'validated': False, 'lot': False, 'valet': False}""]",-115.2868474,"7090 N Durango Dr, Ste 140",89149,NV,1,s0vNtuLs1cwEqHTXKiS05w,business
My Corner Chinese Restaurant,Glendale,26,,,"['Restaurants', 'Chinese']",33.6557032,3.0,"['BikeParking: False', 'BusinessAcceptsCreditCards: True', 'GoodForKids: True', 'HasTV: True', 'OutdoorSeating: False', 'RestaurantsAttire: casual', 'RestaurantsDelivery: True', 'RestaurantsGoodForGroups: True', 'RestaurantsPriceRange2: 1', 'RestaurantsReservations: False', 'RestaurantsTakeOut: True', 'WiFi: no']",-112.1527765,4330 W Union Hills Dr,85308,AZ,1,_YerZzosnwAs6R6p1FNkUQ,business
Arby's Roast Town,Ajax,4,,,"['Restaurants', 'Fast Food']",43.860411,2.0,,-79.026768,4 Harwood Avenue S,L1S 7L8,ON,0,RhW10TG5kdk-Hbi3yvQNuQ,business
The Nauti Mermaid,Cleveland,169,"['Monday 11:30-2:30', 'Tuesday 11:30-2:30', 'Wednesday 11:30-2:30', 'Thursday 11:30-2:30', 'Friday 11:30-2:30', 'Saturday 11:30-2:30', 'Sunday 11:30-2:30']",Warehouse District,"['Seafood', 'Restaurants', 'Food', 'Breakfast & Brunch', 'Desserts']",41.4990767,3.5,"['Alcohol: full_bar', ""Ambience: {'romantic': False, 'intimate': False, 'classy': False, 'hipster': False, 'divey': False, 'touristy': False, 'trendy': False, 'upscale': False, 'casual': True}"", 'BikeParking: True', 'BusinessAcceptsCreditCards: True', ""BusinessParking: {'garage': False, 'street': True, 'validated': False, 'lot': False, 'valet': False}"", 'Caters: False', 'GoodForKids: False', ""GoodForMeal: {'dessert': False, 'latenight': False, 'lunch': False, 'dinner': True, 'breakfast': False, 'brunch': False}"", 'HasTV: True', 'NoiseLevel: average', 'OutdoorSeating: True', 'RestaurantsAttire: casual', 'RestaurantsDelivery: False', 'RestaurantsGoodForGroups: True', 'RestaurantsPriceRange2: 2', 'RestaurantsReservations: False', 'RestaurantsTableService: True', 'RestaurantsTakeOut: True', 'WiFi: no']",-81.6984682,1378 W 6th St,44113,OH,1,Qeie5-8-S_hLPk7_ujpajw,business
Zen Asia Lifestyle,Ludwigsburg,4,"['Monday 9:30-20:0', 'Tuesday 9:30-20:0', 'Wednesday 9:30-20:0', 'Thursday 9:30-20:0', 'Friday 9:30-20:0', 'Saturday 9:30-20:0']",,"['Sushi Bars', 'Asian Fusion', 'Thai', 'Restaurants']",48.8962,3.0,"['BusinessAcceptsCreditCards: False', ""BusinessParking: {'garage': False, 'street': False, 'validated': False, 'lot': False, 'valet': False}"", 'Caters: True', 'DogsAllowed: False', ""GoodForMeal: {'dessert': False, 'latenight': False, 'lunch': False, 'dinner': False, 'breakfast': False, 'brunch': False}"", 'HasTV: False', 'OutdoorSeating: False', 'RestaurantsDelivery: False', 'RestaurantsGoodForGroups: False', 'RestaurantsPriceRange2: 2', 'RestaurantsTakeOut: True', 'WheelchairAccessible: True']",9.1883,Wilhelmstr. 26,71638,BW,1,AJN8VuJOARZdonfVg394zg,business
Cruisers,Mesa,10,,,"['Chicken Wings', 'Burgers', 'Fast Food', 'Restaurants']",33.4081276,4.0,"['Alcohol: none', ""Ambience: {'romantic': False, 'intimate': False, 'classy': False, 'hipster': False, 'divey': False, 'touristy': False, 'trendy': False, 'upscale': False, 'casual': True}"", 'BusinessAcceptsCreditCards: True', ""BusinessParking: {'garage': False, 'street': False, 'validated': False, 'lot': True, 'valet': False}"", 'Caters: False', 'DriveThru: True', 'GoodForKids: True', ""GoodForMeal: {'dessert': False, 'latenight': False, 'lunch': False, 'dinner': False, 'breakfast': False, 'brunch': False}"", 'HasTV: True', 'NoiseLevel: average', 'OutdoorSeating: False', 'RestaurantsAttire: casual', 'RestaurantsDelivery: False', 'RestaurantsGoodForGroups: True', 'RestaurantsPriceRange2: 1', 'RestaurantsReservations: False', 'RestaurantsTableService: False', 'RestaurantsTakeOut: True', 'WiFi: free']",-111.7895074,1942 E Broadway Rd,85204,AZ,0,YM0eGFRw4Sio8qBlcIYFoA,business
Apple Dumpling Cafe,Mesa,4,,,"['American (Traditional)', 'Restaurants']",33.380136,2.5,"['Alcohol: none', 'BusinessAcceptsCreditCards: True', ""BusinessParking: {'garage': False, 'street': False, 'validated': False, 'lot': False, 'valet': False}"", 'GoodForKids: True', ""GoodForMeal: {'dessert': False, 'latenight': False, 'lunch': True, 'dinner': False, 'breakfast': True, 'brunch': False}"", 'OutdoorSeating: True', 'RestaurantsAttire: casual', 'RestaurantsDelivery: True', 'RestaurantsGoodForGroups: True', 'RestaurantsPriceRange2: 1', 'RestaurantsReservations: True', 'RestaurantsTableService: True', 'RestaurantsTakeOut: True', 'WheelchairAccessible: True']",-111.763318,3130 E Baseline Rd,85204,AZ,0,HodK8_GQYmyrZx0s8j95Uw,business
Charley's Steakery,Mesa,8,,,"['Sandwiches', 'Restaurants', 'Fast Food']",33.3830888,3.0,"['Alcohol: none', 'BikeParking: False', 'BusinessAcceptsCreditCards: True', ""BusinessParking: {'garage': False, 'street': False, 'validated': False, 'lot': False, 'valet': False}"", 'GoodForKids: True', ""GoodForMeal: {'dessert': False, 'latenight': False, 'lunch': False, 'dinner': False, 'breakfast': False, 'brunch': False}"", 'HasTV: False', 'NoiseLevel: average', 'OutdoorSeating: False', 'RestaurantsAttire: casual', 'RestaurantsDelivery: False', 'RestaurantsGoodForGroups: False', 'RestaurantsPriceRange2: 1', 'RestaurantsReservations: False', 'RestaurantsTableService: False', 'RestaurantsTakeOut: True']",-111.8026577,"1649 S Stapley Dr, Ste 106",85204,AZ,0,_FSuj1Xrlu37MdbA5D7y0Q,business
Jack in the Box,Mesa,8,,,"['Restaurants', 'Fast Food']",33.395303,2.0,"['Alcohol: none', 'BikeParking: False', 'BusinessAcceptsCreditCards: True', 'Caters: False', 'DriveThru: True', 'GoodForKids: True', ""GoodForMeal: {'dessert': False, 'latenight': False, 'lunch': False, 'dinner': False, 'breakfast': False, 'brunch': False}"", 'HasTV: False', 'OutdoorSeating: False', 'RestaurantsAttire: casual', 'RestaurantsDelivery: False', 'RestaurantsGoodForGroups: True', 'RestaurantsPriceRange2: 1', 'RestaurantsReservations: False', 'RestaurantsTakeOut: True']",-111.753355,1105 S Val Vista Dr,85204,AZ,1,mEFYW1435KepKLSBcpXkjA,business
Ronnie B's Southern Kitchen & Taps,Toronto,8,"['Monday 12:0-0:0', 'Tuesday 11:30-1:0', 'Wednesday 11:30-1:0', 'Thursday 11:30-2:0', 'Friday 11:30-2:0', 'Saturday 11:30-2:0', 'Sunday 12:0-0:0']",Cabbagetown,"['Restaurants', 'Soul Food', 'American (Traditional)', 'Southern', 'Food']",43.6642408,3.5,"['Alcohol: full_bar', ""Ambience: {'romantic': False, 'intimate': False, 'classy': False, 'hipster': True, 'touristy': False, 'trendy': False, 'upscale': False, 'casual': False}"", 'BikeParking: True', 'BusinessAcceptsCreditCards: True', ""BusinessParking: {'garage': False, 'street': True, 'validated': False, 'lot': False, 'valet': False}"", 'GoodForKids: True', ""GoodForMeal: {'dessert': False, 'latenight': False, 'lunch': False, 'dinner': False, 'breakfast': False, 'brunch': False}"", 'HasTV: True', 'NoiseLevel: quiet', 'OutdoorSeating: False', 'RestaurantsAttire: casual', 'RestaurantsDelivery: False', 'RestaurantsGoodForGroups: True', 'RestaurantsPriceRange2: 2', 'RestaurantsReservations: True', 'RestaurantsTableService: True', 'RestaurantsTakeOut: True']",-79.3681056,243 Carlton Street,M5A 2L2,ON,0,Bz6UcQZgRkrGtDwcagvt9w,business
Donatos Shaker Heights,Shaker Heights,7,"['Monday 11:0-23:0', 'Tuesday 11:0-23:0', 'Wednesday 11:0-23:0', 'Thursday 11:0-23:0', 'Friday 11:0-0:0', 'Saturday 11:0-0:0', 'Sunday 11:0-23:0']",,"['Pizza', 'Restaurants', 'Salad', 'Sandwiches']",41.465283,3.0,"['Alcohol: none', ""Ambience: {'romantic': False, 'intimate': False, 'classy': False, 'hipster': False, 'divey': False, 'touristy': False, 'trendy': False, 'upscale': False, 'casual': False}"", 'BikeParking: True', 'BusinessAcceptsCreditCards: True', ""BusinessParking: {'garage': False, 'street': False, 'validated': False, 'lot': False, 'valet': False}"", 'GoodForKids: True', ""GoodForMeal: {'dessert': False, 'latenight': False, 'lunch': False, 'dinner': False, 'breakfast': False, 'brunch': False}"", 'HasTV: False', 'NoiseLevel: average', 'OutdoorSeating: False', 'RestaurantsAttire: casual', 'RestaurantsDelivery: True', 'RestaurantsGoodForGroups: True', 'RestaurantsPriceRange2: 2', 'RestaurantsReservations: False', 'RestaurantsTableService: False', 'RestaurantsTakeOut: True']",-81.538416,20116 Van Aken Blvd,44122,OH,1,2QvAgu0Jgoa_BzD7XP7Tqg,business
Burrito Drive,Madison,100,"['Monday 11:0-3:0', 'Tuesday 11:0-3:0', 'Wednesday 11:0-3:0', 'Thursday 11:0-3:0', 'Friday 11:0-3:0', 'Saturday 11:0-3:0', 'Sunday 11:0-3:0']",Williamson - Marquette,"['Restaurants', 'Mexican']",43.0810278,3.5,"['Alcohol: beer_and_wine', ""Ambience: {'romantic': False, 'intimate': False, 'classy': False, 'hipster': False, 'divey': False, 'touristy': False, 'trendy': False, 'upscale': False, 'casual': True}"", 'BikeParking: True', 'BusinessAcceptsCreditCards: True', ""BusinessParking: {'garage': False, 'street': False, 'validated': False, 'lot': True, 'valet': False}"", 'Caters: False', 'GoodForKids: True', ""GoodForMeal: {'dessert': False, 'latenight': True, 'lunch': True, 'dinner': True, 'breakfast': False, 'brunch': False}"", 'HasTV: True', 'NoiseLevel: average', 'OutdoorSeating: False', 'RestaurantsAttire: casual', 'RestaurantsDelivery: True', 'RestaurantsGoodForGroups: True', 'RestaurantsPriceRange2: 2', 'RestaurantsReservations: False', 'RestaurantsTableService: False', 'RestaurantsTakeOut: True', 'WheelchairAccessible: True', 'WiFi: no']",-89.3689566,310 S Brearly St,53703,WI,1,pUmECN5N94AQAe0DtptuYA,business
Stars Burgers,Indian Trail,23,"['Monday 11:0-21:0', 'Tuesday 11:0-21:0', 'Wednesday 11:0-21:0', 'Thursday 11:0-21:0', 'Friday 11:0-21:0', 'Saturday 11:0-21:0', 'Sunday 11:0-21:0']",,"['Burgers', 'Restaurants']",35.0697041,3.5,"['Alcohol: none', ""Ambience: {'romantic': False, 'intimate': False, 'classy': False, 'hipster': False, 'divey': False, 'touristy': False, 'trendy': False, 'upscale': False, 'casual': True}"", 'BikeParking: False', 'BusinessAcceptsCreditCards: True', ""BusinessParking: {'garage': False, 'street': False, 'validated': False, 'lot': True, 'valet': False}"", 'Caters: True', 'DriveThru: False', 'GoodForKids: True', ""GoodForMeal: {'dessert': False, 'latenight': False, 'lunch': True, 'dinner': True, 'breakfast': False, 'brunch': False}"", 'HasTV: True', 'NoiseLevel: average', 'OutdoorSeating: False', 'RestaurantsAttire: casual', 'RestaurantsDelivery: False', 'RestaurantsGoodForGroups: True', 'RestaurantsPriceRange2: 1', 'RestaurantsReservations: False', 'RestaurantsTableService: True', 'RestaurantsTakeOut: True', 'WiFi: free']",-80.6768203,633 Indian Trl Rd S,28079,NC,0,xjHG4M4hDHawmZQkSwf30g,business
Stownut Donut & Diner,Stow,48,"['Monday 6:30-14:0', 'Tuesday 6:30-14:0', 'Wednesday 6:30-14:0', 'Thursday 6:30-14:0', 'Friday 6:30-14:0', 'Saturday 7:0-14:0', 'Sunday 7:0-14:0']",,"['Food', 'Donuts', 'Restaurants', 'Fast Food', 'Breakfast & Brunch']",41.167498,4.0,"['Alcohol: none', ""Ambience: {'romantic': False, 'intimate': False, 'classy': False, 'hipster': False, 'divey': False, 'touristy': False, 'trendy': False, 'upscale': False, 'casual': True}"", 'BikeParking: True', 'BusinessAcceptsCreditCards: True', ""BusinessParking: {'garage': False, 'street': False, 'validated': False, 'lot': True, 'valet': False}"", 'Caters: False', 'DogsAllowed: False', 'DriveThru: False', 'GoodForKids: True', ""GoodForMeal: {'dessert': False, 'latenight': False, 'lunch': True, 'dinner': False, 'breakfast': True, 'brunch': True}"", 'HasTV: True', 'NoiseLevel: average', 'OutdoorSeating: True', 'RestaurantsAttire: casual', 'RestaurantsDelivery: False', 'RestaurantsGoodForGroups: False', 'RestaurantsPriceRange2: 1', 'RestaurantsReservations: False', 'RestaurantsTableService: True', 'RestaurantsTakeOut: True', 'WheelchairAccessible: True', 'WiFi: no']",-81.404067,3055 Graham Rd,44224,OH,1,-MC7EFxTsyKMKB3zeP_FIQ,business
FV Foods Mississaauga - Franchise,Mississauga,4,"['Monday 10:0-20:0', 'Tuesday 10:0-20:0', 'Wednesday 10:0-20:0', 'Thursday 10:0-20:0', 'Friday 10:0-20:0', 'Saturday 10:0-19:0', 'Sunday 10:0-19:0']",Dixie,"['Bakeries', 'Restaurants', 'Food', 'Filipino']",43.6040563,3.5,,-79.5907781,"1125 Dundas Street E, Unit 10",L4Y 2C4,ON,1,ZRdxelZGlxm2jx-WShovng,business
Ka Hing Kitchen,Markham,6,,Milliken,['Restaurants'],43.8261994,3.0,"['Alcohol: none', ""Ambience: {'romantic': False, 'intimate': False, 'classy': False, 'hipster': False, 'touristy': False, 'trendy': False, 'upscale': False, 'casual': False}"", 'BikeParking: True', ""BusinessParking: {'garage': False, 'street': False, 'validated': False, 'lot': False, 'valet': False}"", 'Caters: False', 'GoodForKids: True', ""GoodForMeal: {'dessert': False, 'latenight': False, 'lunch': False, 'dinner': False, 'breakfast': False, 'brunch': False}"", 'HasTV: False', 'NoiseLevel: average', 'OutdoorSeating: False', 'RestaurantsAttire: casual', 'RestaurantsDelivery: False', 'RestaurantsGoodForGroups: True', 'RestaurantsPriceRange2: 1', 'RestaurantsReservations: False', 'RestaurantsTableService: False', 'RestaurantsTakeOut: True', 'WiFi: no']",-79.3063174,4300 Av Steeles E,L3R 0Y5,ON,1,ihk6lWFPuVi___DSucNelQ,business
Dogwood Southern Table & Bar,Charlotte,145,"['Monday 17:0-21:0', 'Tuesday 11:30-14:0', 'Tuesday 17:0-21:0', 'Wednesday 11:30-14:0', 'Wednesday 17:0-21:0', 'Thursday 11:30-14:0', 'Thursday 17:0-22:0', 'Friday 11:30-14:0', 'Friday 17:0-22:0', 'Saturday 17:0-22:0', 'Sunday 11:0-14:0']",South Park,"['American (New)', 'Restaurants', 'Southern']",35.145938695,4.5,"['Alcohol: full_bar', ""Ambience: {'romantic': False, 'intimate': False, 'classy': True, 'hipster': False, 'divey': False, 'touristy': False, 'trendy': False, 'upscale': False, 'casual': False}"", 'BikeParking: True', 'BusinessAcceptsBitcoin: False', 'BusinessAcceptsCreditCards: True', ""BusinessParking: {'garage': True, 'street': True, 'validated': False, 'lot': True, 'valet': True}"", 'Caters: True', 'GoodForKids: False', ""GoodForMeal: {'dessert': False, 'latenight': False, 'lunch': False, 'dinner': True, 'breakfast': False, 'brunch': False}"", 'HasTV: True', 'NoiseLevel: average', 'OutdoorSeating: True', 'RestaurantsAttire: casual', 'RestaurantsDelivery: False', 'RestaurantsGoodForGroups: True', 'RestaurantsPriceRange2: 2', 'RestaurantsReservations: True', 'RestaurantsTableService: True', 'RestaurantsTakeOut: True', 'WheelchairAccessible: True', 'WiFi: free']",-80.8300620574,"4905 Ashley Park Ln, Ste D",28210,NC,1,Qsg-2Coum0ccbXuJWDwZqA,business
Classic Italian Pizza,Tempe,110,"['Tuesday 17:0-21:30', 'Wednesday 17:0-21:30', 'Thursday 17:0-21:30', 'Friday 17:0-21:30', 'Saturday 17:0-21:30', 'Sunday 17:0-21:30']",,"['Restaurants', 'Pizza']",33.3796037,4.0,"['Alcohol: full_bar', ""Ambience: {'romantic': False, 'intimate': False, 'classy': False, 'hipster': False, 'divey': False, 'touristy': False, 'trendy': False, 'upscale': False, 'casual': True}"", 'BusinessAcceptsCreditCards: True', ""BusinessParking: {'garage': False, 'street': False, 'validated': False, 'lot': True, 'valet': False}"", 'Caters: False', 'GoodForKids: True', ""GoodForMeal: {'dessert': False, 'latenight': False, 'lunch': False, 'dinner': True, 'breakfast': False, 'brunch': False}"", 'HasTV: True', 'NoiseLevel: average', 'OutdoorSeating: True', 'RestaurantsAttire: casual', 'RestaurantsDelivery: False', 'RestaurantsGoodForGroups: True', 'RestaurantsPriceRange2: 2', 'RestaurantsReservations: True', 'RestaurantsTableService: True', 'RestaurantsTakeOut: True', 'WheelchairAccessible: True']",-111.9222579,"1030 E Baseline Rd, Ste 156",85283,AZ,0,dEq4Yj50tWOSzxqXloahsw,business
The Rice Kitchen,Toronto,7,"['Monday 11:0-22:0', 'Tuesday 11:0-22:0', 'Wednesday 11:0-22:0', 'Thursday 11:0-22:0', 'Friday 11:0-23:0', 'Saturday 11:0-23:0', 'Sunday 12:0-22:0']",Scarborough,"['Restaurants', 'Chinese', 'Food', 'Food Delivery Services']",43.74689,3.5,"['Alcohol: none', ""Ambience: {'romantic': False, 'intimate': False, 'classy': False, 'hipster': False, 'touristy': False, 'trendy': False, 'upscale': False, 'casual': False}"", 'BusinessAcceptsCreditCards: True', ""BusinessParking: {'garage': False, 'street': True, 'validated': False, 'lot': True, 'valet': False}"", 'Caters: True', 'OutdoorSeating: False', 'RestaurantsAttire: casual', 'RestaurantsDelivery: True', 'RestaurantsReservations: False', 'RestaurantsTableService: False', 'RestaurantsTakeOut: True']",-79.28834,2131 Lawrence Ave E,M1R 3A3,ON,1,B8jsJJMhbASM2IvkU4tmKg,business
daras pizzaservice,Stuttgart,3,"['Monday 11:0-13:30', 'Monday 16:45-23:0', 'Tuesday 11:0-13:30', 'Tuesday 16:45-23:0', 'Wednesday 11:0-13:30', 'Wednesday 16:45-23:0', 'Thursday 11:0-13:30', 'Thursday 16:45-23:0', 'Friday 11:0-13:30', 'Friday 16:45-23:0', 'Saturday 12:0-13:0', 'Saturday 13:0-23:0', 'Sunday 12:0-13:0', 'Sunday 13:0-23:0']",,"['Food Delivery Services', 'Restaurants', 'Pizza', 'Food']",48.8131041,5.0,"['Alcohol: beer_and_wine', 'BusinessAcceptsCreditCards: False', ""BusinessParking: {'garage': False, 'street': False, 'validated': False, 'lot': False, 'valet': False}"", ""GoodForMeal: {'dessert': False, 'latenight': False, 'lunch': False, 'dinner': False, 'breakfast': False, 'brunch': False}"", 'OutdoorSeating: False', 'RestaurantsAttire: casual', 'RestaurantsDelivery: True', 'RestaurantsPriceRange2: 2', 'RestaurantsReservations: True', 'RestaurantsTakeOut: True', 'WheelchairAccessible: True']",9.231035,Schmidenerstr. 137,70374,BW,1,6L7tz50A8rQBBQzn8T-wwQ,business
Firth of Froth,Edinburgh,3,"['Monday 7:30-17:0', 'Tuesday 7:30-17:0', 'Wednesday 7:30-17:0', 'Thursday 7:30-17:0', 'Friday 7:30-17:0', 'Saturday 9:30-16:0']",New Town,"['Sandwiches', 'Coffee & Tea', 'Restaurants', 'Food']",55.9571749,2.0,"['BikeParking: True', 'BusinessAcceptsCreditCards: True', 'OutdoorSeating: True', 'RestaurantsPriceRange2: 1', 'RestaurantsTakeOut: True', 'WiFi: free']",-3.1878937,43 Broughton Street,EH1 3JU,EDH,1,IeAmv6Y14ZEBVPfdjQy2BA,business
Gourmet Malaysia,Scarborough,176,"['Monday 11:0-22:30', 'Tuesday 11:0-22:30', 'Wednesday 11:0-22:30', 'Thursday 11:0-22:30', 'Friday 11:0-23:30', 'Saturday 11:0-23:30', 'Sunday 11:0-23:0']",Scarborough,"['Singaporean', 'Indonesian', 'Restaurants', 'Malaysian']",43.7885129161,3.5,"['Alcohol: none', ""Ambience: {'romantic': False, 'intimate': False, 'classy': False, 'hipster': False, 'touristy': False, 'trendy': False, 'upscale': False, 'casual': True}"", 'BikeParking: True', 'BusinessAcceptsCreditCards: True', ""BusinessParking: {'garage': False, 'street': False, 'validated': False, 'lot': True, 'valet': False}"", 'Caters: True', 'DogsAllowed: False', 'GoodForKids: True', ""GoodForMeal: {'dessert': False, 'latenight': False, 'lunch': True, 'dinner': True, 'breakfast': False, 'brunch': False}"", 'HasTV: True', 'NoiseLevel: average', 'OutdoorSeating: False', 'RestaurantsAttire: casual', 'RestaurantsDelivery: True', 'RestaurantsGoodForGroups: True', 'RestaurantsPriceRange2: 2', 'RestaurantsReservations: True', 'RestaurantsTableService: True', 'RestaurantsTakeOut: True', 'WheelchairAccessible: True', 'WiFi: no']",-79.2665494794,"4466 Sheppard Avenue E, Unit 101",M1S 1V2,ON,1,9XcWAcp1dCpcLcHTBENn-Q,business
Sushi Factory,Henderson,29,,Anthem,"['Japanese', 'Restaurants', 'Sushi Bars']",35.9975649,3.0,"['Alcohol: beer_and_wine', ""Ambience: {'romantic': False, 'intimate': False, 'classy': False, 'hipster': False, 'divey': False, 'touristy': False, 'trendy': False, 'upscale': False, 'casual': False}"", 'BusinessAcceptsCreditCards: True', ""BusinessParking: {'garage': False, 'street': False, 'validated': False, 'lot': True, 'valet': False}"", 'Caters: False', 'GoodForKids: True', ""GoodForMeal: {'dessert': False, 'latenight': False, 'lunch': False, 'dinner': True, 'breakfast': False, 'brunch': False}"", 'HasTV: True', 'NoiseLevel: average', 'OutdoorSeating: False', 'RestaurantsAttire: casual', 'RestaurantsDelivery: False', 'RestaurantsGoodForGroups: True', 'RestaurantsPriceRange2: 2', 'RestaurantsReservations: True', 'RestaurantsTableService: True', 'RestaurantsTakeOut: True', 'WheelchairAccessible: True', 'WiFi: no']",-115.1025545,"10720 S Eastern Ave, Ste 100",89052,NV,0,7B3n6hizoL2CF0dEiJ0x6A,business
Ming Room,Mississauga,22,"['Monday 11:0-22:0', 'Tuesday 11:0-22:0', 'Wednesday 11:0-22:0', 'Thursday 11:0-22:0', 'Friday 11:0-23:0', 'Saturday 12:0-23:0', 'Sunday 12:0-22:0']",,"['Restaurants', 'Halal', 'Asian Fusion', 'Chinese']",43.597558,3.0,"['Alcohol: full_bar', ""Ambience: {'romantic': False, 'intimate': False, 'classy': False, 'hipster': False, 'touristy': False, 'trendy': False, 'upscale': False, 'casual': True}"", 'BikeParking: True', 'BusinessAcceptsCreditCards: True', 'GoodForKids: True', 'HasTV: False', 'NoiseLevel: average', 'OutdoorSeating: False', 'RestaurantsAttire: casual', 'RestaurantsDelivery: True', 'RestaurantsGoodForGroups: True', 'RestaurantsPriceRange2: 2', 'RestaurantsReservations: True', 'RestaurantsTableService: True', 'RestaurantsTakeOut: True']",-79.7348698,6461 Mississauga Road,L5N 1A6,ON,1,i0u5CzG81LrEwAI0X5OVkQ,business
Nak Won Restaurant,Markham,119,,Brown's Corners,"['Restaurants', 'Korean']",43.8484522656,2.0,"['Alcohol: none', ""Ambience: {'romantic': False, 'intimate': False, 'classy': False, 'hipster': False, 'touristy': False, 'trendy': False, 'upscale': False, 'casual': True}"", 'BikeParking: True', 'BusinessAcceptsCreditCards: True', ""BusinessParking: {'garage': False, 'street': False, 'validated': False, 'lot': True, 'valet': False}"", 'Caters: False', 'GoodForKids: True', ""GoodForMeal: {'dessert': False, 'latenight': False, 'lunch': True, 'dinner': True, 'breakfast': False, 'brunch': False}"", 'HasTV: False', 'NoiseLevel: average', 'OutdoorSeating: False', 'RestaurantsAttire: casual', 'RestaurantsDelivery: False', 'RestaurantsGoodForGroups: True', 'RestaurantsPriceRange2: 2', 'RestaurantsReservations: True', 'RestaurantsTableService: True', 'RestaurantsTakeOut: True', 'WheelchairAccessible: True', 'WiFi: no']",-79.3501473096,"3225 Highway 7, Unit 3",L3R 3P9,ON,1,syRPwPqdV6h3eenuV1d6rg,business
Tom's Family Restaurant,Toronto,16,"['Monday 6:0-19:30', 'Tuesday 6:0-19:30', 'Wednesday 6:0-19:30', 'Thursday 6:0-19:30', 'Friday 6:0-19:30', 'Saturday 6:0-19:30', 'Sunday 8:0-19:30']",Ossington Strip,"['Diners', 'Restaurants', 'Breakfast & Brunch']",43.6443769,3.5,"['Alcohol: full_bar', ""Ambience: {'romantic': False, 'intimate': False, 'classy': False, 'hipster': False, 'touristy': False, 'trendy': False, 'upscale': False, 'casual': False}"", 'BusinessAcceptsCreditCards: False', ""BusinessParking: {'garage': False, 'street': False, 'validated': False, 'lot': False, 'valet': False}"", 'Caters: False', 'GoodForKids: True', ""GoodForMeal: {'dessert': False, 'latenight': False, 'lunch': False, 'dinner': False, 'breakfast': True, 'brunch': False}"", 'HasTV: True', 'NoiseLevel: quiet', 'OutdoorSeating: False', 'RestaurantsAttire: casual', 'RestaurantsDelivery: False', 'RestaurantsGoodForGroups: True', 'RestaurantsPriceRange2: 1', 'RestaurantsReservations: False', 'RestaurantsTableService: True', 'RestaurantsTakeOut: True', 'WiFi: no']",-79.4184651,996 Queen Street W,M6J 1H1,ON,0,oieF_xZizDykk-OQgYXHyA,business
Asian Legend,Thornhill,54,,,"['Restaurants', 'Chinese']",43.8420875,3.0,"['Alcohol: beer_and_wine', ""Ambience: {'romantic': False, 'intimate': False, 'classy': False, 'hipster': False, 'touristy': False, 'trendy': False, 'upscale': False, 'casual': True}"", 'BikeParking: False', 'BusinessAcceptsCreditCards: True', ""BusinessParking: {'garage': False, 'street': False, 'validated': False, 'lot': True, 'valet': False}"", 'Caters: True', 'GoodForKids: True', ""GoodForMeal: {'dessert': False, 'latenight': False, 'lunch': True, 'dinner': True, 'breakfast': False, 'brunch': False}"", 'HasTV: False', 'NoiseLevel: average', 'OutdoorSeating: False', 'RestaurantsAttire: casual', 'RestaurantsDelivery: False', 'RestaurantsGoodForGroups: True', 'RestaurantsPriceRange2: 2', 'RestaurantsReservations: True', 'RestaurantsTableService: True', 'RestaurantsTakeOut: True', 'WheelchairAccessible: True', 'WiFi: no']",-79.3859893,505 Highway 7  E,L3T 7T1,ON,1,4IrX-f_4TqmrKhb7egiZag,business
China Passion,Las Vegas,31,"['Monday 11:0-21:30', 'Tuesday 11:0-21:30', 'Wednesday 11:0-21:30', 'Thursday 11:0-21:30', 'Friday 11:0-22:0', 'Saturday 11:0-22:0', 'Sunday 11:0-21:30']",Sunrise,"['Chinese', 'Restaurants', 'Soup', 'Food Delivery Services', 'Food']",36.1391176,4.5,"['Alcohol: none', ""Ambience: {'romantic': False, 'intimate': False, 'classy': False, 'hipster': False, 'divey': False, 'touristy': False, 'trendy': False, 'upscale': False, 'casual': True}"", 'BikeParking: True', 'BusinessAcceptsCreditCards: True', ""BusinessParking: {'garage': False, 'street': False, 'validated': False, 'lot': False, 'valet': False}"", 'Caters: True', 'GoodForKids: True', ""GoodForMeal: {'dessert': False, 'latenight': False, 'lunch': True, 'dinner': False, 'breakfast': False, 'brunch': False}"", 'HasTV: True', 'NoiseLevel: quiet', 'OutdoorSeating: False', 'RestaurantsAttire: casual', 'RestaurantsDelivery: True', 'RestaurantsGoodForGroups: True', 'RestaurantsPriceRange2: 1', 'RestaurantsReservations: False', 'RestaurantsTableService: True', 'RestaurantsTakeOut: True', 'WiFi: no']",-115.0669695,2775 S Nellis Blvd,89121,NV,1,BKg8YIGX_5YyUczmBAyyCQ,business
Fired Up Taco Truck,Cleveland,33,,University,"['Street Vendors', 'Food Trucks', 'Mexican', 'Food', 'Restaurants']",41.5091257,4.0,"['Alcohol: none', 'BikeParking: True', 'BusinessAcceptsCreditCards: True', ""BusinessParking: {'garage': False, 'street': True, 'validated': False, 'lot': False, 'valet': False}"", 'Caters: True', 'GoodForKids: True', ""GoodForMeal: {'dessert': False, 'latenight': False, 'lunch': False, 'dinner': False, 'breakfast': False, 'brunch': False}"", 'HasTV: False', 'NoiseLevel: average', 'OutdoorSeating: False', 'RestaurantsAttire: casual', 'RestaurantsDelivery: False', 'RestaurantsGoodForGroups: True', 'RestaurantsPriceRange2: 1', 'RestaurantsReservations: False', 'RestaurantsTakeOut: True', 'WiFi: no']",-81.6089873,,44106,OH,1,ntkeyTQNc735Dr-yjGd_IQ,business
Z'S Market & Deli,Phoenix,12,"['Monday 6:0-19:0', 'Tuesday 6:0-19:0', 'Wednesday 6:0-19:0', 'Thursday 6:0-19:0', 'Friday 6:0-19:0', 'Saturday 10:0-18:0']",,"['Ethnic Food', 'Delis', 'Specialty Food', 'Food', 'Restaurants']",33.6988429,4.5,"['Alcohol: none', 'BusinessAcceptsCreditCards: True', ""BusinessParking: {'garage': False, 'street': False, 'validated': False, 'lot': True, 'valet': False}"", 'GoodForKids: True', ""GoodForMeal: {'dessert': False, 'latenight': False, 'lunch': True, 'dinner': False, 'breakfast': False, 'brunch': False}"", 'OutdoorSeating: True', 'RestaurantsAttire: casual', 'RestaurantsDelivery: True', 'RestaurantsGoodForGroups: True', 'RestaurantsPriceRange2: 1', 'RestaurantsReservations: False', 'RestaurantsTableService: False', 'RestaurantsTakeOut: True', 'WheelchairAccessible: True']",-112.101312,"1930 W Pinnacle Peak Rd, Ste 115",85027,AZ,0,lF796nJ9sIcIFlpIWHvAlg,business
Enzo,Toronto,15,,Niagara,"['Do-It-Yourself Food', 'Food', 'Pizza', 'Restaurants', 'Italian']",43.6467407,4.0,"['Alcohol: beer_and_wine', ""Ambience: {'romantic': False, 'intimate': False, 'classy': False, 'hipster': False, 'touristy': False, 'trendy': False, 'upscale': False, 'casual': True}"", 'BikeParking: True', 'BusinessAcceptsCreditCards: True', ""BusinessParking: {'garage': False, 'street': True, 'validated': False, 'lot': False, 'valet': False}"", 'Caters: True', 'GoodForKids: True', ""GoodForMeal: {'dessert': False, 'latenight': False, 'lunch': True, 'dinner': True, 'breakfast': False, 'brunch': False}"", 'HasTV: True', 'NoiseLevel: average', 'OutdoorSeating: False', 'RestaurantsAttire: casual', 'RestaurantsDelivery: True', 'RestaurantsGoodForGroups: True', 'RestaurantsPriceRange2: 2', 'RestaurantsReservations: True', 'RestaurantsTableService: True', 'RestaurantsTakeOut: True', 'WiFi: free']",-79.4063241,646 Queen Street W,M6J 1E4,ON,0,6DWFVwgm3d9jfBUOkJuANQ,business
Culinary Dropout,Scottsdale,997,"['Monday 11:0-23:0', 'Tuesday 11:0-23:0', 'Wednesday 11:0-23:0', 'Thursday 11:0-23:0', 'Friday 11:0-0:0', 'Saturday 11:0-0:0', 'Sunday 11:0-22:0']",,"['Vegetarian', 'Restaurants', 'American (New)', 'Bars', 'Music Venues', 'Nightlife', 'Venues & Event Spaces', 'Event Planning & Services', 'Arts & Entertainment']",33.5020064299,4.0,"['Alcohol: full_bar', ""Ambience: {'romantic': False, 'intimate': False, 'classy': False, 'hipster': False, 'divey': False, 'touristy': False, 'trendy': True, 'upscale': False, 'casual': False}"", ""BestNights: {'monday': False, 'tuesday': False, 'friday': True, 'wednesday': False, 'thursday': False, 'sunday': True, 'saturday': True}"", 'BikeParking: True', 'BusinessAcceptsBitcoin: False', 'BusinessAcceptsCreditCards: True', ""BusinessParking: {'garage': True, 'street': False, 'validated': False, 'lot': False, 'valet': False}"", 'Caters: False', 'CoatCheck: False', 'GoodForDancing: False', 'GoodForKids: False', ""GoodForMeal: {'dessert': False, 'latenight': False, 'lunch': False, 'dinner': True, 'breakfast': False, 'brunch': False}"", 'HappyHour: True', 'HasTV: True', ""Music: {'dj': False, 'background_music': False, 'no_music': False, 'karaoke': False, 'live': True, 'video': False, 'jukebox': False}"", 'NoiseLevel: loud', 'OutdoorSeating: True', 'RestaurantsAttire: casual', 'RestaurantsDelivery: False', 'RestaurantsGoodForGroups: True', 'RestaurantsPriceRange2: 2', 'RestaurantsReservations: True', 'RestaurantsTableService: True', 'RestaurantsTakeOut: True', 'Smoking: no', 'WheelchairAccessible: True', 'WiFi: no']",-111.928296379,"7135 E Camelback Rd, Ste 125",85251,AZ,1,C8D_GU9cDDjbOJfCaGXxDQ,business
Julio's Too,Scottsdale,121,"['Monday 11:0-21:0', 'Tuesday 11:0-21:0', 'Wednesday 11:0-21:0', 'Thursday 11:0-21:0', 'Friday 11:0-22:0', 'Saturday 11:0-22:0', 'Sunday 11:0-22:0']",,"['Mexican', 'Restaurants']",33.5019605,4.0,"['Alcohol: beer_and_wine', ""Ambience: {'romantic': False, 'intimate': False, 'classy': False, 'hipster': False, 'divey': False, 'touristy': False, 'trendy': False, 'upscale': False, 'casual': True}"", 'BikeParking: True', 'BusinessAcceptsCreditCards: True', ""BusinessParking: {'garage': False, 'street': False, 'validated': False, 'lot': True, 'valet': False}"", 'Caters: True', 'GoodForKids: True', ""GoodForMeal: {'dessert': False, 'latenight': False, 'lunch': True, 'dinner': False, 'breakfast': False, 'brunch': False}"", 'HasTV: False', 'NoiseLevel: average', 'OutdoorSeating: True', 'RestaurantsAttire: casual', 'RestaurantsDelivery: False', 'RestaurantsGoodForGroups: True', 'RestaurantsPriceRange2: 1', 'RestaurantsReservations: False', 'RestaurantsTableService: False', 'RestaurantsTakeOut: True', 'WheelchairAccessible: True', 'WiFi: no']",-111.9230924,7305 E Camelback Rd,85251,AZ,1,EC7NrIHKk6i3US_XJlDWDA,business
The Keg Steakhouse + Bar,Phoenix,281,,,"['Restaurants', 'Nightlife', 'Bars', 'Seafood', 'Steakhouses']",33.6752637422,4.0,"['Alcohol: full_bar', ""Ambience: {'romantic': False, 'intimate': False, 'classy': False, 'hipster': False, 'divey': False, 'touristy': False, 'trendy': False, 'upscale': True, 'casual': False}"", ""BestNights: {'monday': False, 'tuesday': False, 'friday': True, 'wednesday': False, 'thursday': False, 'sunday': True, 'saturday': True}"", 'BikeParking: False', 'BusinessAcceptsCreditCards: True', ""BusinessParking: {'garage': False, 'street': False, 'validated': False, 'lot': True, 'valet': False}"", 'Caters: False', 'CoatCheck: False', 'GoodForDancing: False', 'GoodForKids: False', ""GoodForMeal: {'dessert': False, 'latenight': False, 'lunch': False, 'dinner': True, 'breakfast': False, 'brunch': False}"", 'HappyHour: True', 'HasTV: True', ""Music: {'dj': False, 'background_music': False, 'no_music': False, 'karaoke': False, 'live': False, 'video': False, 'jukebox': False}"", 'NoiseLevel: average', 'OutdoorSeating: True', 'RestaurantsAttire: casual', 'RestaurantsDelivery: False', 'RestaurantsGoodForGroups: True', 'RestaurantsPriceRange2: 3', 'RestaurantsReservations: True', 'RestaurantsTableService: True', 'RestaurantsTakeOut: True', 'Smoking: no', 'WheelchairAccessible: True', 'WiFi: no']",-111.975617586,21001 N Tatum Blvd,85050,AZ,1,LUDX--wfStrKavGyitk4nA,business
Heritage Fish and Chips,Brampton,8,,,"['Seafood', 'Restaurants', 'Fish & Chips']",43.7391978,3.5,"['BusinessAcceptsCreditCards: True', ""BusinessParking: {'garage': False, 'street': False, 'validated': False, 'lot': False, 'valet': False}"", 'HasTV: False', 'NoiseLevel: average', 'OutdoorSeating: True', 'RestaurantsAttire: casual', 'RestaurantsDelivery: False', 'RestaurantsGoodForGroups: True', 'RestaurantsPriceRange2: 2', 'RestaurantsReservations: False', 'RestaurantsTakeOut: True', 'WiFi: no']",-79.7023441,2462 Queen Street E,L6S 5X9,ON,1,sUlrsu49OiV2HaAkCNLhdQ,business
Three Amigos,Pittsburgh,4,"['Monday 11:0-22:0', 'Tuesday 11:0-22:0', 'Wednesday 11:0-22:0', 'Thursday 11:0-22:0', 'Friday 11:0-2:0', 'Saturday 11:0-2:0', 'Sunday 11:0-22:0']",,"['Restaurants', 'Mexican']",40.5340847,3.0,"['Alcohol: full_bar', 'BusinessAcceptsCreditCards: True', ""BusinessParking: {'garage': False, 'street': False, 'validated': False, 'lot': False, 'valet': False}"", 'GoodForKids: True', 'RestaurantsAttire: casual', 'RestaurantsGoodForGroups: True', 'RestaurantsPriceRange2: 2', 'RestaurantsTableService: True']",-79.8447324,2501 Freeport Rd,15238,PA,0,oopfFjmzxgkDB0tt160nkg,business
Dalchini Hakka Chinese,Brampton,4,"['Monday 11:0-22:0', 'Tuesday 11:0-22:0', 'Wednesday 11:0-22:0', 'Thursday 11:0-22:0', 'Friday 11:0-22:0', 'Saturday 11:0-22:0', 'Sunday 11:0-22:0']",,"['Restaurants', 'Chinese']",43.7608846098,3.0,"['Alcohol: full_bar', 'BikeParking: True', 'BusinessAcceptsCreditCards: True', ""BusinessParking: {'garage': False, 'street': False, 'validated': False, 'lot': True, 'valet': False}"", 'Caters: True', 'DogsAllowed: False', 'GoodForKids: True', ""GoodForMeal: {'dessert': False, 'latenight': False, 'lunch': False, 'dinner': False, 'breakfast': False, 'brunch': False}"", 'HasTV: True', 'NoiseLevel: quiet', 'OutdoorSeating: False', 'RestaurantsAttire: casual', 'RestaurantsDelivery: False', 'RestaurantsGoodForGroups: True', 'RestaurantsPriceRange2: 2', 'RestaurantsReservations: True', 'RestaurantsTableService: True', 'RestaurantsTakeOut: True', 'WheelchairAccessible: True', 'WiFi: no']",-79.7367269683,"1098 Peter Robertson Boulevard, Suite 10",L6R 3A5,ON,1,Ei7COF_smiUJH56K6zHqog,business
Pizza Pizza,Toronto,5,,Scarborough,"['Pizza', 'Restaurants']",43.7248400041,1.5,"['BusinessAcceptsCreditCards: True', 'GoodForKids: True', 'NoiseLevel: average', 'OutdoorSeating: True', 'RestaurantsDelivery: True', 'RestaurantsReservations: False', 'RestaurantsTableService: False', 'RestaurantsTakeOut: True']",-79.28991885,Lebovic,M1L,ON,0,PmDhZiyiHI6O3RJXXojJcA,business
Bukhara Grill,Toronto,40,"['Monday 11:30-15:0', 'Monday 17:0-22:0', 'Tuesday 11:0-15:0', 'Tuesday 17:0-22:0', 'Wednesday 11:0-15:0', 'Wednesday 17:0-22:0', 'Thursday 11:0-15:0', 'Thursday 17:0-22:0', 'Friday 11:0-15:0', 'Friday 17:0-22:30', 'Saturday 11:30-15:0', 'Saturday 17:0-22:30', 'Sunday 11:30-15:0', 'Sunday 17:0-22:0']",Swansea,"['Restaurants', 'Indian']",43.6508421,4.0,"['Alcohol: beer_and_wine', ""Ambience: {'romantic': False, 'intimate': False, 'classy': False, 'hipster': False, 'touristy': False, 'trendy': False, 'upscale': False, 'casual': False}"", 'BikeParking: True', 'BusinessAcceptsCreditCards: True', ""BusinessParking: {'garage': False, 'street': True, 'validated': False, 'lot': False, 'valet': False}"", 'GoodForKids: True', ""GoodForMeal: {'dessert': False, 'latenight': False, 'lunch': True, 'dinner': True, 'breakfast': False, 'brunch': False}"", 'HasTV: True', 'NoiseLevel: quiet', 'OutdoorSeating: False', 'RestaurantsAttire: casual', 'RestaurantsDelivery: True', 'RestaurantsGoodForGroups: True', 'RestaurantsPriceRange2: 2', 'RestaurantsReservations: True', 'RestaurantsTableService: True', 'RestaurantsTakeOut: True', 'WiFi: no', 'Caters: True']",-79.477041,2241A Bloor Street W,M6S 1N7,ON,1,g29Wq8-qWAQok49AQO2WqQ,business
The Clark Bar,Champaign,16,"['Tuesday 16:0-2:0', 'Wednesday 16:0-2:0', 'Thursday 16:0-2:0', 'Friday 16:0-2:0', 'Saturday 16:0-2:0']",,"['American (Traditional)', 'Nightlife', 'Restaurants', 'Tapas Bars', 'Karaoke']",40.1150169,4.0,"['Alcohol: full_bar', ""Ambience: {'romantic': False, 'intimate': False, 'classy': False, 'hipster': False, 'divey': False, 'touristy': False, 'trendy': False, 'upscale': False, 'casual': False}"", ""BestNights: {'monday': False, 'tuesday': False, 'friday': True, 'wednesday': True, 'thursday': False, 'sunday': False, 'saturday': True}"", 'BikeParking: True', 'BusinessAcceptsCreditCards: True', ""BusinessParking: {'garage': False, 'street': True, 'validated': False, 'lot': False, 'valet': False}"", 'Caters: True', 'CoatCheck: False', 'GoodForDancing: True', 'GoodForKids: False', ""GoodForMeal: {'dessert': False, 'latenight': True, 'lunch': False, 'dinner': True, 'breakfast': False, 'brunch': False}"", 'HappyHour: True', 'HasTV: True', ""Music: {'dj': True, 'background_music': False, 'no_music': False, 'karaoke': False, 'live': True, 'video': False, 'jukebox': True}"", 'NoiseLevel: average', 'OutdoorSeating: True', 'RestaurantsAttire: casual', 'RestaurantsDelivery: False', 'RestaurantsGoodForGroups: True', 'RestaurantsPriceRange2: 1', 'RestaurantsReservations: False', 'RestaurantsTableService: True', 'RestaurantsTakeOut: True', 'Smoking: outdoor', 'WheelchairAccessible: True', 'WiFi: no']",-88.2461385,207 W Clark St,61820,IL,1,HbK6IfznbVToEaKVC0WcSg,business
Subway,Glendale,6,,,"['Fast Food', 'Restaurants', 'Sandwiches']",33.6530347,3.0,"['BusinessAcceptsCreditCards: True', 'GoodForKids: True', ""GoodForMeal: {'dessert': False, 'latenight': False, 'lunch': False, 'dinner': False, 'breakfast': False, 'brunch': False}"", 'NoiseLevel: quiet', 'RestaurantsGoodForGroups: True', 'RestaurantsPriceRange2: 1', 'RestaurantsReservations: False', 'RestaurantsTakeOut: True']",-112.1682485,18425 N 51st Ave,85308,AZ,1,HcGBngbEnBdPKMwaf2iuRg,business
Stella 59,Glendale,33,"['Monday 11:0-23:0', 'Tuesday 11:0-23:0', 'Wednesday 11:0-23:0', 'Thursday 11:0-23:0', 'Friday 11:0-0:0', 'Saturday 11:0-0:0', 'Sunday 10:0-22:0']",,"['Restaurants', 'Food', 'Italian']",33.654846,3.5,"['Alcohol: full_bar', ""Ambience: {'romantic': False, 'intimate': False, 'classy': False, 'hipster': False, 'divey': False, 'touristy': False, 'trendy': False, 'upscale': False, 'casual': True}"", 'BikeParking: True', 'BusinessAcceptsCreditCards: True', ""BusinessParking: {'garage': False, 'street': False, 'validated': False, 'lot': True, 'valet': False}"", 'Caters: True', 'GoodForKids: True', ""GoodForMeal: {'dessert': False, 'latenight': False, 'lunch': True, 'dinner': False, 'breakfast': False, 'brunch': False}"", 'HasTV: True', 'NoiseLevel: average', 'OutdoorSeating: True', 'RestaurantsAttire: casual', 'RestaurantsDelivery: False', 'RestaurantsGoodForGroups: True', 'RestaurantsPriceRange2: 2', 'RestaurantsReservations: True', 'RestaurantsTableService: True', 'RestaurantsTakeOut: True', 'WiFi: free']",-112.188569,"5940 W Union Hills Dr, Bldg E100",85308,AZ,0,6cf70OiTGqhn5JtHV4Y0bQ,business
Ame,Toronto,23,,Entertainment District,"['Restaurants', 'Japanese', 'Nightlife', 'Bars']",43.6456899,3.5,"['Alcohol: full_bar', ""Ambience: {'romantic': False, 'intimate': False, 'classy': False, 'hipster': False, 'touristy': False, 'trendy': True, 'upscale': False, 'casual': False}"", ""BestNights: {'monday': False, 'tuesday': False, 'friday': True, 'wednesday': False, 'thursday': True, 'sunday': False, 'saturday': True}"", 'BusinessAcceptsCreditCards: True', ""BusinessParking: {'garage': False, 'street': False, 'validated': False, 'lot': False, 'valet': False}"", 'CoatCheck: True', 'GoodForKids: False', ""GoodForMeal: {'dessert': False, 'latenight': True, 'lunch': False, 'dinner': True, 'breakfast': False, 'brunch': False}"", 'HappyHour: False', ""Music: {'dj': True, 'background_music': False, 'no_music': False, 'karaoke': False, 'live': False, 'video': False, 'jukebox': False}"", 'NoiseLevel: average', 'OutdoorSeating: False', 'RestaurantsAttire: dressy', 'RestaurantsDelivery: False', 'RestaurantsGoodForGroups: True', 'RestaurantsPriceRange2: 4', 'RestaurantsReservations: True', 'RestaurantsTableService: True', 'RestaurantsTakeOut: False', 'Smoking: no', 'WheelchairAccessible: True']",-79.3905064,19 Mercer St,M5V 1H2,ON,0,ogUiKg4hL01zt2o2M5IZ3w,business
Douze Vingt-et-Un Steakhouse & Cigar Bar,Montréal,4,"['Monday 11:30-14:30', 'Monday 17:30-23:0', 'Tuesday 11:30-14:30', 'Tuesday 17:30-23:0', 'Wednesday 11:30-14:30', 'Wednesday 17:30-23:0', 'Thursday 17:30-0:0', 'Friday 17:30-0:0', 'Saturday 17:30-0:0', 'Sunday 17:30-23:0']",Ville-Marie,"['Steakhouses', 'Food', 'Restaurants', 'Beer', 'Wine & Spirits']",45.4973632,4.0,"['Alcohol: full_bar', ""Ambience: {'romantic': False, 'intimate': False, 'classy': False, 'hipster': False, 'touristy': False, 'trendy': False, 'upscale': False, 'casual': False}"", 'BusinessAcceptsCreditCards: True', ""BusinessParking: {'garage': True, 'street': True, 'validated': False, 'lot': False, 'valet': True}"", 'Caters: False', 'DogsAllowed: False', 'GoodForKids: False', ""GoodForMeal: {'dessert': False, 'latenight': False, 'lunch': False, 'dinner': True, 'breakfast': False, 'brunch': False}"", 'HasTV: False', 'NoiseLevel: loud', 'OutdoorSeating: True', 'RestaurantsAttire: dressy', 'RestaurantsDelivery: False', 'RestaurantsGoodForGroups: True', 'RestaurantsPriceRange2: 4', 'RestaurantsReservations: True', 'RestaurantsTableService: True', 'RestaurantsTakeOut: True', 'WheelchairAccessible: True', 'WiFi: free']",-73.5717572,1221 René Lévesque Ouest,H3G 1T1,QC,0,ddVqa9ZumiwATVhlTVq4RA,business
Sweet Melissa,Rocky River,239,"['Monday 11:0-21:0', 'Tuesday 11:0-22:0', 'Wednesday 11:0-22:0', 'Thursday 11:0-22:0', 'Friday 11:0-23:0', 'Saturday 9:0-23:0', 'Sunday 9:0-21:0']",,"['Desserts', 'American (Traditional)', 'Restaurants', 'Food', 'Caterers', 'Event Planning & Services', 'Diners']",41.4813363086,3.5,"['Alcohol: full_bar', ""Ambience: {'romantic': False, 'intimate': False, 'classy': False, 'hipster': False, 'divey': False, 'touristy': False, 'trendy': False, 'upscale': False, 'casual': True}"", 'BikeParking: True', 'BusinessAcceptsCreditCards: True', ""BusinessParking: {'garage': False, 'street': True, 'validated': False, 'lot': True, 'valet': False}"", 'Caters: True', 'GoodForKids: True', ""GoodForMeal: {'dessert': False, 'latenight': False, 'lunch': True, 'dinner': False, 'breakfast': False, 'brunch': False}"", 'HasTV: True', 'NoiseLevel: average', 'OutdoorSeating: False', 'RestaurantsAttire: casual', 'RestaurantsDelivery: False', 'RestaurantsGoodForGroups: True', 'RestaurantsPriceRange2: 2', 'RestaurantsReservations: True', 'RestaurantsTableService: True', 'RestaurantsTakeOut: True', 'WheelchairAccessible: True', 'WiFi: free']",-81.8366502362,19337 Detroit Rd,44116,OH,1,F80c5w4dUF1QoFcJG4JrmQ,business
Big Boy's Burgers,Pickering,9,"['Monday 11:0-21:0', 'Tuesday 11:0-21:0', 'Wednesday 11:0-21:0', 'Thursday 11:0-22:0', 'Friday 11:0-22:0', 'Saturday 11:0-22:0']",,"['Burgers', 'Restaurants']",43.8192425,4.0,"['Alcohol: none', ""Ambience: {'romantic': False, 'intimate': False, 'classy': False, 'hipster': False, 'touristy': False, 'trendy': False, 'upscale': False, 'casual': True}"", 'BikeParking: False', 'BusinessAcceptsCreditCards: True', ""BusinessParking: {'garage': False, 'street': False, 'validated': False, 'lot': True, 'valet': False}"", 'DriveThru: False', 'GoodForKids: True', ""GoodForMeal: {'dessert': False, 'latenight': False, 'lunch': True, 'dinner': False, 'breakfast': False, 'brunch': False}"", 'HasTV: True', 'NoiseLevel: average', 'OutdoorSeating: False', 'RestaurantsAttire: casual', 'RestaurantsDelivery: False', 'RestaurantsGoodForGroups: True', 'RestaurantsPriceRange2: 2', 'RestaurantsReservations: False', 'RestaurantsTableService: False', 'RestaurantsTakeOut: True', 'WiFi: no']",-79.1135987,705 Kingston Road,L1V 6K3,ON,1,d9ftOq9cPFsicPSasP-IRw,business
Paul Patates,Montréal,9,"['Monday 10:0-19:0', 'Tuesday 10:0-19:0', 'Wednesday 10:0-19:0', 'Thursday 10:0-20:0', 'Friday 10:0-20:0', 'Saturday 11:0-19:0']",Verdun,"['Fast Food', 'Restaurants']",45.4753486,3.5,"['Alcohol: none', ""Ambience: {'romantic': False, 'intimate': False, 'classy': False, 'hipster': False, 'touristy': False, 'trendy': False, 'upscale': False, 'casual': False}"", 'BusinessAcceptsCreditCards: False', ""BusinessParking: {'garage': False, 'street': False, 'validated': False, 'lot': False, 'valet': False}"", 'Caters: False', 'DriveThru: False', 'GoodForKids: True', ""GoodForMeal: {'dessert': False, 'latenight': False, 'lunch': False, 'dinner': False, 'breakfast': False, 'brunch': False}"", 'HasTV: False', 'NoiseLevel: average', 'OutdoorSeating: False', 'RestaurantsAttire: casual', 'RestaurantsDelivery: False', 'RestaurantsGoodForGroups: False', 'RestaurantsPriceRange2: 1', 'RestaurantsReservations: False', 'RestaurantsTableService: True', 'RestaurantsTakeOut: True', 'WiFi: no']",-73.5639364,760 Rue Charlevoix,H3K 2Y3,QC,1,O_JuXGu88rG4T8G8SKe67A,business
Barrio,Cleveland,428,"['Monday 16:0-2:30', 'Tuesday 16:0-2:30', 'Wednesday 16:0-2:30', 'Thursday 16:0-2:30', 'Friday 11:0-2:30', 'Saturday 11:0-2:30', 'Sunday 11:0-2:30']",Tremont,"['Mexican', 'Bars', 'Restaurants', 'Nightlife']",41.4821202,4.0,"['Alcohol: full_bar', ""Ambience: {'romantic': False, 'intimate': False, 'classy': False, 'hipster': True, 'divey': False, 'touristy': False, 'trendy': True, 'upscale': False, 'casual': True}"", ""BestNights: {'monday': False, 'tuesday': True, 'friday': False, 'wednesday': True, 'thursday': True, 'sunday': False, 'saturday': False}"", 'BikeParking: True', 'BusinessAcceptsCreditCards: True', ""BusinessParking: {'garage': False, 'street': True, 'validated': False, 'lot': False, 'valet': False}"", 'Caters: False', 'CoatCheck: False', 'GoodForDancing: False', 'GoodForKids: False', ""GoodForMeal: {'dessert': False, 'latenight': True, 'lunch': False, 'dinner': True, 'breakfast': False, 'brunch': False}"", 'HappyHour: True', 'HasTV: True', ""Music: {'dj': False, 'background_music': True, 'no_music': False, 'karaoke': False, 'live': False, 'video': False, 'jukebox': False}"", 'NoiseLevel: average', 'OutdoorSeating: True', 'RestaurantsAttire: casual', 'RestaurantsDelivery: False', 'RestaurantsGoodForGroups: True', 'RestaurantsPriceRange2: 2', 'RestaurantsReservations: False', 'RestaurantsTableService: True', 'RestaurantsTakeOut: True', 'Smoking: outdoor', 'WheelchairAccessible: False', 'WiFi: free']",-81.6863887,806 Literary Rd,44113,OH,1,OA5Li3ySzhrbG_WvD_QGYA,business
Penn Station,Cleveland,10,"['Monday 11:0-23:0', 'Tuesday 11:0-23:0', 'Wednesday 11:0-23:0', 'Thursday 11:0-23:0', 'Friday 11:0-23:0', 'Saturday 11:0-23:0', 'Sunday 11:0-20:0']",Jefferson,"['Cheesesteaks', 'Sandwiches', 'Restaurants']",41.4730894,3.0,"['Alcohol: none', ""Ambience: {'romantic': False, 'intimate': False, 'classy': False, 'hipster': False, 'divey': False, 'touristy': False, 'trendy': False, 'upscale': False, 'casual': False}"", 'BikeParking: False', 'BusinessAcceptsCreditCards: True', ""BusinessParking: {'garage': False, 'street': False, 'validated': False, 'lot': True, 'valet': False}"", 'Caters: True', 'GoodForKids: True', ""GoodForMeal: {'dessert': False, 'latenight': False, 'lunch': True, 'dinner': False, 'breakfast': False, 'brunch': False}"", 'HasTV: True', 'NoiseLevel: average', 'OutdoorSeating: False', 'RestaurantsAttire: casual', 'RestaurantsDelivery: False', 'RestaurantsGoodForGroups: True', 'RestaurantsPriceRange2: 1', 'RestaurantsReservations: False', 'RestaurantsTableService: False', 'RestaurantsTakeOut: True', 'WheelchairAccessible: True', 'WiFi: no']",-81.7693004,2164 W 117th St,44111,OH,1,sX-7qfeKaN9wRr2eD0UmGg,business
Love'in Noodles,Scarborough,7,"['Monday 11:30-23:30', 'Tuesday 11:30-23:30', 'Wednesday 11:30-23:30', 'Thursday 11:30-23:30', 'Friday 11:30-23:30', 'Saturday 11:30-23:30', 'Sunday 11:30-23:30']",Scarborough,"['Restaurants', 'Chinese']",43.8219335809,2.0,"['GoodForKids: True', ""GoodForMeal: {'dessert': False, 'latenight': False, 'lunch': False, 'dinner': False, 'breakfast': False, 'brunch': False}"", 'RestaurantsAttire: casual', 'RestaurantsDelivery: False', 'RestaurantsGoodForGroups: True', 'RestaurantsPriceRange2: 1', 'RestaurantsReservations: True', 'RestaurantsTakeOut: True']",-79.2985281721,633 Silver Star Boulevard,M1V 5N1,ON,0,FMtluZEVTYvHN4bIZi734w,business
China A Go Go,North Las Vegas,66,"['Monday 11:0-21:30', 'Tuesday 11:0-21:30', 'Wednesday 11:0-21:30', 'Thursday 11:0-21:30', 'Friday 11:0-22:0', 'Saturday 11:0-22:0', 'Sunday 11:0-21:30']",Northwest,"['Chinese', 'Restaurants']",36.2625247,3.5,"['Alcohol: none', ""Ambience: {'romantic': False, 'intimate': False, 'classy': False, 'hipster': False, 'divey': False, 'touristy': False, 'trendy': False, 'upscale': False, 'casual': True}"", 'BikeParking: False', 'BusinessAcceptsCreditCards: True', ""BusinessParking: {'garage': False, 'street': False, 'validated': False, 'lot': True, 'valet': False}"", 'Caters: True', 'GoodForKids: True', ""GoodForMeal: {'dessert': False, 'latenight': False, 'lunch': True, 'dinner': False, 'breakfast': False, 'brunch': False}"", 'HasTV: True', 'NoiseLevel: average', 'OutdoorSeating: False', 'RestaurantsAttire: casual', 'RestaurantsDelivery: True', 'RestaurantsGoodForGroups: False', 'RestaurantsPriceRange2: 1', 'RestaurantsReservations: False', 'RestaurantsTableService: True', 'RestaurantsTakeOut: True', 'WheelchairAccessible: True', 'WiFi: no']",-115.2066936,"4780 W Ann Rd, Ste 3",89031,NV,1,JOsBOphWK14yjq7FC1zL5w,business
Panchero's Mexican Grill,Madison,14,"['Monday 10:30-23:0', 'Tuesday 10:30-23:0', 'Wednesday 10:30-23:0', 'Thursday 10:30-23:0', 'Friday 10:30-23:0', 'Saturday 10:30-23:0', 'Sunday 10:30-21:0']",,"['Mexican', 'Restaurants']",43.0601747344,2.5,"['Alcohol: none', 'BikeParking: True', 'BusinessAcceptsCreditCards: True', ""BusinessParking: {'garage': False, 'street': False, 'validated': False, 'lot': False, 'valet': False}"", 'Caters: False', 'GoodForKids: True', ""GoodForMeal: {'dessert': False, 'latenight': False, 'lunch': True, 'dinner': False, 'breakfast': False, 'brunch': False}"", 'HasTV: True', 'NoiseLevel: quiet', 'OutdoorSeating: True', 'RestaurantsAttire: casual', 'RestaurantsDelivery: False', 'RestaurantsGoodForGroups: True', 'RestaurantsPriceRange2: 1', 'RestaurantsReservations: False', 'RestaurantsTableService: False', 'RestaurantsTakeOut: True', 'WiFi: no']",-89.5034033688,402 S Gammon Rd,53719,WI,1,aLZTOa5e2ON9mmDQcw6GtQ,business
Burrito King,Champaign,23,"['Monday 11:0-3:0', 'Tuesday 11:0-3:0', 'Wednesday 11:0-3:0', 'Thursday 11:0-3:0', 'Friday 11:0-3:0', 'Saturday 11:0-3:0']",,"['Mexican', 'Restaurants']",40.1104696,3.5,"['Alcohol: none', ""Ambience: {'romantic': False, 'intimate': False, 'classy': False, 'hipster': False, 'divey': True, 'touristy': False, 'trendy': False, 'upscale': False, 'casual': True}"", 'BikeParking: False', 'BusinessAcceptsCreditCards: True', ""BusinessParking: {'garage': False, 'street': True, 'validated': False, 'lot': False, 'valet': False}"", 'Caters: False', 'GoodForKids: True', ""GoodForMeal: {'dessert': False, 'latenight': True, 'lunch': True, 'dinner': True, 'breakfast': False, 'brunch': False}"", 'HasTV: True', 'NoiseLevel: loud', 'OutdoorSeating: False', 'RestaurantsAttire: casual', 'RestaurantsDelivery: True', 'RestaurantsGoodForGroups: True', 'RestaurantsPriceRange2: 1', 'RestaurantsReservations: False', 'RestaurantsTableService: True', 'RestaurantsTakeOut: True', 'WheelchairAccessible: True', 'WiFi: no']",-88.2331177,404 E Green St,61820,IL,0,_zCwyuW5XrRKw8oK8EM49A,business
Pizza Hut,Kent,4,,,"['Italian', 'Restaurants', 'Chicken Wings', 'Pizza']",41.1020064,4.0,"['Alcohol: full_bar', ""Ambience: {'romantic': False, 'intimate': False, 'classy': False, 'hipster': False, 'divey': False, 'touristy': False, 'trendy': False, 'upscale': False, 'casual': False}"", 'BikeParking: False', 'BusinessAcceptsCreditCards: True', ""BusinessParking: {'garage': False, 'street': False, 'validated': False, 'lot': True, 'valet': False}"", 'Caters: False', ""GoodForMeal: {'dessert': False, 'latenight': False, 'lunch': False, 'dinner': False, 'breakfast': False, 'brunch': False}"", 'HasTV: True', 'NoiseLevel: average', 'OutdoorSeating: False', 'RestaurantsAttire: casual', 'RestaurantsDelivery: True', 'RestaurantsGoodForGroups: True', 'RestaurantsPriceRange2: 2', 'RestaurantsReservations: True', 'RestaurantsTableService: True', 'RestaurantsTakeOut: True', 'WiFi: free', 'GoodForKids: True']",-81.3459163,4118 State Hwy. 43,44240,OH,1,B2SPDI-2ESi9gS7fExW4aQ,business
Alte Dorfschule,Ostfildern,16,"['Monday 17:30-0:0', 'Tuesday 17:30-0:0', 'Wednesday 17:30-0:0', 'Thursday 17:30-0:0', 'Friday 17:30-0:0', 'Saturday 17:30-0:0']",,"['Swabian', 'Nightlife', 'German', 'Restaurants', 'Bars', 'Wine Bars']",48.728,4.5,"['Alcohol: full_bar', ""Ambience: {'romantic': False, 'intimate': False, 'classy': False, 'hipster': False, 'touristy': False, 'trendy': False, 'upscale': False, 'casual': False}"", 'BusinessAcceptsCreditCards: False', ""BusinessParking: {'garage': False, 'street': False, 'validated': False, 'lot': False, 'valet': False}"", 'CoatCheck: True', 'DogsAllowed: False', 'GoodForDancing: False', ""GoodForMeal: {'dessert': False, 'latenight': False, 'lunch': False, 'dinner': False, 'breakfast': False, 'brunch': False}"", 'OutdoorSeating: True', 'RestaurantsAttire: casual', 'RestaurantsDelivery: False', 'RestaurantsGoodForGroups: True', 'RestaurantsPriceRange2: 3', 'RestaurantsReservations: True', 'RestaurantsTableService: True', 'RestaurantsTakeOut: False', 'Smoking: no', 'WheelchairAccessible: False']",9.25207,Scharnhauser Str. 41,73760,BW,1,q7595zeMcJyNRE6XNDDidw,business
DiPietro's,Pittsburgh,31,"['Monday 11:0-21:0', 'Tuesday 11:0-21:0', 'Wednesday 11:0-21:0', 'Thursday 11:0-21:0', 'Friday 11:0-22:0', 'Saturday 11:0-22:0', 'Sunday 12:0-21:0']",West View,"['Fast Food', 'Ice Cream & Frozen Yogurt', 'Food', 'Buffets', 'Italian', 'Sandwiches', 'Restaurants', 'Pizza']",40.518468,4.0,"['Alcohol: full_bar', 'BusinessAcceptsCreditCards: True', ""BusinessParking: {'garage': False, 'street': True, 'validated': False, 'lot': False, 'valet': False}"", 'GoodForKids: True', ""GoodForMeal: {'dessert': False, 'latenight': False, 'lunch': False, 'dinner': True, 'breakfast': False, 'brunch': False}"", 'HasTV: True', 'OutdoorSeating: False', 'RestaurantsAttire: casual', 'RestaurantsDelivery: True', 'RestaurantsGoodForGroups: True', 'RestaurantsPriceRange2: 2', 'RestaurantsReservations: True', 'RestaurantsTableService: True', 'RestaurantsTakeOut: True', 'WheelchairAccessible: True', 'WiFi: no', 'NoiseLevel: average', ""Ambience: {'romantic': False, 'intimate': True, 'classy': False, 'hipster': False, 'divey': False, 'touristy': False, 'trendy': False, 'upscale': False, 'casual': True}""]",-80.0316117,412 Perry Hwy,15229,PA,1,ynKAUSYi3c8M-rkVJI1PcQ,business
Baton Rouge Steakhouse & Bar,North York,49,"['Monday 11:0-22:0', 'Tuesday 11:0-23:0', 'Wednesday 11:0-23:0', 'Thursday 11:0-23:0', 'Friday 11:0-0:0', 'Saturday 11:0-0:0', 'Sunday 11:0-22:0']",Willowdale,"['Restaurants', 'Steakhouses']",43.7661958,3.0,"['Alcohol: full_bar', ""Ambience: {'romantic': False, 'intimate': True, 'classy': False, 'hipster': False, 'touristy': False, 'trendy': False, 'upscale': False, 'casual': False}"", 'BikeParking: True', 'BusinessAcceptsCreditCards: True', ""BusinessParking: {'garage': False, 'street': False, 'validated': True, 'lot': False, 'valet': False}"", 'Caters: False', 'DogsAllowed: False', 'GoodForKids: True', ""GoodForMeal: {'dessert': False, 'latenight': False, 'lunch': True, 'dinner': False, 'breakfast': False, 'brunch': False}"", 'HasTV: True', 'NoiseLevel: quiet', 'OutdoorSeating: True', 'RestaurantsAttire: casual', 'RestaurantsDelivery: False', 'RestaurantsGoodForGroups: True', 'RestaurantsPriceRange2: 2', 'RestaurantsReservations: True', 'RestaurantsTableService: True', 'RestaurantsTakeOut: True', 'WheelchairAccessible: True', 'WiFi: free']",-79.4128628,5000 Yonge Street,M2N 7E9,ON,1,JhH2-Vcvc36qedE2UYvhTQ,business
Pam Real Thai Las Vegas,Las Vegas,78,"['Tuesday 11:0-22:0', 'Wednesday 11:0-22:0', 'Thursday 11:0-22:0', 'Friday 11:0-22:0', 'Saturday 11:0-22:0', 'Sunday 17:30-22:0']",Chinatown,"['Thai', 'Food', 'Restaurants', 'Food Delivery Services']",36.123621,4.5,"['Alcohol: none', ""Ambience: {'romantic': False, 'intimate': False, 'classy': False, 'hipster': False, 'divey': False, 'touristy': False, 'trendy': False, 'upscale': False, 'casual': True}"", 'BikeParking: False', 'BusinessAcceptsCreditCards: True', ""BusinessParking: {'garage': False, 'street': False, 'validated': False, 'lot': True, 'valet': False}"", 'Caters: True', 'GoodForKids: True', ""GoodForMeal: {'dessert': False, 'latenight': False, 'lunch': True, 'dinner': False, 'breakfast': False, 'brunch': False}"", 'HasTV: False', 'NoiseLevel: average', 'OutdoorSeating: False', 'RestaurantsAttire: casual', 'RestaurantsDelivery: True', 'RestaurantsGoodForGroups: True', 'RestaurantsPriceRange2: 1', 'RestaurantsReservations: True', 'RestaurantsTableService: True', 'RestaurantsTakeOut: True', 'WheelchairAccessible: True', 'WiFi: no']",-115.2074151,3650 S Decatur Blvd,89103,NV,0,DbK9fyJq4O4zfT1jv6JOhw,business
Ebony,Stuttgart,19,"['Tuesday 15:0-1:0', 'Wednesday 15:0-1:0', 'Thursday 15:0-1:0', 'Friday 15:0-1:0', 'Saturday 15:0-1:0', 'Sunday 15:0-1:0']",,"['African', 'Restaurants', 'Ethiopian']",48.7739,3.5,"['Alcohol: full_bar', ""Ambience: {'romantic': False, 'intimate': False, 'classy': False, 'hipster': False, 'touristy': False, 'trendy': False, 'upscale': False, 'casual': False}"", 'BusinessAcceptsBitcoin: False', 'BusinessAcceptsCreditCards: False', ""BusinessParking: {'garage': False, 'street': True, 'validated': False, 'lot': False, 'valet': False}"", 'Caters: True', 'DogsAllowed: True', 'GoodForKids: True', ""GoodForMeal: {'dessert': False, 'latenight': False, 'lunch': False, 'dinner': True, 'breakfast': False, 'brunch': False}"", 'HasTV: False', 'OutdoorSeating: True', 'RestaurantsAttire: casual', 'RestaurantsDelivery: True', 'RestaurantsGoodForGroups: True', 'RestaurantsPriceRange2: 2', 'RestaurantsReservations: True', 'RestaurantsTableService: True', 'RestaurantsTakeOut: True', 'WheelchairAccessible: True', 'WiFi: free']",9.16765,Herzogstr. 11,70176,BW,1,7UCAuWa19aKxASVvo3P0CA,business
Pizza 9,Las Vegas,3,"['Monday 11:0-23:0', 'Tuesday 11:0-23:0', 'Wednesday 11:0-23:0', 'Thursday 11:0-23:0', 'Friday 11:0-0:0', 'Saturday 11:0-0:0', 'Sunday 11:0-23:0']",Eastside,"['Restaurants', 'Chicken Wings', 'Food', 'Specialty Food', 'Pizza', 'Pasta Shops', 'Sandwiches', 'Salad']",36.1157652653,4.5,"['BusinessAcceptsCreditCards: True', 'RestaurantsGoodForGroups: True', 'RestaurantsReservations: False', 'RestaurantsTakeOut: True', 'BikeParking: True', 'GoodForKids: True', 'HasTV: False', 'RestaurantsAttire: casual', 'RestaurantsPriceRange2: 1', ""BusinessParking: {'garage': False, 'street': False, 'validated': False, 'lot': False, 'valet': False}"", ""Ambience: {'romantic': False, 'intimate': False, 'classy': False, 'hipster': False, 'divey': False, 'touristy': False, 'trendy': False, 'upscale': False, 'casual': False}"", ""GoodForMeal: {'dessert': False, 'latenight': False, 'lunch': False, 'dinner': False, 'breakfast': False, 'brunch': False}"", 'OutdoorSeating: False', 'RestaurantsDelivery: True']",-115.096344834,"3620 E Flamingo Rd, Ste 5",89121,NV,1,U00_w-9WRddd5R_RGdzA0A,business
Jayde Fuzion,Henderson,196,"['Wednesday 17:0-22:0', 'Thursday 17:0-22:0', 'Friday 17:0-22:0', 'Saturday 17:0-22:0', 'Sunday 17:0-22:0']",,"['Asian Fusion', 'Resorts', 'Beauty & Spas', 'Arts & Entertainment', 'Restaurants', 'Hotels & Travel', 'Casinos', 'Day Spas']",35.965173,3.0,"['Alcohol: full_bar', ""Ambience: {'romantic': False, 'intimate': False, 'classy': False, 'hipster': False, 'divey': False, 'touristy': False, 'trendy': True, 'upscale': False, 'casual': False}"", 'BikeParking: True', 'BusinessAcceptsCreditCards: True', ""BusinessParking: {'garage': True, 'street': False, 'validated': False, 'lot': False, 'valet': True}"", 'Caters: False', 'GoodForKids: False', ""GoodForMeal: {'dessert': False, 'latenight': False, 'lunch': False, 'dinner': True, 'breakfast': False, 'brunch': False}"", 'HasTV: False', 'NoiseLevel: average', 'OutdoorSeating: False', 'RestaurantsAttire: casual', 'RestaurantsDelivery: False', 'RestaurantsGoodForGroups: True', 'RestaurantsPriceRange2: 2', 'RestaurantsReservations: True', 'RestaurantsTableService: True', 'RestaurantsTakeOut: False', 'WiFi: no']",-115.168773,"M Resort Spa Casino, 12300 Las Vegas Blvd S",89044,NV,1,V90fC_aF-_DNYzQvUtbLww,business
Sangria y Tapas Bar & Restaurant,Westlake,91,"['Monday 11:0-23:0', 'Tuesday 11:0-23:0', 'Wednesday 11:0-23:0', 'Thursday 11:0-23:0', 'Friday 11:0-23:0', 'Saturday 11:0-23:0', 'Sunday 11:0-22:0']",,"['Spanish', 'Tapas Bars', 'Restaurants']",41.467488,4.5,"['Alcohol: full_bar', ""Ambience: {'romantic': True, 'intimate': True, 'classy': True, 'hipster': False, 'divey': False, 'touristy': False, 'trendy': False, 'upscale': False, 'casual': False}"", 'BikeParking: True', 'BusinessAcceptsCreditCards: True', ""BusinessParking: {'garage': False, 'street': False, 'validated': False, 'lot': True, 'valet': False}"", 'Caters: True', 'GoodForKids: False', ""GoodForMeal: {'dessert': True, 'latenight': True, 'lunch': True, 'dinner': True, 'breakfast': False, 'brunch': False}"", 'HasTV: True', 'NoiseLevel: average', 'OutdoorSeating: True', 'RestaurantsAttire: casual', 'RestaurantsDelivery: False', 'RestaurantsGoodForGroups: True', 'RestaurantsPriceRange2: 2', 'RestaurantsReservations: True', 'RestaurantsTableService: True', 'RestaurantsTakeOut: True', 'WheelchairAccessible: True', 'WiFi: free']",-81.921821,27200 Detroit Rd,44145,OH,1,dVvij7VRh55dISu02I0IGw,business
Max & Erma's,Westlake,25,,,"['Restaurants', 'American (Traditional)', 'American (New)']",41.46284,2.5,"['Alcohol: full_bar', ""Ambience: {'romantic': False, 'intimate': False, 'classy': False, 'hipster': False, 'divey': False, 'touristy': False, 'trendy': False, 'upscale': False, 'casual': True}"", 'BikeParking: True', 'BusinessAcceptsCreditCards: True', ""BusinessParking: {'garage': False, 'street': False, 'validated': False, 'lot': True, 'valet': False}"", 'Caters: True', 'GoodForKids: True', ""GoodForMeal: {'dessert': False, 'latenight': False, 'lunch': True, 'dinner': False, 'breakfast': False, 'brunch': False}"", 'HasTV: True', 'NoiseLevel: average', 'OutdoorSeating: True', 'RestaurantsAttire: casual', 'RestaurantsDelivery: False', 'RestaurantsGoodForGroups: True', 'RestaurantsPriceRange2: 2', 'RestaurantsReservations: True', 'RestaurantsTableService: True', 'RestaurantsTakeOut: True', 'WiFi: free']",-81.9532672,30105 Detroit Rd,44145,OH,0,JsFTgZEGe3xuTMdJQgx2Eg,business
Triple Crown Bar & Grill,North York,14,"['Monday 7:0-2:0', 'Tuesday 7:0-2:0', 'Wednesday 7:0-2:0', 'Thursday 7:0-2:0', 'Friday 7:0-2:0', 'Saturday 7:0-2:0', 'Sunday 7:0-2:0']",,"['Restaurants', 'American (New)', 'Nightlife', 'Steakhouses', 'Bars']",43.7413837,2.0,"['Alcohol: full_bar', ""Ambience: {'romantic': False, 'intimate': False, 'classy': False, 'hipster': False, 'touristy': False, 'trendy': False, 'upscale': False, 'casual': True}"", ""BestNights: {'monday': False, 'tuesday': False, 'friday': False, 'wednesday': True, 'thursday': False, 'sunday': True, 'saturday': False}"", 'BikeParking: True', 'BusinessAcceptsCreditCards: True', ""BusinessParking: {'garage': False, 'street': True, 'validated': False, 'lot': True, 'valet': False}"", 'Caters: True', 'CoatCheck: False', 'DogsAllowed: False', 'GoodForDancing: False', 'GoodForKids: True', ""GoodForMeal: {'dessert': False, 'latenight': False, 'lunch': False, 'dinner': False, 'breakfast': False, 'brunch': False}"", 'HappyHour: False', 'HasTV: True', ""Music: {'dj': False, 'background_music': False, 'no_music': False, 'karaoke': False, 'live': False, 'video': False, 'jukebox': False}"", 'NoiseLevel: average', 'OutdoorSeating: True', 'RestaurantsAttire: casual', 'RestaurantsDelivery: False', 'RestaurantsGoodForGroups: True', 'RestaurantsPriceRange2: 2', 'RestaurantsReservations: True', 'RestaurantsTableService: True', 'RestaurantsTakeOut: True', 'Smoking: outdoor', 'WheelchairAccessible: True', 'WiFi: free']",-79.3167491,1252 Lawrence Avenue E,M3A 1C3,ON,0,-33BHZKxCiREa1cfa672OQ,business
Michael's Pizza Bar & Restaurant,Pittsburgh,65,,South Side,"['Restaurants', 'Pizza']",40.4262306,4.5,"['Alcohol: full_bar', ""Ambience: {'romantic': False, 'intimate': False, 'classy': False, 'hipster': False, 'divey': False, 'touristy': False, 'trendy': False, 'upscale': False, 'casual': True}"", 'BikeParking: False', 'BusinessAcceptsCreditCards: True', ""BusinessParking: {'garage': False, 'street': True, 'validated': False, 'lot': False, 'valet': False}"", 'Caters: False', 'GoodForKids: True', ""GoodForMeal: {'dessert': False, 'latenight': False, 'lunch': True, 'dinner': True, 'breakfast': False, 'brunch': False}"", 'HasTV: True', 'NoiseLevel: average', 'OutdoorSeating: True', 'RestaurantsAttire: casual', 'RestaurantsDelivery: False', 'RestaurantsGoodForGroups: True', 'RestaurantsPriceRange2: 1', 'RestaurantsReservations: False', 'RestaurantsTableService: True', 'RestaurantsTakeOut: True', 'WiFi: free']",-79.9682216,2612 Sarah St,15203,PA,1,38aN0fB_zHtkw1kb3lSj8g,business
Monsieur B,Montréal,21,"['Monday 18:0-22:0', 'Tuesday 18:0-22:0', 'Wednesday 18:0-22:0', 'Thursday 18:0-22:0', 'Friday 18:0-22:0', 'Saturday 18:0-22:0', 'Sunday 18:0-22:0']",Plateau-Mont-Royal,"['Restaurants', 'French']",45.525025,3.5,"['Alcohol: none', ""Ambience: {'romantic': False, 'intimate': True, 'classy': False, 'hipster': False, 'touristy': False, 'trendy': False, 'upscale': False, 'casual': False}"", 'BikeParking: True', 'BusinessAcceptsCreditCards: True', ""BusinessParking: {'garage': False, 'street': False, 'validated': False, 'lot': False, 'valet': False}"", 'Caters: False', 'GoodForKids: False', ""GoodForMeal: {'dessert': False, 'latenight': False, 'lunch': False, 'dinner': True, 'breakfast': False, 'brunch': False}"", 'HasTV: False', 'NoiseLevel: average', 'OutdoorSeating: False', 'RestaurantsAttire: casual', 'RestaurantsDelivery: False', 'RestaurantsGoodForGroups: False', 'RestaurantsPriceRange2: 3', 'RestaurantsReservations: True', 'RestaurantsTableService: True', 'RestaurantsTakeOut: False', 'WiFi: no']",-73.586277,371 Rue Villeneuve E,H2T 1M1,QC,1,VzLwewoXSFVLUQjHgBzlzA,business
Swiss Chalet Rotisserie & Grill,Toronto,14,"['Monday 11:0-22:0', 'Tuesday 11:0-22:0', 'Wednesday 11:0-22:0', 'Thursday 11:0-22:0', 'Friday 11:0-22:0', 'Saturday 11:0-22:0', 'Sunday 11:0-21:30']",Downtown Core,"['Chicken Wings', 'Restaurants', 'Barbeque', 'American (Traditional)', 'Comfort Food']",43.6595025,2.5,"['Alcohol: full_bar', ""Ambience: {'romantic': False, 'intimate': False, 'classy': False, 'hipster': False, 'touristy': False, 'trendy': False, 'upscale': False, 'casual': True}"", 'BikeParking: True', 'BusinessAcceptsCreditCards: True', ""BusinessParking: {'garage': False, 'street': False, 'validated': False, 'lot': False, 'valet': False}"", 'GoodForKids: True', ""GoodForMeal: {'dessert': False, 'latenight': False, 'lunch': True, 'dinner': False, 'breakfast': False, 'brunch': False}"", 'HasTV: False', 'NoiseLevel: average', 'OutdoorSeating: True', 'RestaurantsAttire: casual', 'RestaurantsDelivery: True', 'RestaurantsGoodForGroups: True', 'RestaurantsPriceRange2: 2', 'RestaurantsReservations: True', 'RestaurantsTableService: True', 'RestaurantsTakeOut: True', 'WiFi: free']",-79.3909121,700 University Ave,M5G 1Z5,ON,1,YH_-5LGif2oRj6ax8gENpQ,business
Pavone Pizza-Service,Stuttgart,5,"['Monday 11:0-14:0', 'Monday 16:30-23:30', 'Tuesday 11:0-14:0', 'Tuesday 16:30-23:30', 'Wednesday 11:0-14:0', 'Wednesday 16:30-23:30', 'Thursday 11:0-14:0', 'Thursday 16:30-23:30', 'Friday 11:0-14:0', 'Friday 16:30-23:30', 'Saturday 16:30-23:30']",,"['Restaurants', 'Food Delivery Services', 'Italian', 'Food']",48.7598,3.5,"['Alcohol: beer_and_wine', ""BusinessParking: {'garage': False, 'street': False, 'validated': False, 'lot': False, 'valet': False}"", ""GoodForMeal: {'dessert': False, 'latenight': False, 'lunch': False, 'dinner': False, 'breakfast': False, 'brunch': False}"", 'RestaurantsDelivery: True', 'RestaurantsGoodForGroups: True', 'RestaurantsPriceRange2: 1', 'RestaurantsReservations: False', 'RestaurantsTakeOut: True', 'WheelchairAccessible: False', 'WiFi: no']",9.1508,Benckendorffstr. 9,70199,BW,1,k50_hbqhDzUaTQxsbWYmWQ,business
Chipotle Mexican Grill,Phoenix,44,"['Monday 10:45-22:0', 'Tuesday 10:45-22:0', 'Wednesday 10:45-22:0', 'Thursday 10:45-22:0', 'Friday 10:45-22:0', 'Saturday 10:45-22:0', 'Sunday 10:45-22:0']",,"['Fast Food', 'Restaurants', 'Tex-Mex', 'Mexican']",33.3773179,3.5,"['Alcohol: beer_and_wine', ""Ambience: {'romantic': False, 'intimate': False, 'classy': False, 'hipster': False, 'divey': False, 'touristy': False, 'trendy': False, 'upscale': False, 'casual': True}"", 'BikeParking: True', 'BusinessAcceptsCreditCards: True', ""BusinessParking: {'garage': False, 'street': False, 'validated': False, 'lot': True, 'valet': False}"", 'Caters: True', 'DriveThru: False', 'GoodForKids: True', ""GoodForMeal: {'dessert': False, 'latenight': False, 'lunch': True, 'dinner': True, 'breakfast': False, 'brunch': False}"", 'HasTV: False', 'NoiseLevel: loud', 'OutdoorSeating: True', 'RestaurantsAttire: casual', 'RestaurantsDelivery: False', 'RestaurantsGoodForGroups: True', 'RestaurantsPriceRange2: 1', 'RestaurantsReservations: False', 'RestaurantsTableService: False', 'RestaurantsTakeOut: True', 'WiFi: no']",-112.0298729,2415 E Baseline Rd,85042,AZ,1,591UZJIUNgPwxXRvQMIUkw,business
Yum Yum,Edinburgh,3,,Old Town,"['Fast Food', 'Restaurants']",55.953252,3.5,"['Alcohol: none', ""Ambience: {'romantic': False, 'intimate': False, 'classy': False, 'hipster': False, 'touristy': False, 'trendy': False, 'upscale': False, 'casual': False}"", ""BusinessParking: {'garage': False, 'street': False, 'lot': False, 'valet': False}"", 'Caters: False', 'DriveThru: False', 'GoodForKids: True', ""GoodForMeal: {'dessert': False, 'latenight': False, 'lunch': False, 'dinner': False, 'breakfast': False, 'brunch': False}"", 'HasTV: True', 'NoiseLevel: quiet', 'OutdoorSeating: False', 'RestaurantsAttire: casual', 'RestaurantsGoodForGroups: True', 'RestaurantsPriceRange2: 1', 'RestaurantsReservations: True', 'RestaurantsTableService: True', 'RestaurantsTakeOut: True', 'WiFi: no']",-3.188267,Fleshmarket Close,EH1 1,EDH,1,gFsGZZtp5DIky5ZK091sdw,business
Riverside Wine,Kent,23,"['Monday 11:0-1:0', 'Tuesday 11:0-1:0', 'Wednesday 11:0-1:0', 'Thursday 11:0-1:0', 'Friday 11:0-1:0', 'Saturday 11:0-1:0', 'Sunday 11:0-1:0']",,"['Restaurants', 'Salad', 'Beer', 'Wine & Spirits', 'French', 'Food']",41.1612999,2.5,"['Alcohol: beer_and_wine', 'BusinessAcceptsCreditCards: True', ""BusinessParking: {'garage': False, 'street': False, 'validated': False, 'lot': True, 'valet': False}"", 'Caters: False', 'GoodForKids: False', 'NoiseLevel: very_loud', 'OutdoorSeating: True', 'RestaurantsAttire: casual', 'RestaurantsDelivery: False', 'RestaurantsGoodForGroups: True', 'RestaurantsPriceRange2: 2', 'RestaurantsReservations: False', 'RestaurantsTakeOut: False', 'WheelchairAccessible: False']",-81.3580827,911 N Mantua St,44240,OH,1,L3VlGzHgsbmaZ5oUnWvINg,business
Club Sandwich & Deli,Pittsburgh,8,"['Monday 8:0-15:0', 'Tuesday 8:0-15:0', 'Wednesday 8:0-15:0', 'Thursday 8:0-15:0', 'Friday 8:0-15:0', 'Saturday 8:0-15:0']",Sharpsburg,"['Restaurants', 'Breakfast & Brunch', 'Sandwiches']",40.4944063,4.0,"['Alcohol: none', ""Ambience: {'romantic': False, 'intimate': False, 'classy': False, 'hipster': False, 'divey': True, 'touristy': False, 'trendy': False, 'upscale': False, 'casual': False}"", 'BikeParking: True', 'BusinessAcceptsCreditCards: True', ""BusinessParking: {'garage': False, 'street': False, 'validated': False, 'lot': True, 'valet': False}"", 'Caters: True', 'DogsAllowed: False', 'GoodForKids: True', ""GoodForMeal: {'dessert': False, 'latenight': False, 'lunch': False, 'dinner': False, 'breakfast': True, 'brunch': False}"", 'HasTV: True', 'NoiseLevel: quiet', 'OutdoorSeating: False', 'RestaurantsAttire: casual', 'RestaurantsDelivery: False', 'RestaurantsGoodForGroups: True', 'RestaurantsPriceRange2: 1', 'RestaurantsReservations: False', 'RestaurantsTableService: False', 'RestaurantsTakeOut: True', 'WheelchairAccessible: True', 'WiFi: free']",-79.9347447,713 Main St,15215,PA,0,nmBU1vK_3pkF08guLEoUjA,business
Panda-Asia Imbiss,Ludwigsburg,19,,,"['Chinese', 'Food', 'Restaurants']",48.8997222,4.5,"['Alcohol: beer_and_wine', 'BusinessAcceptsCreditCards: False', ""BusinessParking: {'garage': False, 'street': False, 'validated': False, 'lot': False, 'valet': False}"", ""GoodForMeal: {'dessert': False, 'latenight': False, 'lunch': True, 'dinner': False, 'breakfast': False, 'brunch': False}"", 'OutdoorSeating: True', 'RestaurantsAttire: casual', 'RestaurantsDelivery: False', 'RestaurantsGoodForGroups: True', 'RestaurantsPriceRange2: 1', 'RestaurantsReservations: True', 'RestaurantsTakeOut: True', 'WheelchairAccessible: True', 'WiFi: no']",9.1902778,Marstallcenter 28,71634,BW,0,ranURINcSTnEMWL1hmlGUg,business
The Noodle Man,Las Vegas,361,"['Monday 11:0-21:30', 'Tuesday 11:0-21:30', 'Wednesday 11:0-21:30', 'Thursday 11:0-21:30', 'Friday 11:0-21:30', 'Saturday 11:0-21:30', 'Sunday 11:0-21:30']",Spring Valley,"['Szechuan', 'Specialty Food', 'Soup', 'Restaurants', 'Local Flavor', 'Pasta Shops', 'Chinese', 'Food', 'Noodles']",36.0641072,4.0,"['Alcohol: none', ""Ambience: {'romantic': False, 'intimate': False, 'classy': False, 'hipster': False, 'divey': False, 'touristy': False, 'trendy': False, 'upscale': False, 'casual': True}"", 'BikeParking: True', 'BusinessAcceptsCreditCards: True', ""BusinessParking: {'garage': False, 'street': False, 'validated': False, 'lot': True, 'valet': False}"", 'Caters: False', 'GoodForKids: True', ""GoodForMeal: {'dessert': False, 'latenight': False, 'lunch': True, 'dinner': True, 'breakfast': False, 'brunch': False}"", 'HasTV: True', 'NoiseLevel: average', 'OutdoorSeating: False', 'RestaurantsAttire: casual', 'RestaurantsDelivery: False', 'RestaurantsGoodForGroups: True', 'RestaurantsPriceRange2: 1', 'RestaurantsReservations: False', 'RestaurantsTableService: True', 'RestaurantsTakeOut: True', 'WiFi: no']",-115.2415182,"6870 S Rainbow Blvd, Ste 101",89118,NV,1,kABF0hYfAEnl166mn1zR1A,business
Freshii,Charlotte,28,"['Monday 7:0-16:0', 'Tuesday 7:0-16:0', 'Wednesday 7:0-16:0', 'Thursday 7:0-16:0', 'Friday 7:0-16:0']",Uptown,"['Fast Food', 'Salad', 'Food', 'American (New)', 'Restaurants']",35.2255285135,3.5,"['Alcohol: none', ""Ambience: {'romantic': False, 'intimate': False, 'classy': False, 'hipster': False, 'divey': False, 'touristy': False, 'trendy': False, 'upscale': False, 'casual': False}"", 'BikeParking: False', 'BusinessAcceptsCreditCards: True', ""BusinessParking: {'garage': False, 'street': False, 'validated': False, 'lot': False, 'valet': False}"", 'DriveThru: False', 'GoodForKids: True', ""GoodForMeal: {'dessert': False, 'latenight': False, 'lunch': False, 'dinner': False, 'breakfast': False, 'brunch': False}"", 'HasTV: True', 'NoiseLevel: average', 'OutdoorSeating: False', 'RestaurantsAttire: casual', 'RestaurantsDelivery: False', 'RestaurantsGoodForGroups: False', 'RestaurantsPriceRange2: 1', 'RestaurantsReservations: False', 'RestaurantsTableService: False', 'RestaurantsTakeOut: True', 'WiFi: no']",-80.8440958469,"200 S College St, Ste 312",28202,NC,1,LpxBWoPK3aP3Sjhbm7-lhw,business
Thai Chi Asian Kitchen,Woodbridge,6,"['Monday 11:0-21:0', 'Tuesday 11:0-21:0', 'Wednesday 11:0-21:0', 'Thursday 11:0-21:0', 'Friday 11:0-21:0', 'Saturday 12:0-21:0']",,"['Restaurants', 'Thai']",43.838431,3.5,"['Alcohol: none', ""Ambience: {'romantic': False, 'intimate': False, 'classy': False, 'hipster': False, 'touristy': False, 'trendy': False, 'upscale': False, 'casual': False}"", 'BikeParking: False', 'BusinessAcceptsCreditCards: True', ""BusinessParking: {'garage': False, 'street': False, 'validated': False, 'lot': False, 'valet': False}"", 'Caters: True', 'GoodForKids: True', ""GoodForMeal: {'dessert': False, 'latenight': False, 'lunch': False, 'dinner': False, 'breakfast': False, 'brunch': False}"", 'HasTV: True', 'NoiseLevel: average', 'OutdoorSeating: False', 'RestaurantsAttire: casual', 'RestaurantsDelivery: True', 'RestaurantsGoodForGroups: True', 'RestaurantsPriceRange2: 2', 'RestaurantsReservations: False', 'RestaurantsTableService: False', 'RestaurantsTakeOut: True']",-79.559187,"9750 Weston Road, Suite 17",L4H 2Z7,ON,1,eXm5_lPHh5X_pjlIFqbYuQ,business
Pizza Nova,Toronto,3,,,"['Restaurants', 'Pizza']",43.7554674,2.5,"['BusinessAcceptsCreditCards: True', 'Caters: True', 'RestaurantsDelivery: True', 'RestaurantsGoodForGroups: True', 'RestaurantsReservations: False', 'RestaurantsTakeOut: True']",-79.3484244,879 York Mills Road,M3B 1Y5,ON,1,STmBOy-RzoC0erzfKxEUxw,business
Tim Horton's,Brampton,3,,,"['Restaurants', 'Sandwiches', 'Delis']",43.702858,1.5,"['GoodForKids: False', 'RestaurantsDelivery: False', 'RestaurantsGoodForGroups: False', 'RestaurantsReservations: False', 'RestaurantsTakeOut: True', ""Ambience: {'romantic': False, 'intimate': False, 'classy': False, 'hipster': False, 'touristy': False, 'trendy': False, 'upscale': False, 'casual': False}"", 'RestaurantsAttire: casual', 'RestaurantsPriceRange2: 1']",-79.757554,225 Vodden Street E,L6V 4M1,ON,1,lBubp_TYQjMpzwj9mu6elw,business
Triple J BBQ,Midland,9,"['Tuesday 11:0-21:0', 'Wednesday 11:0-21:0', 'Thursday 11:0-21:0', 'Friday 11:0-21:0', 'Saturday 11:0-21:0']",,"['Barbeque', 'Restaurants']",35.251292,4.5,"['BusinessAcceptsCreditCards: True', 'GoodForKids: False', 'RestaurantsDelivery: False', 'RestaurantsGoodForGroups: False', 'RestaurantsReservations: False']",-80.505725,4075 Hwy 24 27 E,28107,NC,1,glOwfW9YkWuiKyoUcnnpHw,business
Fit For Life,Toronto,3,"['Monday 7:0-19:0', 'Tuesday 7:0-19:0', 'Wednesday 7:0-19:0', 'Thursday 7:0-19:0', 'Friday 7:0-19:0', 'Saturday 9:0-18:0', 'Sunday 11:0-17:0']",,"['Sandwiches', 'Restaurants', 'Fast Food']",43.6421614477,2.5,"['BikeParking: True', 'BusinessAcceptsCreditCards: True', ""BusinessParking: {'garage': False, 'street': False, 'validated': False, 'lot': False, 'valet': False}"", 'GoodForKids: True', 'RestaurantsGoodForGroups: False', 'RestaurantsReservations: False', 'RestaurantsTakeOut: True']",-79.3745335393,1 Yonge Street,M5E 1W7,ON,1,ecbZMKIRXJ2I8rmymMX1vw,business
Corner Cafe & Catering,Pineville,11,"['Monday 6:0-14:30', 'Tuesday 6:0-14:30', 'Wednesday 6:0-14:30', 'Thursday 6:0-14:30', 'Friday 6:0-14:30', 'Saturday 6:0-13:0', 'Sunday 0:0-0:0']",,"['Restaurants', 'Event Planning & Services', 'Breakfast & Brunch', 'Cafes', 'Caterers']",35.1118189,3.5,"['Alcohol: none', ""Ambience: {'romantic': False, 'intimate': False, 'classy': False, 'hipster': False, 'divey': False, 'touristy': False, 'trendy': False, 'upscale': False, 'casual': True}"", 'BikeParking: True', 'BusinessAcceptsCreditCards: True', ""BusinessParking: {'garage': False, 'street': False, 'validated': False, 'lot': True, 'valet': False}"", 'Caters: True', 'GoodForKids: True', ""GoodForMeal: {'dessert': False, 'latenight': False, 'lunch': False, 'dinner': False, 'breakfast': True, 'brunch': False}"", 'HasTV: True', 'NoiseLevel: average', 'OutdoorSeating: False', 'RestaurantsAttire: casual', 'RestaurantsDelivery: False', 'RestaurantsGoodForGroups: True', 'RestaurantsPriceRange2: 1', 'RestaurantsReservations: False', 'RestaurantsTableService: True', 'RestaurantsTakeOut: True', 'WiFi: no']",-80.915583,11200 Nations Ford Rd,28134,NC,1,ljjBWO5u-frOjVC-6amy1w,business
Tierra del Fuego,Stuttgart,23,,,"['Latin American', 'Restaurants', 'German']",48.7869708,4.0,"['Alcohol: full_bar', ""Ambience: {'romantic': False, 'intimate': False, 'classy': False, 'hipster': False, 'touristy': False, 'trendy': False, 'upscale': False, 'casual': False}"", 'BusinessAcceptsCreditCards: True', ""BusinessParking: {'garage': False, 'street': False, 'validated': False, 'lot': False, 'valet': False}"", 'GoodForKids: True', ""GoodForMeal: {'dessert': False, 'latenight': False, 'lunch': False, 'dinner': True, 'breakfast': False, 'brunch': False}"", 'HasTV: True', 'NoiseLevel: average', 'OutdoorSeating: True', 'RestaurantsAttire: casual', 'RestaurantsDelivery: False', 'RestaurantsGoodForGroups: True', 'RestaurantsPriceRange2: 2', 'RestaurantsReservations: True', 'RestaurantsTableService: True', 'RestaurantsTakeOut: False', 'WiFi: no']",9.1913015,Neckarstr. 119,70190,BW,0,aeDWOXzh6M9u0x4l6UZROw,business
Nina's Tropical Island,Vaughan,20,"['Monday 9:0-20:0', 'Tuesday 9:0-20:0', 'Wednesday 9:0-20:0', 'Thursday 9:0-20:0', 'Friday 9:0-20:0', 'Saturday 9:0-20:0']",Concord,"['Soul Food', 'Caribbean', 'Restaurants']",43.8116071647,4.0,"['Alcohol: none', ""Ambience: {'romantic': False, 'intimate': False, 'classy': False, 'hipster': False, 'touristy': False, 'trendy': False, 'upscale': False, 'casual': True}"", 'BikeParking: True', 'BusinessAcceptsCreditCards: True', ""BusinessParking: {'garage': False, 'street': False, 'validated': False, 'lot': True, 'valet': False}"", 'Caters: True', 'DogsAllowed: False', 'GoodForKids: True', ""GoodForMeal: {'dessert': False, 'latenight': False, 'lunch': False, 'dinner': False, 'breakfast': False, 'brunch': False}"", 'HasTV: True', 'NoiseLevel: quiet', 'OutdoorSeating: False', 'RestaurantsAttire: casual', 'RestaurantsDelivery: True', 'RestaurantsGoodForGroups: False', 'RestaurantsPriceRange2: 1', 'RestaurantsReservations: False', 'RestaurantsTableService: False', 'RestaurantsTakeOut: True', 'WheelchairAccessible: True', 'WiFi: free']",-79.4817111597,"20 Rivermede Road, Unit 4",L4K 3N3,ON,1,Mdjjm4rjRY4sBrtkpOBO5Q,business
George's  Kitchen,Cleveland,138,"['Monday 6:0-22:0', 'Tuesday 6:0-22:0', 'Wednesday 6:0-22:0', 'Thursday 6:0-22:0', 'Friday 6:0-22:0', 'Saturday 6:0-22:0', 'Sunday 6:0-22:0']",Jefferson,"['Diners', 'Comfort Food', 'Restaurants']",41.464958,4.5,"['Alcohol: none', ""Ambience: {'romantic': False, 'intimate': False, 'classy': False, 'hipster': False, 'divey': False, 'touristy': False, 'trendy': False, 'upscale': False, 'casual': True}"", 'BikeParking: False', 'BusinessAcceptsCreditCards: True', ""BusinessParking: {'garage': False, 'street': False, 'validated': False, 'lot': True, 'valet': False}"", 'Caters: False', 'GoodForKids: True', ""GoodForMeal: {'dessert': False, 'latenight': False, 'lunch': True, 'dinner': False, 'breakfast': True, 'brunch': True}"", 'HasTV: False', 'NoiseLevel: average', 'OutdoorSeating: False', 'RestaurantsAttire: casual', 'RestaurantsDelivery: False', 'RestaurantsGoodForGroups: True', 'RestaurantsPriceRange2: 1', 'RestaurantsReservations: False', 'RestaurantsTableService: True', 'RestaurantsTakeOut: True', 'WheelchairAccessible: False', 'WiFi: no']",-81.783099,13101 Triskett Rd,44111,OH,1,xzQzJTu47vNCYlpB8jdMaw,business
Village Inn,Mesa,35,"['Monday 5:30-0:0', 'Tuesday 5:30-0:0', 'Wednesday 5:30-0:0', 'Thursday 5:30-0:0', 'Friday 5:30-3:0', 'Saturday 5:30-3:0', 'Sunday 5:30-0:0']",,"['Restaurants', 'American (Traditional)', 'American (New)', 'Breakfast & Brunch']",33.3799121,3.0,"['Alcohol: none', ""Ambience: {'romantic': False, 'intimate': False, 'classy': False, 'hipster': False, 'divey': False, 'touristy': False, 'trendy': False, 'upscale': False, 'casual': True}"", 'BikeParking: True', 'BusinessAcceptsCreditCards: True', ""BusinessParking: {'garage': False, 'street': False, 'validated': False, 'lot': False, 'valet': False}"", 'Caters: False', 'GoodForKids: True', ""GoodForMeal: {'dessert': False, 'latenight': False, 'lunch': False, 'dinner': False, 'breakfast': False, 'brunch': True}"", 'HasTV: True', 'NoiseLevel: average', 'OutdoorSeating: False', 'RestaurantsAttire: casual', 'RestaurantsDelivery: False', 'RestaurantsGoodForGroups: True', 'RestaurantsPriceRange2: 1', 'RestaurantsReservations: False', 'RestaurantsTableService: True', 'RestaurantsTakeOut: True', 'WiFi: free']",-111.8062972,1859 S Stapley Dr,85204,AZ,1,18Kq9h53nYbmXAIoMtj6HA,business
Roosters,Brooklyn,4,,,"['Chicken Wings', 'Restaurants']",41.431247,2.0,"['Alcohol: full_bar', 'BusinessAcceptsCreditCards: True', 'GoodForKids: True', ""GoodForMeal: {'dessert': False, 'latenight': False, 'lunch': False, 'dinner': False, 'breakfast': False, 'brunch': False}"", 'OutdoorSeating: True', 'RestaurantsAttire: casual', 'RestaurantsDelivery: False', 'RestaurantsGoodForGroups: True', 'RestaurantsPriceRange2: 2', 'RestaurantsReservations: False', 'RestaurantsTableService: True', 'RestaurantsTakeOut: True', 'WheelchairAccessible: True']",-81.733837,7106 Biddulph Rd.,44144,OH,0,uFqC_ZlwX7Mvgk7Lz_BCHA,business
Sweet Peaches,Pittsburgh,19,['Sunday 10:0-14:0'],Allentown,"['Event Planning & Services', 'Caterers', 'Breakfast & Brunch', 'Restaurants']",40.421766,4.5,"['BusinessAcceptsBitcoin: False', 'BusinessAcceptsCreditCards: True']",-79.9959259,639 E Warrington Ave,15210,PA,1,j3IBjxYKwh__BhA25KDeZw,business
Isaly's II,Stow,7,"['Monday 7:0-14:0', 'Tuesday 7:0-14:0', 'Wednesday 7:0-14:0', 'Thursday 7:0-14:0', 'Friday 7:0-14:0', 'Saturday 7:0-14:0', 'Sunday 7:0-14:0']",,"['Restaurants', 'Diners']",41.158846,3.5,"['Alcohol: none', ""Ambience: {'romantic': False, 'intimate': False, 'classy': False, 'hipster': False, 'divey': False, 'touristy': False, 'trendy': False, 'upscale': False, 'casual': False}"", 'BusinessAcceptsCreditCards: True', ""BusinessParking: {'garage': False, 'street': False, 'validated': False, 'lot': False, 'valet': False}"", 'GoodForKids: True', ""GoodForMeal: {'dessert': False, 'latenight': False, 'lunch': False, 'dinner': False, 'breakfast': True, 'brunch': False}"", 'HasTV: False', 'NoiseLevel: average', 'OutdoorSeating: False', 'RestaurantsAttire: casual', 'RestaurantsDelivery: False', 'RestaurantsGoodForGroups: False', 'RestaurantsPriceRange2: 1', 'RestaurantsReservations: False', 'RestaurantsTableService: True', 'RestaurantsTakeOut: False']",-81.4417028,3310 Kent Rd,44224,OH,1,jTRjpCQQM7opSvUtClPaDg,business
Green Forest Family Restaurant,Monona,7,"['Monday 6:0-14:0', 'Tuesday 6:0-14:0', 'Wednesday 6:0-14:0', 'Thursday 6:0-14:0', 'Friday 6:0-14:0', 'Saturday 6:0-14:0', 'Sunday 6:0-14:0']",,"['Comfort Food', 'Food', 'American (Traditional)', 'Restaurants', 'Breakfast & Brunch', 'Desserts']",43.0485599,4.0,"['Alcohol: none', ""Ambience: {'romantic': False, 'intimate': False, 'classy': False, 'hipster': False, 'divey': False, 'touristy': False, 'trendy': False, 'upscale': False, 'casual': True}"", 'BikeParking: True', 'BusinessAcceptsCreditCards: True', ""BusinessParking: {'garage': False, 'street': False, 'validated': False, 'lot': False, 'valet': False}"", 'GoodForKids: True', ""GoodForMeal: {'dessert': False, 'latenight': False, 'lunch': False, 'dinner': False, 'breakfast': False, 'brunch': True}"", 'HasTV: True', 'NoiseLevel: quiet', 'OutdoorSeating: False', 'RestaurantsAttire: casual', 'RestaurantsDelivery: True', 'RestaurantsGoodForGroups: True', 'RestaurantsPriceRange2: 1', 'RestaurantsReservations: False', 'RestaurantsTableService: True', 'RestaurantsTakeOut: True', 'WiFi: no']",-89.315492,909 E Broadway,53716,WI,1,lT4k-e2Axf-f0nA8De9w5A,business
Chez Jules,Edinburgh,35,"['Monday 12:0-23:0', 'Tuesday 12:0-23:0', 'Wednesday 12:0-23:0', 'Thursday 12:0-23:0', 'Friday 12:0-0:0', 'Saturday 12:0-0:0', 'Sunday 12:0-23:0']",New Town,"['French', 'Restaurants']",55.9546842,4.0,"['Alcohol: full_bar', ""Ambience: {'romantic': False, 'intimate': False, 'classy': False, 'hipster': False, 'touristy': False, 'trendy': False, 'upscale': False, 'casual': True}"", 'BikeParking: False', 'BusinessAcceptsCreditCards: True', ""BusinessParking: {'garage': False, 'street': True, 'lot': False, 'valet': False}"", 'GoodForKids: True', ""GoodForMeal: {'dessert': False, 'latenight': False, 'lunch': False, 'dinner': True, 'breakfast': False, 'brunch': False}"", 'HasTV: False', 'NoiseLevel: loud', 'OutdoorSeating: True', 'RestaurantsAttire: casual', 'RestaurantsDelivery: False', 'RestaurantsGoodForGroups: True', 'RestaurantsPriceRange2: 2', 'RestaurantsReservations: True', 'RestaurantsTableService: True', 'RestaurantsTakeOut: False']",-3.1975423,109 Hanover Street,EH2 1LH,EDH,1,x1bjSvpIJTN1KBFhUjOU_g,business
Shoeless Joe's,Toronto,4,"['Monday 11:0-0:0', 'Tuesday 11:0-0:0', 'Wednesday 11:0-0:0', 'Thursday 11:0-0:0', 'Friday 11:0-2:0', 'Saturday 11:0-2:0', 'Sunday 11:0-0:0']",,"['Sports Bars', 'Bars', 'Restaurants', 'Canadian (New)', 'Burgers', 'Shopping', 'Nightlife', 'Chicken Wings', 'Wigs']",43.7134569,3.0,"['Alcohol: full_bar', 'Caters: False', ""Music: {'dj': False, 'background_music': False, 'no_music': False, 'karaoke': False, 'live': False, 'video': False, 'jukebox': False}"", 'NoiseLevel: average', 'RestaurantsAttire: casual', 'RestaurantsTakeOut: True', 'Smoking: outdoor']",-79.3653976,856 Eglinton Ave East,M4G 2L1,ON,1,_EU8Viz7ng9cXNdIjxwNRQ,business
Mashiso Asian Grille,North Olmsted,63,"['Monday 11:0-21:0', 'Tuesday 11:0-21:0', 'Wednesday 11:0-21:0', 'Thursday 11:0-21:0', 'Friday 11:0-21:0', 'Saturday 11:0-21:0', 'Sunday 11:0-20:0']",,"['Korean', 'Restaurants', 'Asian Fusion']",41.4194734,4.0,"['Alcohol: none', ""Ambience: {'romantic': False, 'intimate': False, 'classy': False, 'hipster': False, 'divey': False, 'touristy': False, 'trendy': False, 'upscale': False, 'casual': True}"", 'BikeParking: True', 'BusinessAcceptsCreditCards: True', ""BusinessParking: {'garage': False, 'street': False, 'validated': False, 'lot': True, 'valet': False}"", 'Caters: True', 'GoodForKids: True', 'HasTV: False', 'NoiseLevel: average', 'OutdoorSeating: False', 'RestaurantsAttire: casual', 'RestaurantsDelivery: False', 'RestaurantsGoodForGroups: True', 'RestaurantsPriceRange2: 1', 'RestaurantsReservations: False', 'RestaurantsTableService: False', 'RestaurantsTakeOut: True', 'WiFi: free', ""GoodForMeal: {'dessert': False, 'latenight': False, 'lunch': True, 'dinner': True, 'breakfast': False, 'brunch': False}""]",-81.8979624,24954 Brookpark Rd,44070,OH,1,yBbqFPuwFiaom435KOY4cg,business
Smokey & The Pig,Fairview,3,"['Saturday 11:0-18:0', 'Sunday 11:0-18:0']",,"['Restaurants', 'Food', 'Barbeque', 'Food Trucks']",35.523368,4.0,,-82.4156556,1299 US 74 Alternate,28730,NC,1,z626nwSqXeZZGutALxRIBQ,business
The Honest Lawyer Restaurant and Bar,Richmond Hill,17,,,"['Nightlife', 'Pubs', 'Chicken Wings', 'Bars', 'Restaurants']",43.8469385,2.0,"['Alcohol: full_bar', ""Ambience: {'romantic': False, 'intimate': False, 'classy': False, 'hipster': False, 'touristy': False, 'trendy': False, 'upscale': False, 'casual': False}"", 'BusinessAcceptsCreditCards: True', ""BusinessParking: {'garage': False, 'street': False, 'validated': False, 'lot': False, 'valet': False}"", 'CoatCheck: False', 'GoodForKids: False', ""GoodForMeal: {'dessert': False, 'latenight': False, 'lunch': False, 'dinner': False, 'breakfast': False, 'brunch': False}"", 'HasTV: True', ""Music: {'dj': False, 'background_music': False, 'no_music': False, 'karaoke': False, 'live': True, 'video': False, 'jukebox': True}"", 'NoiseLevel: average', 'OutdoorSeating: True', 'RestaurantsAttire: casual', 'RestaurantsDelivery: False', 'RestaurantsGoodForGroups: True', 'RestaurantsPriceRange2: 2', 'RestaurantsReservations: True', 'RestaurantsTableService: True', 'RestaurantsTakeOut: True', 'Smoking: outdoor', 'WheelchairAccessible: True']",-79.3781746,"115 York Boulevard, Unit 9",L4C 1G7,ON,0,idS8mJPE5axaMoLgOy8EOw,business
Annina's Bakeshop and Catering,Goodwood,12,,,"['Restaurants', 'Burgers', 'Sandwiches', 'Food', 'Barbeque']",44.0371607,4.5,"['Alcohol: none', ""Ambience: {'romantic': False, 'intimate': False, 'classy': False, 'hipster': False, 'touristy': False, 'trendy': False, 'upscale': False, 'casual': False}"", 'BikeParking: True', 'BusinessAcceptsCreditCards: True', ""BusinessParking: {'garage': False, 'street': False, 'validated': False, 'lot': False, 'valet': False}"", 'Caters: True', 'DriveThru: False', 'GoodForKids: True', ""GoodForMeal: {'dessert': False, 'latenight': False, 'lunch': False, 'dinner': False, 'breakfast': True, 'brunch': False}"", 'HasTV: False', 'NoiseLevel: average', 'OutdoorSeating: True', 'RestaurantsAttire: casual', 'RestaurantsDelivery: True', 'RestaurantsGoodForGroups: True', 'RestaurantsPriceRange2: 2', 'RestaurantsReservations: False', 'RestaurantsTableService: True', 'RestaurantsTakeOut: True']",-79.1962325,300 Durham Highway 47,L0C 1A0,ON,1,g4Mo9pBWAK1dNJzeyBVW6Q,business
Archie's Deli,Tempe,20,"['Monday 7:0-20:0', 'Tuesday 7:0-20:0', 'Wednesday 7:0-20:0', 'Thursday 7:0-20:0', 'Friday 7:0-20:0', 'Saturday 7:0-20:0', 'Sunday 7:0-20:0']",,"['Delis', 'Restaurants']",33.3494226,3.0,"['Alcohol: none', ""Ambience: {'romantic': False, 'intimate': False, 'classy': False, 'hipster': False, 'divey': False, 'touristy': False, 'trendy': False, 'upscale': False, 'casual': True}"", 'BusinessAcceptsCreditCards: True', ""BusinessParking: {'garage': False, 'street': False, 'validated': False, 'lot': True, 'valet': False}"", 'Caters: True', 'GoodForKids: True', ""GoodForMeal: {'dessert': False, 'latenight': False, 'lunch': True, 'dinner': True, 'breakfast': True, 'brunch': False}"", 'HasTV: False', 'NoiseLevel: quiet', 'OutdoorSeating: False', 'RestaurantsAttire: casual', 'RestaurantsDelivery: False', 'RestaurantsGoodForGroups: True', 'RestaurantsPriceRange2: 2', 'RestaurantsReservations: False', 'RestaurantsTableService: True', 'RestaurantsTakeOut: True', 'WheelchairAccessible: True', 'WiFi: no']",-111.956214,1080 W Elliot Rd,85284,AZ,0,7AYbCvQ_cgS_pqS6BCmzcw,business
Restaurant Le Vieux St-Laurent,Montréal,34,"['Monday 6:30-16:0', 'Tuesday 6:30-16:0', 'Wednesday 6:30-16:0', 'Thursday 6:30-16:0', 'Friday 6:30-16:0', 'Saturday 6:30-16:0', 'Sunday 7:30-16:0']",Plateau-Mont-Royal,"['Breakfast & Brunch', 'Restaurants']",45.5167398553,4.0,"['Alcohol: none', ""Ambience: {'romantic': False, 'intimate': False, 'classy': False, 'hipster': False, 'touristy': False, 'trendy': False, 'upscale': False, 'casual': True}"", 'BikeParking: True', 'BusinessAcceptsCreditCards: True', ""BusinessParking: {'garage': False, 'street': False, 'validated': False, 'lot': False, 'valet': False}"", 'Caters: False', 'GoodForKids: True', ""GoodForMeal: {'dessert': False, 'latenight': False, 'lunch': False, 'dinner': False, 'breakfast': False, 'brunch': True}"", 'HasTV: True', 'NoiseLevel: average', 'OutdoorSeating: False', 'RestaurantsAttire: casual', 'RestaurantsDelivery: False', 'RestaurantsGoodForGroups: True', 'RestaurantsPriceRange2: 2', 'RestaurantsReservations: False', 'RestaurantsTableService: True', 'RestaurantsTakeOut: True', 'WiFi: no']",-73.5788164515,3993 St-Laurent Boulevard,H2W 1Y4,QC,1,rMHExrnEedN-74-1osZ2MA,business
Waffle Love - AZ Truck,Gilbert,24,,,"['Local Flavor', 'Breakfast & Brunch', 'Restaurants', 'Food', 'Food Trucks']",33.3073768,4.0,"['BikeParking: True', 'BusinessAcceptsCreditCards: True', ""BusinessParking: {'garage': False, 'street': False, 'validated': False, 'lot': False, 'valet': False}"", 'Caters: True', 'GoodForKids: True', 'RestaurantsPriceRange2: 2']",-111.7435799,,85295,AZ,1,XA_g22n9Gbhl8x0O65r34Q,business
Project Coffee,Edinburgh,37,"['Monday 7:30-19:0', 'Tuesday 7:30-19:0', 'Wednesday 7:30-19:0', 'Thursday 7:30-19:0', 'Friday 7:30-19:0', 'Saturday 8:30-18:0', 'Sunday 8:30-18:0']",Bruntsfield,"['Restaurants', 'Coffee & Tea', 'Food', 'Sandwiches']",55.9359811,3.5,"[""Ambience: {'romantic': False, 'intimate': False, 'classy': False, 'hipster': False, 'touristy': False, 'trendy': False, 'upscale': False, 'casual': False}"", 'BikeParking: True', 'BusinessAcceptsCreditCards: True', ""BusinessParking: {'garage': False, 'street': True, 'lot': False, 'valet': False}"", 'GoodForKids: True', ""GoodForMeal: {'dessert': False, 'latenight': False, 'lunch': False, 'dinner': False, 'breakfast': False, 'brunch': True}"", 'HasTV: False', 'NoiseLevel: average', 'OutdoorSeating: True', 'RestaurantsAttire: casual', 'RestaurantsDelivery: False', 'RestaurantsGoodForGroups: True', 'RestaurantsPriceRange2: 1', 'RestaurantsReservations: False', 'RestaurantsTableService: True', 'RestaurantsTakeOut: True', 'WheelchairAccessible: True', 'WiFi: no']",-3.2096663,196 Bruntsfield Place,EH10 4DF,EDH,1,hSNzpVnmPJLjCndBal4KFA,business
PT's,Las Vegas,47,"['Monday 0:0-0:0', 'Tuesday 0:0-0:0', 'Wednesday 0:0-0:0', 'Thursday 0:0-0:0', 'Friday 0:0-0:0', 'Saturday 0:0-0:0', 'Sunday 0:0-0:0']",Southeast,"['Restaurants', 'Pubs', 'Sports Bars', 'Bars', 'Nightlife', 'American (New)']",36.0714993636,3.0,"['Alcohol: full_bar', ""Ambience: {'romantic': False, 'intimate': False, 'classy': False, 'hipster': False, 'divey': False, 'touristy': False, 'trendy': False, 'upscale': False, 'casual': True}"", 'BikeParking: True', 'BusinessAcceptsCreditCards: True', ""BusinessParking: {'garage': False, 'street': False, 'validated': False, 'lot': True, 'valet': False}"", 'Caters: False', 'CoatCheck: False', 'GoodForDancing: False', 'GoodForKids: False', ""GoodForMeal: {'dessert': False, 'latenight': True, 'lunch': False, 'dinner': False, 'breakfast': False, 'brunch': False}"", 'HappyHour: True', 'HasTV: True', ""Music: {'dj': False, 'background_music': False, 'no_music': False, 'karaoke': False, 'live': False, 'video': False, 'jukebox': False}"", 'NoiseLevel: average', 'OutdoorSeating: True', 'RestaurantsAttire: casual', 'RestaurantsDelivery: False', 'RestaurantsGoodForGroups: True', 'RestaurantsPriceRange2: 2', 'RestaurantsReservations: False', 'RestaurantsTableService: True', 'RestaurantsTakeOut: True', 'Smoking: yes', 'WiFi: free']",-115.130187947,1661 E Sunset Rd,89119,NV,1,lHCwqXdDSmlmqe88WpjeEg,business
Frite Alors!,Montréal,10,"['Monday 11:30-22:0', 'Tuesday 11:30-22:0', 'Wednesday 11:30-22:0', 'Thursday 11:30-23:0', 'Friday 11:30-23:0', 'Saturday 11:30-23:0', 'Sunday 11:30-22:0']",Villeray-Saint-Michel-Parc-Extension,"['Canadian (New)', 'Restaurants', 'Belgian']",45.5387266,3.5,"['Alcohol: beer_and_wine', ""Ambience: {'romantic': False, 'intimate': False, 'classy': False, 'hipster': False, 'touristy': False, 'trendy': False, 'upscale': False, 'casual': False}"", 'BikeParking: True', 'BusinessAcceptsCreditCards: True', ""BusinessParking: {'garage': False, 'street': False, 'validated': False, 'lot': False, 'valet': False}"", 'Caters: False', 'GoodForKids: True', ""GoodForMeal: {'dessert': False, 'latenight': False, 'lunch': False, 'dinner': False, 'breakfast': False, 'brunch': False}"", 'HasTV: False', 'NoiseLevel: average', 'OutdoorSeating: False', 'RestaurantsAttire: casual', 'RestaurantsDelivery: False', 'RestaurantsGoodForGroups: False', 'RestaurantsPriceRange2: 2', 'RestaurantsReservations: False', 'RestaurantsTableService: True', 'RestaurantsTakeOut: True', 'WiFi: free']",-73.6243668,171 Villeray,H2R 1G4,QC,1,lpW5eMwhe1DF5eGQOAAeng,business
Gina's Place,Cleveland,13,,,"['American (Traditional)', 'Restaurants', 'Breakfast & Brunch', 'Diners']",41.442348,4.0,"['Alcohol: none', 'BusinessAcceptsCreditCards: False', 'GoodForKids: True', ""GoodForMeal: {'dessert': False, 'latenight': False, 'lunch': False, 'dinner': False, 'breakfast': False, 'brunch': False}"", 'RestaurantsDelivery: False', 'RestaurantsGoodForGroups: False', 'RestaurantsPriceRange2: 1', 'RestaurantsReservations: False', 'RestaurantsTakeOut: True', ""Ambience: {'romantic': False, 'intimate': False, 'classy': False, 'hipster': False, 'divey': False, 'touristy': False, 'trendy': False, 'upscale': False, 'casual': False}"", 'HasTV: False', 'RestaurantsAttire: casual']",-81.8629273,21930 Lorain Rd,44126,OH,1,bJtlSfdr8KPCSsOr9PvGjw,business
Parthenon Souvlaki Rotisserie,Montréal,12,,Côte-des-Neiges,"['Mediterranean', 'Greek', 'Restaurants']",45.5008662,4.5,"['Alcohol: none', 'BusinessAcceptsCreditCards: True', 'GoodForKids: True', ""GoodForMeal: {'dessert': False, 'latenight': False, 'lunch': False, 'dinner': False, 'breakfast': False, 'brunch': False}"", 'HasTV: False', 'RestaurantsDelivery: True', 'RestaurantsGoodForGroups: True', 'RestaurantsPriceRange2: 2', 'RestaurantsReservations: True', 'RestaurantsTableService: True', 'RestaurantsTakeOut: True']",-73.6322048,3543 Van Horne Av,H3S 1R7,QC,1,vaJ--BRxufub7FiqYXhZGA,business
Artisano Bakery Cafe,Toronto,32,"['Monday 7:0-20:0', 'Tuesday 7:0-22:0', 'Wednesday 7:0-22:0', 'Thursday 7:0-22:0', 'Friday 7:0-23:0', 'Saturday 7:30-23:0', 'Sunday 7:30-22:0']",,"['Restaurants', 'Breakfast & Brunch', 'Sandwiches', 'Food', 'Bakeries']",43.7547555,3.5,"['Alcohol: beer_and_wine', ""Ambience: {'romantic': False, 'intimate': False, 'classy': False, 'hipster': False, 'touristy': False, 'trendy': False, 'upscale': False, 'casual': False}"", 'BusinessAcceptsCreditCards: True', ""BusinessParking: {'garage': False, 'street': False, 'validated': False, 'lot': True, 'valet': False}"", 'Caters: True', 'GoodForKids: True', ""GoodForMeal: {'dessert': False, 'latenight': False, 'lunch': True, 'dinner': False, 'breakfast': True, 'brunch': True}"", 'HasTV: True', 'NoiseLevel: average', 'OutdoorSeating: True', 'RestaurantsAttire: casual', 'RestaurantsDelivery: False', 'RestaurantsGoodForGroups: True', 'RestaurantsPriceRange2: 2', 'RestaurantsReservations: False', 'RestaurantsTableService: False', 'RestaurantsTakeOut: True', 'WheelchairAccessible: True', 'WiFi: free']",-79.3499924,865 York Mills Rd,M3B 1Y5,ON,0,OIcneOOA3uhODls7ANBsnQ,business
The Friendly Thai,Toronto,41,,The Junction,"['Restaurants', 'Thai']",43.6656661,3.0,"['Alcohol: full_bar', ""Ambience: {'romantic': False, 'intimate': False, 'classy': False, 'hipster': False, 'touristy': False, 'trendy': False, 'upscale': False, 'casual': True}"", 'BikeParking: True', 'BusinessAcceptsCreditCards: True', ""BusinessParking: {'garage': False, 'street': True, 'validated': False, 'lot': False, 'valet': False}"", 'Caters: True', 'GoodForKids: True', ""GoodForMeal: {'dessert': False, 'latenight': False, 'lunch': True, 'dinner': False, 'breakfast': False, 'brunch': False}"", 'HasTV: False', 'NoiseLevel: average', 'OutdoorSeating: False', 'RestaurantsAttire: casual', 'RestaurantsDelivery: True', 'RestaurantsGoodForGroups: True', 'RestaurantsPriceRange2: 2', 'RestaurantsReservations: True', 'RestaurantsTableService: True', 'RestaurantsTakeOut: True', 'WheelchairAccessible: True', 'WiFi: no']",-79.4704944,3032 Dundas St W,M6P 1Z3,ON,1,TGuRNZByAQYhejFfAAbD1A,business
Millie's Cafe,Mesa,29,"['Wednesday 11:0-20:0', 'Thursday 11:0-20:0', 'Friday 11:0-20:0', 'Saturday 11:0-20:0', 'Sunday 11:0-20:0']",,"['Puerto Rican', 'Restaurants', 'Cuban', 'Caribbean', 'Latin American']",33.3795421971,4.5,"[""Ambience: {'romantic': False, 'intimate': False, 'classy': False, 'hipster': False, 'divey': False, 'touristy': False, 'trendy': False, 'upscale': False, 'casual': False}"", 'BikeParking: True', 'BusinessAcceptsCreditCards: True', 'GoodForKids: True', ""GoodForMeal: {'dessert': False, 'latenight': False, 'lunch': True, 'dinner': False, 'breakfast': False, 'brunch': False}"", 'HasTV: False', 'OutdoorSeating: False', 'RestaurantsAttire: casual', 'RestaurantsDelivery: False', 'RestaurantsGoodForGroups: True', 'RestaurantsPriceRange2: 1', 'RestaurantsReservations: False', 'RestaurantsTakeOut: True', 'Alcohol: none', ""BusinessParking: {'garage': False, 'street': False, 'validated': False, 'lot': False, 'valet': False}"", 'NoiseLevel: quiet', 'RestaurantsTableService: False']",-111.875960603,1916 West Baseline Rd,85202,AZ,1,GeGyqtD2uvJlC5Gf1bSQHw,business
Das Schnitzel Haus,Cleveland,124,"['Monday 11:0-21:0', 'Tuesday 11:0-21:0', 'Wednesday 11:0-21:0', 'Thursday 11:0-21:0', 'Friday 11:0-22:30', 'Saturday 12:0-22:30', 'Sunday 12:0-20:0']",,"['Restaurants', 'German']",41.4066611,4.0,"['Alcohol: full_bar', ""Ambience: {'romantic': False, 'intimate': False, 'classy': False, 'hipster': False, 'divey': False, 'touristy': False, 'trendy': False, 'upscale': False, 'casual': True}"", 'BikeParking: True', 'BusinessAcceptsCreditCards: True', ""BusinessParking: {'garage': False, 'street': False, 'validated': False, 'lot': True, 'valet': False}"", 'Caters: False', 'GoodForKids: True', ""GoodForMeal: {'dessert': False, 'latenight': False, 'lunch': True, 'dinner': True, 'breakfast': False, 'brunch': False}"", 'HasTV: True', 'NoiseLevel: average', 'OutdoorSeating: True', 'RestaurantsAttire: casual', 'RestaurantsDelivery: False', 'RestaurantsGoodForGroups: True', 'RestaurantsPriceRange2: 2', 'RestaurantsReservations: True', 'RestaurantsTableService: True', 'RestaurantsTakeOut: True', 'WheelchairAccessible: True', 'WiFi: no']",-81.7426645,5728 Pearl Rd,44129,OH,1,ms4nFq8B56RHkFViRaAiWQ,business
Yen Ching Palace Restaurant,North York,3,,Bayview Village,"['Restaurants', 'Chinese']",43.7697939,4.0,"['BusinessAcceptsCreditCards: True', ""BusinessParking: {'garage': False, 'street': False, 'validated': False, 'lot': False, 'valet': False}"", 'GoodForKids: True', 'OutdoorSeating: False', 'RestaurantsAttire: casual', 'RestaurantsGoodForGroups: True', 'RestaurantsTableService: True', 'RestaurantsTakeOut: True', 'WheelchairAccessible: True']",-79.3864831,2901 Bayview Avenue,M2K 1E6,ON,0,9NUZao5_Jfhj5H45H0ccOQ,business
Johnny J's Pub & Grille,Medina,20,"['Monday 10:0-2:30', 'Tuesday 10:0-2:30', 'Wednesday 10:0-2:30', 'Thursday 10:0-2:30', 'Friday 10:0-2:30', 'Saturday 10:0-2:30', 'Sunday 10:0-2:30']",,"['Pubs', 'Irish', 'Bars', 'Restaurants', 'Sports Bars', 'Nightlife']",41.150824802,3.0,"['Alcohol: full_bar', ""Ambience: {'romantic': False, 'intimate': False, 'classy': False, 'hipster': False, 'divey': False, 'touristy': False, 'trendy': False, 'upscale': False, 'casual': False}"", 'BikeParking: True', 'BusinessAcceptsCreditCards: True', 'GoodForDancing: True', ""GoodForMeal: {'dessert': False, 'latenight': False, 'lunch': False, 'dinner': False, 'breakfast': False, 'brunch': False}"", 'HappyHour: True', 'HasTV: True', 'NoiseLevel: average', 'OutdoorSeating: True', 'RestaurantsAttire: casual', 'RestaurantsDelivery: False', 'RestaurantsGoodForGroups: True', 'RestaurantsPriceRange2: 2', 'RestaurantsReservations: False', 'RestaurantsTakeOut: True', 'GoodForKids: True', 'RestaurantsTableService: True', 'Smoking: outdoor']",-81.8644467325,925 N Court St,44256,OH,1,pfPC8ttNiiR5lGs51Um9jQ,business
Wai Yu Lau Restaurant,Toronto,3,,Scarborough,"['Seafood', 'Restaurants', 'Chinese']",43.8062248,1.5,"['RestaurantsReservations: True', 'RestaurantsTakeOut: True']",-79.2892866,3290 Midland Avenue,M1V 3Z9,ON,1,dJBUz34x6FixXgq7S4fFLw,business
Sauce Italian Bistro & Bar,Henderson,182,"['Monday 17:0-0:0', 'Tuesday 11:0-0:0', 'Wednesday 11:0-0:0', 'Thursday 11:0-0:0', 'Friday 11:0-4:0', 'Saturday 11:0-4:0', 'Sunday 11:0-0:0']",,"['Bars', 'Food Delivery Services', 'Restaurants', 'Pizza', 'Nightlife', 'Food', 'Italian', 'Sports Bars']",36.069818,3.0,"['Alcohol: full_bar', ""Ambience: {'romantic': False, 'intimate': False, 'classy': False, 'hipster': False, 'divey': False, 'touristy': False, 'trendy': False, 'upscale': False, 'casual': True}"", ""BestNights: {'monday': True, 'tuesday': False, 'friday': True, 'wednesday': False, 'thursday': False, 'sunday': True, 'saturday': False}"", 'BikeParking: True', 'BusinessAcceptsBitcoin: False', 'BusinessAcceptsCreditCards: True', ""BusinessParking: {'garage': False, 'street': False, 'validated': False, 'lot': True, 'valet': False}"", 'Caters: True', 'CoatCheck: False', 'GoodForDancing: True', 'GoodForKids: True', ""GoodForMeal: {'dessert': True, 'latenight': True, 'lunch': True, 'dinner': True, 'breakfast': False, 'brunch': False}"", 'HappyHour: True', 'HasTV: True', ""Music: {'dj': True, 'background_music': False, 'no_music': False, 'karaoke': False, 'live': False, 'video': False, 'jukebox': False}"", 'NoiseLevel: average', 'OutdoorSeating: False', 'RestaurantsAttire: casual', 'RestaurantsDelivery: True', 'RestaurantsGoodForGroups: True', 'RestaurantsPriceRange2: 2', 'RestaurantsReservations: True', 'RestaurantsTableService: True', 'RestaurantsTakeOut: True', 'Smoking: no', 'WheelchairAccessible: True', 'WiFi: free']",-115.044513,721 Mall Ring Cir,89014,NV,1,zYb4kj2R54R2YPeNm829BA,business
The Forest,Edinburgh,13,"['Monday 10:0-23:0', 'Tuesday 10:0-23:0', 'Wednesday 10:0-23:0', 'Thursday 10:0-23:0', 'Friday 10:0-23:0', 'Saturday 10:0-23:0', 'Sunday 10:0-19:0']",Tollcross,"['Local Flavor', 'Restaurants', 'Cafes', 'Food']",55.9437353567,3.0,"[""Ambience: {'romantic': False, 'intimate': False, 'classy': False, 'hipster': False, 'touristy': False, 'trendy': False, 'upscale': False, 'casual': False}"", 'BikeParking: True', 'BusinessAcceptsCreditCards: False', 'GoodForKids: True', 'HasTV: False', 'NoiseLevel: loud', 'OutdoorSeating: False', 'RestaurantsAttire: casual', 'RestaurantsDelivery: False', 'RestaurantsGoodForGroups: True', 'RestaurantsPriceRange2: 1', 'RestaurantsReservations: False', 'RestaurantsTableService: False', 'RestaurantsTakeOut: True', 'WiFi: free']",-3.2031114399,141 Lauriston Place,EH3 9JN,EDH,1,-YSCL35R3g6qqvHordSxVw,business
Genki Sushi,Montréal,5,,Mercier-Hochelaga-Maisonneuve,"['Sushi Bars', 'Restaurants']",45.5762856,4.0,"[""Ambience: {'romantic': False, 'intimate': False, 'classy': False, 'hipster': False, 'touristy': False, 'trendy': False, 'upscale': False, 'casual': False}"", 'BusinessAcceptsCreditCards: False', ""BusinessParking: {'garage': False, 'street': False, 'validated': False, 'lot': False, 'valet': False}"", ""GoodForMeal: {'dessert': False, 'latenight': False, 'lunch': False, 'dinner': False, 'breakfast': False, 'brunch': False}"", 'HasTV: False', 'NoiseLevel: quiet', 'OutdoorSeating: False', 'RestaurantsAttire: casual', 'RestaurantsGoodForGroups: False', 'RestaurantsPriceRange2: 2', 'RestaurantsTableService: True', 'RestaurantsTakeOut: True', 'WheelchairAccessible: False', 'WiFi: no']",-73.5466542,5960 Rue Sherbrooke E,H1N 1B8,QC,1,d3Jd9fHmI6jtSInmIBKkfA,business
"Red, Wine & Brew - Mentor",Mentor,54,"['Monday 9:0-22:0', 'Tuesday 9:0-22:0', 'Wednesday 9:0-22:0', 'Thursday 9:0-22:0', 'Friday 9:0-0:0', 'Saturday 9:0-0:0', 'Sunday 9:0-20:0']",,"['Nightlife', 'Breweries', 'Tobacco Shops', 'Shopping', 'Wine Bars', 'Bars', 'Pubs', 'Food', 'Restaurants', 'Beer', 'Wine & Spirits', 'American (New)']",41.6815631,3.0,"['Alcohol: full_bar', ""Ambience: {'romantic': False, 'intimate': False, 'classy': False, 'hipster': False, 'divey': False, 'touristy': False, 'trendy': False, 'upscale': False, 'casual': False}"", ""BestNights: {'monday': False, 'tuesday': False, 'friday': False, 'wednesday': False, 'thursday': False, 'sunday': False, 'saturday': False}"", 'BikeParking: False', 'BusinessAcceptsCreditCards: True', ""BusinessParking: {'garage': False, 'street': False, 'validated': False, 'lot': True, 'valet': False}"", 'Caters: True', 'CoatCheck: False', 'DogsAllowed: False', 'GoodForDancing: False', 'GoodForKids: False', ""GoodForMeal: {'dessert': False, 'latenight': False, 'lunch': False, 'dinner': True, 'breakfast': False, 'brunch': False}"", 'HappyHour: True', 'HasTV: True', ""Music: {'dj': False, 'background_music': False, 'no_music': False, 'karaoke': False, 'live': False, 'video': False, 'jukebox': False}"", 'NoiseLevel: average', 'OutdoorSeating: True', 'RestaurantsAttire: casual', 'RestaurantsDelivery: False', 'RestaurantsGoodForGroups: True', 'RestaurantsPriceRange2: 2', 'RestaurantsReservations: True', 'RestaurantsTableService: True', 'RestaurantsTakeOut: True', 'Smoking: outdoor', 'WheelchairAccessible: True', 'WiFi: free']",-81.2948728,9620 Old Johnnycake Ridge Rd,44060,OH,1,rfvdrAv1yq5_5mFl-aOAdg,business
Taste Of Italy,Edinburgh,13,"['Monday 8:0-23:0', 'Tuesday 8:0-23:0', 'Wednesday 8:0-23:0', 'Thursday 8:0-23:0', 'Friday 8:0-0:0', 'Saturday 8:0-0:0', 'Sunday 8:0-23:0']",New Town,"['Italian', 'Restaurants', 'Cafes']",55.9576699801,4.0,"['BikeParking: True', 'BusinessAcceptsCreditCards: True', 'GoodForKids: True', ""GoodForMeal: {'dessert': False, 'latenight': False, 'lunch': False, 'dinner': False, 'breakfast': False, 'brunch': False}"", 'HasTV: True', 'OutdoorSeating: False', 'RestaurantsAttire: casual', 'RestaurantsDelivery: False', 'RestaurantsGoodForGroups: True', 'RestaurantsPriceRange2: 2', 'RestaurantsReservations: False', 'RestaurantsTakeOut: True']",-3.1845581051,Leith Street,EH1,EDH,1,AGmxdHHL_ioXZ3_6mVAJxg,business
Jimmy John's,Las Vegas,65,"['Monday 10:0-21:0', 'Tuesday 10:0-21:0', 'Wednesday 10:0-21:0', 'Thursday 10:0-21:0', 'Friday 10:0-21:0', 'Saturday 10:0-21:0', 'Sunday 10:0-21:0']",Downtown,"['Delis', 'Food Delivery Services', 'Food', 'Sandwiches', 'Restaurants']",36.1590906,3.5,"['Alcohol: none', ""Ambience: {'romantic': False, 'intimate': False, 'classy': False, 'hipster': False, 'divey': False, 'touristy': False, 'trendy': False, 'upscale': False, 'casual': True}"", 'BikeParking: True', 'BusinessAcceptsCreditCards: True', ""BusinessParking: {'garage': False, 'street': False, 'validated': False, 'lot': True, 'valet': False}"", 'Caters: True', 'GoodForKids: True', ""GoodForMeal: {'dessert': False, 'latenight': False, 'lunch': True, 'dinner': False, 'breakfast': False, 'brunch': False}"", 'HasTV: False', 'NoiseLevel: average', 'OutdoorSeating: False', 'RestaurantsAttire: casual', 'RestaurantsDelivery: True', 'RestaurantsGoodForGroups: True', 'RestaurantsPriceRange2: 1', 'RestaurantsReservations: False', 'RestaurantsTableService: False', 'RestaurantsTakeOut: True', 'WiFi: no']",-115.1721079,2204 W Charleston Blvd,89102,NV,1,SmkGXa3XVZTXV04IcBkwLg,business
Sushi Dan,Las Vegas,11,,Westside,"['Sushi Bars', 'Restaurants']",36.1433538,3.5,"['Alcohol: full_bar', 'BusinessAcceptsCreditCards: True', ""BusinessParking: {'garage': False, 'street': False, 'validated': False, 'lot': True, 'valet': False}"", 'GoodForKids: True', ""GoodForMeal: {'dessert': False, 'latenight': False, 'lunch': False, 'dinner': False, 'breakfast': False, 'brunch': False}"", 'OutdoorSeating: False', 'RestaurantsAttire: casual', 'RestaurantsGoodForGroups: True', 'RestaurantsPriceRange2: 3', 'RestaurantsTableService: True']",-115.2512854,7293 W Sahara Ave,89117,NV,0,8DcFtolCfmxupCg-ijNJQA,business
Wendy's,Las Vegas,37,,Westside,"['Restaurants', 'Burgers', 'Fast Food']",36.1595332,3.5,"['Alcohol: none', ""Ambience: {'romantic': False, 'intimate': False, 'classy': False, 'hipster': False, 'divey': False, 'touristy': False, 'trendy': False, 'upscale': False, 'casual': True}"", 'BikeParking: True', 'BusinessAcceptsCreditCards: True', ""BusinessParking: {'garage': False, 'street': False, 'validated': False, 'lot': True, 'valet': False}"", 'Caters: False', 'DriveThru: True', 'GoodForKids: True', ""GoodForMeal: {'dessert': True, 'latenight': False, 'lunch': False, 'dinner': False, 'breakfast': False, 'brunch': False}"", 'HasTV: True', 'NoiseLevel: average', 'OutdoorSeating: False', 'RestaurantsAttire: casual', 'RestaurantsDelivery: False', 'RestaurantsGoodForGroups: True', 'RestaurantsPriceRange2: 1', 'RestaurantsReservations: False', 'RestaurantsTableService: False', 'RestaurantsTakeOut: True', 'WiFi: free']",-115.2896481,8900 W Charleston Blvd,89117,NV,1,94GNGMxmruuqRLRhLqllWw,business
Osmow's,Oakville,8,"['Monday 11:0-21:0', 'Tuesday 11:0-21:0', 'Wednesday 11:0-21:0', 'Thursday 11:0-22:0', 'Friday 11:0-22:0', 'Saturday 11:0-22:0', 'Sunday 12:0-19:0']",,"['Restaurants', 'Middle Eastern', 'Mediterranean', 'Arabian']",43.3957313,3.0,"['Alcohol: none', ""Ambience: {'romantic': False, 'intimate': False, 'classy': False, 'hipster': False, 'touristy': False, 'trendy': False, 'upscale': False, 'casual': True}"", 'BikeParking: False', 'BusinessAcceptsCreditCards: True', ""BusinessParking: {'garage': False, 'street': False, 'validated': False, 'lot': False, 'valet': True}"", 'Caters: True', 'DogsAllowed: False', 'GoodForKids: True', ""GoodForMeal: {'dessert': False, 'latenight': False, 'lunch': False, 'dinner': False, 'breakfast': False, 'brunch': False}"", 'HasTV: True', 'NoiseLevel: average', 'OutdoorSeating: False', 'RestaurantsAttire: casual', 'RestaurantsDelivery: False', 'RestaurantsGoodForGroups: True', 'RestaurantsPriceRange2: 2', 'RestaurantsReservations: False', 'RestaurantsTableService: False', 'RestaurantsTakeOut: True', 'WheelchairAccessible: True', 'WiFi: no']",-79.7489922,"3513 Wyecroft Road, Unit H007",L6L 0B6,ON,1,rybR_MPS8TlJu7KZqfGM9w,business
Al Taib,Montréal,33,,Ville-Marie,"['Lebanese', 'Restaurants', 'Middle Eastern', 'Pizza']",45.496001,4.0,"['Alcohol: none', ""Ambience: {'romantic': False, 'intimate': False, 'classy': False, 'hipster': False, 'touristy': False, 'trendy': False, 'upscale': False, 'casual': True}"", 'BikeParking: True', 'BusinessAcceptsCreditCards: True', ""BusinessParking: {'garage': False, 'street': True, 'validated': False, 'lot': False, 'valet': False}"", 'Caters: False', 'GoodForKids: False', ""GoodForMeal: {'dessert': False, 'latenight': True, 'lunch': False, 'dinner': False, 'breakfast': False, 'brunch': False}"", 'HasTV: True', 'NoiseLevel: average', 'OutdoorSeating: True', 'RestaurantsAttire: casual', 'RestaurantsDelivery: False', 'RestaurantsGoodForGroups: True', 'RestaurantsPriceRange2: 1', 'RestaurantsReservations: False', 'RestaurantsTableService: False', 'RestaurantsTakeOut: True', 'WheelchairAccessible: False', 'WiFi: no']",-73.5800039,2125 Rue Guy,H3H 2L9,QC,1,PVgROa96PHUbMZU9Cc-zAA,business
Griddlecakes,Las Vegas,313,"['Monday 7:0-15:0', 'Tuesday 7:0-15:0', 'Wednesday 7:0-15:0', 'Thursday 7:0-15:0', 'Friday 7:0-15:0', 'Saturday 7:0-15:0', 'Sunday 7:0-15:0']",,"['American (Traditional)', 'Restaurants', 'Breakfast & Brunch']",36.017362,3.5,"['Alcohol: none', ""Ambience: {'romantic': False, 'intimate': False, 'classy': False, 'hipster': False, 'divey': False, 'touristy': False, 'trendy': False, 'upscale': False, 'casual': True}"", 'BikeParking: True', 'BusinessAcceptsCreditCards: True', ""BusinessParking: {'garage': False, 'street': False, 'validated': False, 'lot': True, 'valet': False}"", 'Caters: False', 'GoodForKids: True', ""GoodForMeal: {'dessert': False, 'latenight': False, 'lunch': False, 'dinner': False, 'breakfast': True, 'brunch': True}"", 'HasTV: False', 'NoiseLevel: average', 'OutdoorSeating: True', 'RestaurantsAttire: casual', 'RestaurantsDelivery: False', 'RestaurantsGoodForGroups: True', 'RestaurantsPriceRange2: 2', 'RestaurantsReservations: False', 'RestaurantsTableService: True', 'RestaurantsTakeOut: True', 'WheelchairAccessible: True', 'WiFi: no']",-115.117046,9480 S Eastern Ave,89123,NV,1,oWD385Ues-RWJmhP_Riz1g,business
Mitaza Pizza,Toronto,4,"['Monday 11:0-22:0', 'Tuesday 11:0-22:0', 'Wednesday 11:0-22:0', 'Thursday 11:0-22:0', 'Friday 11:0-23:0', 'Saturday 14:0-23:0', 'Sunday 14:0-22:0']",Scarborough,"['Restaurants', 'African', 'Pizza', 'Canadian (New)', 'Caribbean', 'Food']",43.7715993,5.0,"['RestaurantsDelivery: True', 'RestaurantsGoodForGroups: True', 'RestaurantsReservations: False', 'RestaurantsTakeOut: True', 'Caters: True', 'HasTV: True', 'WiFi: free']",-79.1869592,269 Mornigside Avenue,M1E 3G1,ON,1,vMk2HTGxZ-fGL9FIru9rDA,business
Hibachi San,Glendale,6,,,"['Japanese', 'Restaurants']",33.6397914,3.5,['HasTV: False'],-112.2245561,"7700 W Arrowhead Towne Ctr, Ste 2088",85308,AZ,0,VpSPyNx5EY9bG7yYU3yE_A,business
North Italia,Glendale,24,"['Monday 11:0-21:0', 'Tuesday 11:0-21:0', 'Wednesday 11:0-21:0', 'Thursday 11:0-21:0', 'Friday 11:0-21:0', 'Saturday 11:0-21:0']",,"['Restaurants', 'Italian']",33.6659219,4.0,"['Alcohol: full_bar', 'BYOB: False', 'BYOBCorkage: yes_free', 'BusinessAcceptsCreditCards: True', ""BusinessParking: {'garage': False, 'street': False, 'validated': False, 'lot': True, 'valet': False}"", 'Corkage: False', 'GoodForKids: False', ""GoodForMeal: {'dessert': False, 'latenight': False, 'lunch': False, 'dinner': True, 'breakfast': False, 'brunch': False}"", 'NoiseLevel: average', 'OutdoorSeating: True', 'RestaurantsAttire: casual', 'RestaurantsDelivery: False', 'RestaurantsGoodForGroups: True', 'RestaurantsPriceRange2: 2', 'RestaurantsReservations: True', 'RestaurantsTableService: True', 'RestaurantsTakeOut: True', 'WheelchairAccessible: True']",-112.2036662,"20004 N 67th Ave, Suite 500",85308,AZ,0,9GfFdsfxouvrm_Www0sgkg,business
Subway,Las Vegas,7,,The Strip,"['Restaurants', 'Sandwiches']",36.1262286179,3.5,"['Alcohol: none', 'BusinessAcceptsCreditCards: True', ""BusinessParking: {'garage': False, 'street': False, 'validated': False, 'lot': False, 'valet': False}"", 'GoodForKids: False', ""GoodForMeal: {'dessert': False, 'latenight': False, 'lunch': False, 'dinner': False, 'breakfast': False, 'brunch': False}"", 'HasTV: False', 'OutdoorSeating: False', 'RestaurantsAttire: casual', 'RestaurantsDelivery: False', 'RestaurantsGoodForGroups: True', 'RestaurantsPriceRange2: 1', 'RestaurantsReservations: False', 'RestaurantsTableService: False', 'RestaurantsTakeOut: True', 'WheelchairAccessible: True']",-115.171051025,"O'Shea's Casino, 3555 Las Vegas Blvd S",89109,NV,0,NJ2Oyy9MH0qxYiLnVHfPiw,business
Brew Garden,Strongsville,65,"['Monday 11:0-2:0', 'Tuesday 11:0-2:0', 'Wednesday 11:0-2:0', 'Thursday 11:0-2:0', 'Friday 11:0-2:0', 'Saturday 11:0-2:0', 'Sunday 11:0-2:0']",,"['Nightlife', 'Restaurants', 'Beer Gardens', 'Sports Bars', 'American (Traditional)', 'Bars']",41.3079784,3.0,"['Alcohol: full_bar', 'BikeParking: True', 'BusinessAcceptsCreditCards: True', ""BusinessParking: {'garage': False, 'street': False, 'validated': False, 'lot': False, 'valet': False}"", 'Caters: True', 'CoatCheck: False', 'GoodForDancing: False', 'GoodForKids: True', ""GoodForMeal: {'dessert': False, 'latenight': False, 'lunch': False, 'dinner': False, 'breakfast': False, 'brunch': False}"", 'HappyHour: True', 'HasTV: True', ""Music: {'dj': False, 'background_music': True, 'no_music': False, 'karaoke': False, 'live': False, 'video': False, 'jukebox': False}"", 'NoiseLevel: very_loud', 'OutdoorSeating: True', 'RestaurantsAttire: casual', 'RestaurantsDelivery: False', 'RestaurantsGoodForGroups: True', 'RestaurantsPriceRange2: 2', 'RestaurantsReservations: False', 'RestaurantsTableService: True', 'RestaurantsTakeOut: True', 'Smoking: no', 'WiFi: no', ""Ambience: {'romantic': False, 'intimate': False, 'classy': False, 'hipster': False, 'divey': False, 'touristy': False, 'trendy': False, 'upscale': False, 'casual': True}""]",-81.81439,16555 Southpark Ctr,44136,OH,1,p7l2gwNMiyyr7PjMCoqeeA,business
Trivs,Strongsville,51,"['Monday 11:0-0:0', 'Tuesday 11:0-0:0', 'Wednesday 11:0-0:0', 'Thursday 11:0-0:0', 'Friday 11:0-1:30', 'Saturday 11:0-1:30']",,"['Italian', 'American (New)', 'Restaurants', 'American (Traditional)', 'Steakhouses', 'Burgers']",41.3139309,4.0,"['Alcohol: full_bar', ""Ambience: {'romantic': False, 'intimate': False, 'classy': False, 'hipster': False, 'divey': False, 'touristy': False, 'trendy': False, 'upscale': False, 'casual': False}"", 'BikeParking: True', 'BusinessAcceptsCreditCards: True', ""BusinessParking: {'garage': False, 'street': False, 'validated': False, 'lot': True, 'valet': False}"", 'Caters: False', 'GoodForKids: True', ""GoodForMeal: {'dessert': False, 'latenight': False, 'lunch': False, 'dinner': True, 'breakfast': False, 'brunch': False}"", 'HasTV: True', 'NoiseLevel: average', 'Open24Hours: False', 'OutdoorSeating: True', 'RestaurantsAttire: casual', 'RestaurantsDelivery: False', 'RestaurantsGoodForGroups: True', 'RestaurantsPriceRange2: 2', 'RestaurantsReservations: True', 'RestaurantsTableService: True', 'RestaurantsTakeOut: True', 'WheelchairAccessible: True', 'WiFi: free']",-81.819294,17100 Royalton Rd,44136,OH,1,Im0hMcWaqWIzuBM8xILDsA,business
Hu Tieu Nam Vang Hong Phat,Vaughan,16,"['Monday 10:0-21:30', 'Wednesday 10:0-21:30', 'Thursday 10:0-21:30', 'Friday 10:0-22:30', 'Saturday 10:0-22:30', 'Sunday 10:0-21:30']",,"['Chinese', 'Cambodian', 'Restaurants', 'Vietnamese']",43.8288799429,4.0,"['Alcohol: full_bar', ""Ambience: {'romantic': False, 'intimate': False, 'classy': False, 'hipster': False, 'touristy': False, 'trendy': False, 'upscale': False, 'casual': True}"", 'BikeParking: True', 'BusinessAcceptsCreditCards: True', ""BusinessParking: {'garage': False, 'street': False, 'validated': False, 'lot': True, 'valet': False}"", 'Caters: False', 'DogsAllowed: False', 'GoodForKids: True', ""GoodForMeal: {'dessert': False, 'latenight': False, 'lunch': False, 'dinner': False, 'breakfast': False, 'brunch': True}"", 'HasTV: True', 'NoiseLevel: average', 'OutdoorSeating: False', 'RestaurantsAttire: casual', 'RestaurantsDelivery: False', 'RestaurantsGoodForGroups: True', 'RestaurantsPriceRange2: 1', 'RestaurantsReservations: True', 'RestaurantsTableService: True', 'RestaurantsTakeOut: True', 'WheelchairAccessible: True', 'WiFi: no']",-79.5378019482,"3175 Rutherford Road, Unit 70",L4K 5Y6,ON,1,nTQhgQZa7HhIpyM0ICC1mw,business
Mr Chow,Las Vegas,181,"['Monday 17:0-22:0', 'Tuesday 17:0-22:0', 'Wednesday 17:0-22:0', 'Thursday 17:0-22:0', 'Friday 17:0-22:30', 'Saturday 17:0-22:30', 'Sunday 17:0-22:0']",The Strip,"['Chinese', 'Restaurants']",36.1161559,3.0,"['Alcohol: full_bar', 'BikeParking: False', 'BusinessAcceptsCreditCards: True', ""BusinessParking: {'garage': True, 'street': False, 'validated': False, 'lot': False, 'valet': True}"", 'Caters: False', 'GoodForKids: False', ""GoodForMeal: {'dessert': False, 'latenight': False, 'lunch': False, 'dinner': True, 'breakfast': False, 'brunch': False}"", 'HasTV: False', 'NoiseLevel: average', 'OutdoorSeating: False', 'RestaurantsAttire: dressy', 'RestaurantsDelivery: False', 'RestaurantsGoodForGroups: True', 'RestaurantsPriceRange2: 4', 'RestaurantsReservations: True', 'RestaurantsTableService: True', 'RestaurantsTakeOut: True', 'WheelchairAccessible: True', 'WiFi: free', ""Ambience: {'romantic': False, 'intimate': False, 'classy': False, 'hipster': False, 'divey': False, 'touristy': False, 'trendy': True, 'upscale': False, 'casual': False}""]",-115.1750576,3570 Las Vegas Blvd S,89109,NV,1,n0bg7kf6HcpFchCtxJyc5A,business
Zeppe's Pizza,University Heights,13,"['Monday 10:0-22:0', 'Tuesday 10:0-22:0', 'Wednesday 10:0-22:0', 'Thursday 10:0-23:0', 'Friday 10:0-0:0', 'Saturday 10:0-0:0', 'Sunday 11:0-22:0']",,"['Pizza', 'Restaurants']",41.501101,3.5,"['Alcohol: none', ""Ambience: {'romantic': False, 'intimate': False, 'classy': False, 'hipster': False, 'divey': False, 'touristy': False, 'trendy': False, 'upscale': False, 'casual': False}"", 'BikeParking: False', 'BusinessAcceptsCreditCards: True', ""BusinessParking: {'garage': False, 'street': False, 'validated': False, 'lot': True, 'valet': False}"", 'Caters: True', 'GoodForKids: True', ""GoodForMeal: {'dessert': False, 'latenight': False, 'lunch': True, 'dinner': False, 'breakfast': False, 'brunch': False}"", 'HasTV: False', 'NoiseLevel: average', 'OutdoorSeating: False', 'RestaurantsAttire: casual', 'RestaurantsDelivery: True', 'RestaurantsGoodForGroups: True', 'RestaurantsPriceRange2: 2', 'RestaurantsReservations: False', 'RestaurantsTableService: False', 'RestaurantsTakeOut: True', 'WheelchairAccessible: True', 'WiFi: free']",-81.5184386,14480 Cedar Rd,44121,OH,0,wA0g8Mgbb8JiJcw3CftI2A,business
Reggie's All Family Restaurant,Cuyahoga Falls,6,,,['Restaurants'],41.1823829,2.5,"['Alcohol: none', 'BusinessAcceptsCreditCards: True', ""BusinessParking: {'garage': False, 'street': False, 'validated': False, 'lot': False, 'valet': False}"", 'GoodForKids: True', ""GoodForMeal: {'dessert': False, 'latenight': False, 'lunch': False, 'dinner': False, 'breakfast': False, 'brunch': False}"", 'OutdoorSeating: True', 'RestaurantsAttire: casual', 'RestaurantsDelivery: False', 'RestaurantsGoodForGroups: True', 'RestaurantsPriceRange2: 2', 'RestaurantsReservations: False', 'RestaurantsTableService: True', 'RestaurantsTakeOut: True']",-81.5080936,4065 State Rd,44319,OH,0,yFhUWJ73ax8Tr2BawHvLxg,business
Winchell's Pub & Grill,Las Vegas,100,"['Monday 0:0-0:0', 'Tuesday 0:0-0:0', 'Wednesday 0:0-0:0', 'Thursday 0:0-0:0', 'Friday 0:0-0:0', 'Saturday 0:0-0:0', 'Sunday 0:0-0:0']",Southeast,"['Pubs', 'Restaurants', 'American (Traditional)', 'Bars', 'Nightlife']",36.0566383,3.5,"['Alcohol: full_bar', ""Ambience: {'romantic': False, 'intimate': False, 'classy': False, 'hipster': False, 'divey': False, 'touristy': False, 'trendy': False, 'upscale': False, 'casual': True}"", 'BYOB: False', 'BYOBCorkage: yes_free', 'BikeParking: True', 'BusinessAcceptsCreditCards: True', ""BusinessParking: {'garage': False, 'street': False, 'validated': False, 'lot': True, 'valet': False}"", 'Caters: True', 'CoatCheck: False', 'Corkage: False', 'GoodForDancing: False', 'GoodForKids: False', ""GoodForMeal: {'dessert': False, 'latenight': False, 'lunch': True, 'dinner': False, 'breakfast': False, 'brunch': False}"", 'HappyHour: True', 'HasTV: True', ""Music: {'dj': False, 'background_music': False, 'no_music': False, 'karaoke': False, 'live': False, 'video': False, 'jukebox': False}"", 'NoiseLevel: average', 'OutdoorSeating: False', 'RestaurantsAttire: casual', 'RestaurantsDelivery: False', 'RestaurantsGoodForGroups: True', 'RestaurantsPriceRange2: 2', 'RestaurantsReservations: False', 'RestaurantsTableService: True', 'RestaurantsTakeOut: True', 'Smoking: yes', 'WheelchairAccessible: True', 'WiFi: no', ""BestNights: {'monday': False, 'tuesday': False, 'friday': True, 'wednesday': True, 'thursday': False, 'sunday': False, 'saturday': True}""]",-115.1636524,199 E Warm Springs Rd,89119,NV,1,01SiPgdiOskMC5bUJoyy_g,business
Two Dads' Diner,Lakewood,27,"['Tuesday 7:0-20:0', 'Wednesday 7:0-20:0', 'Thursday 7:0-20:0', 'Friday 7:0-20:0', 'Saturday 7:0-20:0', 'Sunday 7:0-14:0']",,"['Diners', 'Restaurants']",41.4854594,3.5,"['Alcohol: none', 'BusinessAcceptsCreditCards: True', ""BusinessParking: {'garage': False, 'street': True, 'validated': False, 'lot': False, 'valet': False}"", 'GoodForKids: True', ""GoodForMeal: {'dessert': False, 'latenight': False, 'lunch': True, 'dinner': True, 'breakfast': True, 'brunch': False}"", 'HasTV: True', 'NoiseLevel: average', 'OutdoorSeating: False', 'RestaurantsAttire: casual', 'RestaurantsDelivery: False', 'RestaurantsGoodForGroups: True', 'RestaurantsPriceRange2: 1', 'RestaurantsReservations: False', 'RestaurantsTableService: True', 'RestaurantsTakeOut: True', 'WheelchairAccessible: True', 'WiFi: no']",-81.7951905,14412 Detroit Ave,44107,OH,0,ncn2d0frqLSIFP1_DLXzow,business
VB Lounge,Chandler,30,"['Monday 15:0-22:0', 'Tuesday 15:0-22:0', 'Wednesday 15:0-22:0', 'Thursday 15:0-22:0', 'Friday 15:0-2:0', 'Saturday 15:0-2:0', 'Sunday 15:0-22:0']",,"['Salad', 'Nightlife', 'American (New)', 'Cocktail Bars', 'Bars', 'Restaurants', 'Lounges']",33.3020088,5.0,"['BusinessAcceptsCreditCards: True', 'RestaurantsDelivery: False', 'RestaurantsReservations: True', 'GoodForKids: False', 'RestaurantsAttire: casual', 'RestaurantsGoodForGroups: True', 'RestaurantsPriceRange2: 2', 'Alcohol: full_bar', ""Ambience: {'romantic': False, 'intimate': False, 'classy': False, 'hipster': False, 'divey': False, 'touristy': False, 'trendy': False, 'upscale': False, 'casual': False}"", ""BusinessParking: {'garage': False, 'street': False, 'validated': False, 'lot': False, 'valet': False}"", 'CoatCheck: False', 'GoodForDancing: False', ""GoodForMeal: {'dessert': False, 'latenight': False, 'lunch': False, 'dinner': False, 'breakfast': False, 'brunch': False}"", 'HappyHour: True', 'HasTV: True', ""Music: {'dj': False, 'background_music': True, 'no_music': False, 'karaoke': False, 'live': False, 'video': False, 'jukebox': False}"", 'NoiseLevel: average', 'OutdoorSeating: False', 'WiFi: free', 'RestaurantsTakeOut: True', 'BikeParking: True']",-111.8424046,81 W Boston St,85225,AZ,1,kDo4Lu9V3EKJ0QXzIQ1t0w,business
Crisp Greens,Chandler,33,"['Monday 8:0-20:0', 'Tuesday 8:0-20:0', 'Wednesday 8:0-20:0', 'Thursday 8:0-20:0', 'Friday 8:0-20:0', 'Saturday 11:0-15:0', 'Sunday 11:0-15:0']",,"['Salad', 'Food', 'Restaurants', 'Juice Bars & Smoothies', 'American (New)', 'Coffee & Tea']",33.299905461,4.0,"['Alcohol: none', ""Ambience: {'romantic': False, 'intimate': False, 'classy': False, 'hipster': False, 'divey': False, 'touristy': False, 'trendy': False, 'upscale': False, 'casual': False}"", 'BikeParking: True', 'BusinessAcceptsCreditCards: True', ""BusinessParking: {'garage': False, 'street': False, 'validated': False, 'lot': False, 'valet': False}"", 'Caters: True', 'GoodForKids: True', ""GoodForMeal: {'dessert': False, 'latenight': False, 'lunch': True, 'dinner': False, 'breakfast': False, 'brunch': False}"", 'HasTV: True', 'NoiseLevel: average', 'OutdoorSeating: True', 'RestaurantsAttire: casual', 'RestaurantsDelivery: True', 'RestaurantsGoodForGroups: False', 'RestaurantsPriceRange2: 1', 'RestaurantsReservations: False', 'RestaurantsTableService: False', 'RestaurantsTakeOut: True', 'WheelchairAccessible: True', 'WiFi: free']",-111.841706919,"250 S Arizona Ave, Ste 4",85225,AZ,1,DBgzDMacCKux25bA2tr15A,business
Pizza Nova,Mississauga,4,,Erin Mills,"['Restaurants', 'Food', 'Pizza']",43.574527,2.5,"[""Ambience: {'romantic': False, 'intimate': False, 'classy': False, 'hipster': False, 'touristy': False, 'trendy': False, 'upscale': False, 'casual': False}"", 'BusinessAcceptsCreditCards: True', ""BusinessParking: {'garage': False, 'street': False, 'validated': False, 'lot': False, 'valet': False}"", 'GoodForKids: False', ""GoodForMeal: {'dessert': False, 'latenight': False, 'lunch': False, 'dinner': False, 'breakfast': False, 'brunch': False}"", 'HasTV: False', 'OutdoorSeating: False', 'RestaurantsAttire: casual', 'RestaurantsDelivery: True', 'RestaurantsGoodForGroups: False', 'RestaurantsPriceRange2: 2', 'RestaurantsTableService: False', 'RestaurantsTakeOut: True']",-79.738134,6040 Glen Erin Drive,L5N 3M4,ON,1,w6N3e8D4xyFV0P_HgTO2Yg,business
Habbouz Tunisian Cuisine,Phoenix,41,"['Monday 10:0-14:0', 'Tuesday 10:0-14:0', 'Wednesday 10:0-14:0', 'Thursday 10:0-14:0', 'Friday 10:0-19:0', 'Saturday 10:0-19:0']",,"['Mediterranean', 'Restaurants']",33.5517339,5.0,"['Alcohol: none', ""Ambience: {'romantic': False, 'intimate': False, 'classy': False, 'hipster': False, 'divey': False, 'touristy': False, 'trendy': False, 'upscale': False, 'casual': True}"", 'BikeParking: True', 'BusinessAcceptsCreditCards: True', ""BusinessParking: {'garage': False, 'street': False, 'validated': False, 'lot': True, 'valet': False}"", 'Caters: True', 'GoodForKids: True', 'HasTV: True', 'NoiseLevel: average', 'OutdoorSeating: False', 'RestaurantsAttire: casual', 'RestaurantsDelivery: False', 'RestaurantsGoodForGroups: True', 'RestaurantsPriceRange2: 2', 'RestaurantsReservations: True', 'RestaurantsTableService: True', 'RestaurantsTakeOut: True', 'WheelchairAccessible: True', 'WiFi: no', ""GoodForMeal: {'dessert': False, 'latenight': False, 'lunch': True, 'dinner': True, 'breakfast': False, 'brunch': False}""]",-112.1169976,7816 N 27th Ave,85051,AZ,1,GWaS_XugSFzw1g8SEbpmHQ,business
Pour Boy,Toronto,7,"['Monday 11:30-2:0', 'Tuesday 11:30-2:0', 'Wednesday 11:30-2:0', 'Thursday 11:30-2:0', 'Friday 11:30-2:0', 'Saturday 11:30-2:0', 'Sunday 11:30-2:0']",Little Italy,"['American (Traditional)', 'Bars', 'Pubs', 'Nightlife', 'Restaurants']",43.655321,4.0,"['Alcohol: full_bar', ""Ambience: {'romantic': False, 'intimate': False, 'classy': False, 'hipster': False, 'touristy': False, 'trendy': False, 'upscale': False, 'casual': False}"", ""BestNights: {'monday': False, 'tuesday': True, 'friday': False, 'wednesday': False, 'thursday': False, 'sunday': False, 'saturday': False}"", 'BikeParking: True', 'BusinessAcceptsCreditCards: True', ""BusinessParking: {'garage': False, 'street': True, 'validated': False, 'lot': False, 'valet': False}"", 'CoatCheck: False', 'GoodForDancing: False', 'HappyHour: True', 'HasTV: True', ""Music: {'dj': False, 'background_music': False, 'no_music': False, 'karaoke': False, 'live': False, 'video': False, 'jukebox': False}"", 'NoiseLevel: loud', 'OutdoorSeating: True', 'RestaurantsGoodForGroups: True', 'RestaurantsPriceRange2: 2', 'RestaurantsReservations: True', 'Smoking: no', 'WheelchairAccessible: True']",-79.413309,583 College Street,M6G 1B2,ON,1,8ZpXbFWIY4uEnmOJMr6gyQ,business
Cruz Bar,Leith,12,"['Thursday 17:0-1:0', 'Friday 12:0-1:0', 'Saturday 12:0-1:0', 'Sunday 12:0-1:0']",Leith,"['Restaurants', 'British']",55.976768335,3.0,"['Alcohol: full_bar', ""Ambience: {'romantic': False, 'intimate': False, 'classy': False, 'hipster': False, 'touristy': False, 'trendy': False, 'upscale': False, 'casual': False}"", 'BusinessAcceptsCreditCards: True', ""BusinessParking: {'garage': False, 'street': True, 'lot': False, 'valet': False}"", 'Caters: False', 'GoodForKids: False', 'HasTV: False', 'NoiseLevel: average', 'OutdoorSeating: True', 'RestaurantsAttire: casual', 'RestaurantsDelivery: False', 'RestaurantsGoodForGroups: True', 'RestaurantsPriceRange2: 3', 'RestaurantsReservations: True', 'RestaurantsTableService: True', 'RestaurantsTakeOut: False', 'WheelchairAccessible: False', 'WiFi: free']",-3.1694951374,14 Shore,EH6 6QN,EDH,0,NFR06DXhYHVDZUQjxIvWqQ,business
Fernando's Cafe,Pittsburgh,22,,Downtown,"['Restaurants', 'Sandwiches']",40.4437729,3.5,"['Alcohol: none', ""Ambience: {'romantic': False, 'intimate': False, 'classy': False, 'hipster': False, 'divey': False, 'touristy': False, 'trendy': False, 'upscale': False, 'casual': True}"", 'BikeParking: True', 'BusinessAcceptsCreditCards: True', ""BusinessParking: {'garage': True, 'street': False, 'validated': False, 'lot': False, 'valet': False}"", 'Caters: True', 'GoodForKids: True', ""GoodForMeal: {'dessert': False, 'latenight': False, 'lunch': True, 'dinner': False, 'breakfast': False, 'brunch': False}"", 'HasTV: True', 'NoiseLevel: loud', 'OutdoorSeating: False', 'RestaurantsAttire: casual', 'RestaurantsDelivery: True', 'RestaurantsGoodForGroups: True', 'RestaurantsPriceRange2: 1', 'RestaurantsReservations: False', 'RestaurantsTableService: False', 'RestaurantsTakeOut: True', 'WiFi: no']",-79.9957994,963 Liberty Ave,15222,PA,1,8IetU93EqoUGRVNOt0Q2iA,business
Paper Crane,King City,22,"['Monday 11:30-22:0', 'Tuesday 11:30-22:0', 'Wednesday 11:30-22:0', 'Thursday 11:30-22:0', 'Friday 11:30-22:0', 'Saturday 12:0-22:0', 'Sunday 15:0-21:0']",,"['Sushi Bars', 'Restaurants', 'Japanese']",43.9280357,4.5,"['Alcohol: beer_and_wine', ""Ambience: {'romantic': False, 'intimate': False, 'classy': False, 'hipster': False, 'touristy': False, 'trendy': False, 'upscale': False, 'casual': True}"", 'BikeParking: True', 'BusinessAcceptsCreditCards: True', ""BusinessParking: {'garage': False, 'street': True, 'validated': False, 'lot': False, 'valet': False}"", 'Caters: True', 'GoodForKids: True', ""GoodForMeal: {'dessert': False, 'latenight': False, 'lunch': False, 'dinner': False, 'breakfast': False, 'brunch': False}"", 'HasTV: False', 'NoiseLevel: quiet', 'OutdoorSeating: True', 'RestaurantsAttire: casual', 'RestaurantsDelivery: False', 'RestaurantsGoodForGroups: True', 'RestaurantsPriceRange2: 2', 'RestaurantsReservations: True', 'RestaurantsTableService: True', 'RestaurantsTakeOut: True', 'WiFi: free']",-79.5277234,"12975 Keele Street, Unit 1",L7B 1G2,ON,1,-4bPFENRdTqjML8aKEL6ow,business
Islander's Grill,Henderson,34,"['Monday 11:0-21:0', 'Tuesday 11:0-21:0', 'Wednesday 11:0-21:0', 'Thursday 11:0-21:0', 'Friday 11:0-21:0', 'Saturday 11:0-21:0']",,"['Creperies', 'Restaurants', 'Asian Fusion', 'Hawaiian']",36.0330800436,3.5,"['Alcohol: none', ""Ambience: {'romantic': False, 'intimate': False, 'classy': False, 'hipster': False, 'divey': False, 'touristy': False, 'trendy': False, 'upscale': False, 'casual': True}"", 'BusinessAcceptsCreditCards: True', ""BusinessParking: {'garage': False, 'street': True, 'validated': False, 'lot': False, 'valet': False}"", 'GoodForKids: True', ""GoodForMeal: {'dessert': False, 'latenight': False, 'lunch': True, 'dinner': False, 'breakfast': False, 'brunch': False}"", 'HasTV: False', 'NoiseLevel: average', 'OutdoorSeating: False', 'RestaurantsAttire: casual', 'RestaurantsDelivery: True', 'RestaurantsGoodForGroups: True', 'RestaurantsPriceRange2: 1', 'RestaurantsReservations: False', 'RestaurantsTableService: True', 'RestaurantsTakeOut: True', 'WiFi: no']",-114.985603094,18 W Pacific Ave,89015,NV,0,982dasWTyuKUPbGTifUlEA,business
Lazeez,Las Vegas,169,"['Monday 11:0-21:0', 'Tuesday 11:0-21:0', 'Wednesday 11:0-21:0', 'Thursday 11:0-21:0', 'Friday 11:0-21:0', 'Saturday 11:0-21:0', 'Sunday 11:0-21:0']",Westside,"['Mediterranean', 'Halal', 'Indian', 'Restaurants']",36.1300289,4.0,"['Alcohol: none', ""Ambience: {'romantic': False, 'intimate': False, 'classy': False, 'hipster': False, 'divey': False, 'touristy': False, 'trendy': False, 'upscale': False, 'casual': True}"", 'BikeParking: True', 'BusinessAcceptsCreditCards: True', ""BusinessParking: {'garage': True, 'street': False, 'validated': False, 'lot': True, 'valet': False}"", 'Caters: True', 'DogsAllowed: False', 'GoodForKids: True', ""GoodForMeal: {'dessert': False, 'latenight': False, 'lunch': True, 'dinner': True, 'breakfast': False, 'brunch': False}"", 'HasTV: True', 'NoiseLevel: quiet', 'OutdoorSeating: True', 'RestaurantsAttire: casual', 'RestaurantsDelivery: True', 'RestaurantsGoodForGroups: True', 'RestaurantsPriceRange2: 2', 'RestaurantsReservations: False', 'RestaurantsTableService: True', 'RestaurantsTakeOut: True', 'WheelchairAccessible: True', 'WiFi: free']",-115.2777727,"8560 W Desert Inn Rd, Ste D-3",89117,NV,1,jXyy2Vc-Dgp7QguQJSfnXw,business
Moreno's Mexican Grill,Mesa,69,"['Monday 8:0-21:0', 'Tuesday 8:0-21:0', 'Wednesday 8:0-21:0', 'Thursday 8:0-21:0', 'Friday 7:0-21:30', 'Saturday 7:0-21:30', 'Sunday 7:0-20:0']",,"['Restaurants', 'Mexican']",33.4081871,4.0,"['Alcohol: beer_and_wine', ""Ambience: {'romantic': False, 'intimate': False, 'classy': False, 'hipster': False, 'divey': False, 'touristy': False, 'trendy': False, 'upscale': False, 'casual': True}"", 'BikeParking: True', 'BusinessAcceptsCreditCards: True', ""BusinessParking: {'garage': False, 'street': False, 'validated': False, 'lot': True, 'valet': False}"", 'Caters: True', 'GoodForKids: True', ""GoodForMeal: {'dessert': False, 'latenight': False, 'lunch': True, 'dinner': True, 'breakfast': False, 'brunch': False}"", 'HasTV: False', 'NoiseLevel: average', 'OutdoorSeating: True', 'RestaurantsAttire: casual', 'RestaurantsDelivery: False', 'RestaurantsGoodForGroups: True', 'RestaurantsPriceRange2: 1', 'RestaurantsReservations: False', 'RestaurantsTableService: False', 'RestaurantsTakeOut: True', 'WheelchairAccessible: True', 'WiFi: no']",-111.8145749,760 E Broadway Rd,85204,AZ,1,LLWOrt8Vo5kyA9qeo-Y76g,business
Malaysia Grill,Markham,11,,Markham Village,"['Malaysian', 'Thai', 'Asian Fusion', 'Restaurants']",43.8748998,3.0,"[""Ambience: {'romantic': False, 'intimate': False, 'classy': False, 'hipster': False, 'touristy': False, 'trendy': False, 'upscale': False, 'casual': False}"", 'BusinessAcceptsCreditCards: True', ""BusinessParking: {'garage': False, 'street': False, 'validated': False, 'lot': False, 'valet': False}"", 'GoodForKids: True', ""GoodForMeal: {'dessert': False, 'latenight': False, 'lunch': False, 'dinner': False, 'breakfast': False, 'brunch': False}"", 'HasTV: True', 'NoiseLevel: quiet', 'OutdoorSeating: False', 'RestaurantsAttire: casual', 'RestaurantsDelivery: True', 'RestaurantsGoodForGroups: True', 'RestaurantsPriceRange2: 1', 'RestaurantsReservations: True', 'RestaurantsTableService: False', 'RestaurantsTakeOut: True', 'WiFi: no']",-79.2591737,8 Washington Street,L3P,ON,0,b2mVQLlc_beZP-Iop8JgFg,business
Sunset Grill,Brampton,18,"['Monday 6:30-15:0', 'Tuesday 6:30-15:0', 'Wednesday 6:30-15:0', 'Thursday 6:30-15:0', 'Friday 6:30-15:0', 'Saturday 7:0-15:30', 'Sunday 7:0-15:30']",,"['Restaurants', 'Breakfast & Brunch']",43.678193,4.0,"['Alcohol: none', ""Ambience: {'romantic': False, 'intimate': False, 'classy': False, 'hipster': False, 'touristy': False, 'trendy': False, 'upscale': False, 'casual': False}"", 'BikeParking: False', 'BusinessAcceptsCreditCards: True', ""BusinessParking: {'garage': False, 'street': False, 'validated': False, 'lot': False, 'valet': False}"", 'Caters: True', 'GoodForKids: True', ""GoodForMeal: {'dessert': False, 'latenight': False, 'lunch': False, 'dinner': False, 'breakfast': True, 'brunch': False}"", 'HasTV: False', 'NoiseLevel: loud', 'OutdoorSeating: False', 'RestaurantsAttire: casual', 'RestaurantsDelivery: False', 'RestaurantsGoodForGroups: True', 'RestaurantsPriceRange2: 2', 'RestaurantsReservations: False', 'RestaurantsTableService: True', 'RestaurantsTakeOut: True', 'WiFi: no']",-79.721117,60 Resolution Drive,L6W 0A5,ON,1,hyIxO-5zyLH7TJJe4YSRRA,business
La Strada,Cleveland,72,,Gateway District,"['Restaurants', 'Italian']",41.4988774,2.5,"['Alcohol: full_bar', ""Ambience: {'romantic': True, 'intimate': False, 'classy': False, 'hipster': False, 'divey': False, 'touristy': False, 'trendy': True, 'upscale': False, 'casual': False}"", 'BusinessAcceptsCreditCards: True', ""BusinessParking: {'garage': False, 'street': True, 'validated': False, 'lot': False, 'valet': True}"", 'GoodForKids: False', ""GoodForMeal: {'dessert': False, 'latenight': False, 'lunch': False, 'dinner': True, 'breakfast': False, 'brunch': False}"", 'HasTV: True', 'NoiseLevel: average', 'OutdoorSeating: True', 'RestaurantsAttire: casual', 'RestaurantsDelivery: False', 'RestaurantsGoodForGroups: True', 'RestaurantsPriceRange2: 3', 'RestaurantsReservations: True', 'RestaurantsTableService: True', 'RestaurantsTakeOut: True', 'WheelchairAccessible: True', 'WiFi: no']",-81.6900977,2050 E 4th St,44115,OH,0,EtLmuDIMsBCmqdgpysz60Q,business
Perkins Restaurant & Bakery,Hudson,7,"['Monday 7:0-21:0', 'Tuesday 7:0-21:0', 'Wednesday 7:0-21:0', 'Thursday 7:0-21:0', 'Friday 7:0-21:30', 'Saturday 7:0-21:30', 'Sunday 7:0-21:0']",,"['Breakfast & Brunch', 'Restaurants', 'American (Traditional)', 'Bakeries', 'Food']",41.2397100973,3.0,"['Alcohol: none', ""Ambience: {'romantic': False, 'intimate': False, 'classy': False, 'hipster': False, 'divey': False, 'touristy': False, 'trendy': False, 'upscale': False, 'casual': True}"", 'BikeParking: True', 'BusinessAcceptsCreditCards: True', ""BusinessParking: {'garage': False, 'street': False, 'validated': False, 'lot': True, 'valet': False}"", 'Caters: False', 'GoodForKids: True', ""GoodForMeal: {'dessert': False, 'latenight': False, 'lunch': True, 'dinner': True, 'breakfast': True, 'brunch': True}"", 'HasTV: False', 'NoiseLevel: average', 'OutdoorSeating: False', 'RestaurantsAttire: casual', 'RestaurantsDelivery: False', 'RestaurantsGoodForGroups: True', 'RestaurantsPriceRange2: 1', 'RestaurantsReservations: False', 'RestaurantsTableService: True', 'RestaurantsTakeOut: True', 'WheelchairAccessible: True']",-81.4483062923,130 W Streetsboro,44236,OH,1,oCTu8oSITCP6pQzDbB0oSA,business
Barro's Pizza,Gilbert,69,"['Monday 10:30-22:0', 'Tuesday 10:30-22:0', 'Wednesday 10:30-22:0', 'Thursday 10:30-22:0', 'Friday 10:30-23:0', 'Saturday 10:30-23:0', 'Sunday 10:30-22:0']",,"['Restaurants', 'Italian', 'Sandwiches', 'Pizza']",33.3063001,4.0,"['Alcohol: beer_and_wine', ""Ambience: {'romantic': False, 'intimate': False, 'classy': False, 'hipster': False, 'divey': False, 'touristy': False, 'trendy': False, 'upscale': False, 'casual': True}"", 'BikeParking: False', 'BusinessAcceptsCreditCards: True', ""BusinessParking: {'garage': False, 'street': False, 'validated': False, 'lot': True, 'valet': False}"", 'Caters: True', 'GoodForKids: True', ""GoodForMeal: {'dessert': False, 'latenight': False, 'lunch': True, 'dinner': True, 'breakfast': False, 'brunch': False}"", 'HasTV: True', 'NoiseLevel: average', 'OutdoorSeating: False', 'RestaurantsAttire: casual', 'RestaurantsDelivery: True', 'RestaurantsGoodForGroups: True', 'RestaurantsPriceRange2: 1', 'RestaurantsReservations: False', 'RestaurantsTableService: False', 'RestaurantsTakeOut: True', 'WheelchairAccessible: True', 'WiFi: no']",-111.7593107,1431 E Williams Field Rd,85296,AZ,1,2Zd3yaOcmUTYhIcI2DNfDA,business
Filiberto's Mexican Food,Chandler,41,,,"['Mexican', 'Restaurants']",33.3490652,2.5,"['Alcohol: none', ""Ambience: {'romantic': False, 'intimate': False, 'classy': False, 'hipster': False, 'divey': True, 'touristy': False, 'trendy': False, 'upscale': False, 'casual': False}"", 'BikeParking: True', 'BusinessAcceptsCreditCards: True', ""BusinessParking: {'garage': False, 'street': False, 'validated': False, 'lot': True, 'valet': False}"", 'Caters: False', 'GoodForKids: True', ""GoodForMeal: {'dessert': False, 'latenight': True, 'lunch': True, 'dinner': True, 'breakfast': True, 'brunch': False}"", 'HasTV: False', 'NoiseLevel: very_loud', 'OutdoorSeating: True', 'RestaurantsAttire: casual', 'RestaurantsCounterService: False', 'RestaurantsDelivery: False', 'RestaurantsGoodForGroups: True', 'RestaurantsPriceRange2: 1', 'RestaurantsReservations: False', 'RestaurantsTableService: False', 'RestaurantsTakeOut: True', 'WiFi: no']",-111.8756589,1993 W Elliot Rd,85224,AZ,1,OVn8rF10-r1QR9gvAlICrg,business
Cousins Subs,Chandler,14,"['Monday 9:0-20:0', 'Tuesday 9:0-20:0', 'Wednesday 9:0-20:0', 'Thursday 9:0-20:0', 'Friday 9:0-20:0', 'Saturday 9:0-20:0', 'Sunday 11:0-18:0']",,"['Delis', 'Restaurants', 'Sandwiches']",33.3077745,3.0,"['Alcohol: none', ""Ambience: {'romantic': False, 'intimate': False, 'classy': False, 'hipster': False, 'divey': False, 'touristy': False, 'trendy': False, 'upscale': False, 'casual': False}"", 'BikeParking: False', 'BusinessAcceptsCreditCards: True', ""BusinessParking: {'garage': False, 'street': False, 'validated': False, 'lot': False, 'valet': False}"", 'Caters: True', 'GoodForKids: False', ""GoodForMeal: {'dessert': False, 'latenight': False, 'lunch': True, 'dinner': False, 'breakfast': False, 'brunch': False}"", 'HasTV: False', 'NoiseLevel: average', 'OutdoorSeating: False', 'RestaurantsAttire: casual', 'RestaurantsDelivery: False', 'RestaurantsGoodForGroups: True', 'RestaurantsPriceRange2: 1', 'RestaurantsReservations: False', 'RestaurantsTableService: False', 'RestaurantsTakeOut: True', 'WheelchairAccessible: False', 'WiFi: no']",-111.8788527,"2100 W Chandler Blvd, Suite 38",85224,AZ,0,82FKPrumKgIYRFjOzO6F9A,business
Matka Indian Cuisine,Chandler,23,,,"['Indian', 'Buffets', 'Restaurants']",33.3350307,3.0,"['Alcohol: full_bar', ""Ambience: {'romantic': False, 'intimate': False, 'classy': False, 'hipster': False, 'divey': False, 'touristy': False, 'trendy': False, 'upscale': False, 'casual': True}"", 'BusinessAcceptsCreditCards: True', ""BusinessParking: {'garage': False, 'street': False, 'validated': False, 'lot': True, 'valet': False}"", 'Caters: True', 'GoodForKids: True', ""GoodForMeal: {'dessert': False, 'latenight': False, 'lunch': True, 'dinner': False, 'breakfast': False, 'brunch': False}"", 'HasTV: False', 'NoiseLevel: quiet', 'OutdoorSeating: False', 'RestaurantsAttire: casual', 'RestaurantsDelivery: True', 'RestaurantsGoodForGroups: True', 'RestaurantsPriceRange2: 2', 'RestaurantsReservations: True', 'RestaurantsTableService: True', 'RestaurantsTakeOut: True', 'WiFi: no']",-111.877439,"2051 W Warner Rd, Ste 7",85224,AZ,0,3wJ4kJsJhayyfJ30HsS04g,business
Erie Street Kitchen,Kent,6,"['Tuesday 16:0-22:0', 'Wednesday 16:0-22:0', 'Thursday 16:0-22:0', 'Friday 16:0-0:0', 'Saturday 16:0-0:0']",,"['American (Traditional)', 'Southern', 'Seafood', 'Barbeque', 'Sandwiches', 'Restaurants', 'Gluten-Free']",41.1527359,5.0,"['Alcohol: full_bar', 'BikeParking: True', 'BusinessAcceptsBitcoin: False', 'BusinessAcceptsCreditCards: True', ""BusinessParking: {'garage': True, 'street': True, 'validated': False, 'lot': False, 'valet': False}"", 'Caters: True', 'DogsAllowed: False', 'HasTV: True', 'OutdoorSeating: False', 'RestaurantsDelivery: False', 'RestaurantsGoodForGroups: True', 'RestaurantsReservations: False', 'RestaurantsTableService: False', 'RestaurantsTakeOut: True', 'WheelchairAccessible: True', 'WiFi: free']",-81.3590069,163 W Erie St,44240,OH,1,uyFQv-D-E5JfNIu3_xOVww,business
Island Grill,Las Vegas,9,,Eastside,"['Lounges', 'Nightlife', 'American (New)', 'Bars', 'Restaurants']",36.1413706,4.0,"['Alcohol: full_bar', ""Ambience: {'romantic': False, 'intimate': False, 'classy': False, 'hipster': False, 'divey': False, 'touristy': False, 'trendy': False, 'upscale': False, 'casual': True}"", ""BestNights: {'monday': False, 'tuesday': False, 'friday': True, 'wednesday': False, 'thursday': True, 'sunday': False, 'saturday': True}"", 'BikeParking: False', 'BusinessAcceptsCreditCards: True', ""BusinessParking: {'garage': False, 'street': False, 'validated': False, 'lot': False, 'valet': False}"", 'Caters: False', 'CoatCheck: False', 'GoodForDancing: True', 'GoodForKids: False', ""GoodForMeal: {'dessert': False, 'latenight': False, 'lunch': False, 'dinner': False, 'breakfast': False, 'brunch': False}"", 'HappyHour: True', 'HasTV: True', ""Music: {'dj': True, 'background_music': False, 'no_music': False, 'karaoke': True, 'live': False, 'video': False, 'jukebox': True}"", 'NoiseLevel: average', 'OutdoorSeating: False', 'RestaurantsAttire: casual', 'RestaurantsDelivery: False', 'RestaurantsGoodForGroups: True', 'RestaurantsPriceRange2: 1', 'RestaurantsReservations: False', 'RestaurantsTableService: False', 'Smoking: yes', 'WiFi: free', 'RestaurantsTakeOut: True']",-115.1367974,"2660 S Maryland Pkwy, Ste 24",89109,NV,0,BntSl0d6YiwGR69cZs7PPg,business
Mr Brews Taphouse,Madison,25,"['Monday 11:0-23:0', 'Tuesday 11:0-23:0', 'Wednesday 11:0-23:0', 'Thursday 11:0-23:0', 'Friday 11:0-1:0', 'Saturday 11:0-1:0', 'Sunday 11:0-23:0']",Capitol,"['Beer', 'Wine & Spirits', 'Sports Bars', 'Nightlife', 'Restaurants', 'Burgers', 'Food', 'Bars']",43.0743196966,3.5,"['Alcohol: beer_and_wine', ""Ambience: {'romantic': False, 'intimate': False, 'classy': False, 'hipster': False, 'divey': False, 'touristy': False, 'trendy': False, 'upscale': False, 'casual': True}"", ""BestNights: {'monday': False, 'tuesday': True, 'friday': False, 'wednesday': True, 'thursday': True, 'sunday': False, 'saturday': False}"", 'BikeParking: True', 'BusinessAcceptsCreditCards: True', ""BusinessParking: {'garage': False, 'street': False, 'validated': False, 'lot': False, 'valet': False}"", 'Caters: False', 'CoatCheck: False', 'DriveThru: False', 'GoodForDancing: False', 'GoodForKids: False', ""GoodForMeal: {'dessert': False, 'latenight': False, 'lunch': False, 'dinner': False, 'breakfast': False, 'brunch': False}"", 'HappyHour: True', 'HasTV: True', ""Music: {'dj': False, 'background_music': False, 'no_music': False, 'karaoke': False, 'live': False, 'video': False, 'jukebox': False}"", 'NoiseLevel: average', 'OutdoorSeating: False', 'RestaurantsAttire: casual', 'RestaurantsDelivery: False', 'RestaurantsGoodForGroups: True', 'RestaurantsPriceRange2: 1', 'RestaurantsReservations: False', 'RestaurantsTableService: True', 'RestaurantsTakeOut: True', 'Smoking: no', 'WiFi: free']",-89.3904203572,305 W Johnson St,53703,WI,1,U5pW5iuYdB_8NxEopCnpqQ,business
Yummy Buffet,Madison,4,,Capitol,"['Buffets', 'Restaurants', 'Chinese']",43.074349,1.0,"['BusinessAcceptsCreditCards: True', ""GoodForMeal: {'dessert': False, 'latenight': False, 'lunch': False, 'dinner': False, 'breakfast': False, 'brunch': False}"", 'RestaurantsAttire: casual', 'RestaurantsPriceRange2: 1', 'WheelchairAccessible: True']",-89.393575,411 W Gilman St,53703,WI,0,di8-ZPAvExDPfttxMs3_JA,business
Charley's Grilled Subs,Madison,5,,Capitol,"['Sandwiches', 'Restaurants']",43.074897,3.0,"['Alcohol: none', 'BusinessAcceptsCreditCards: True', ""BusinessParking: {'garage': False, 'street': False, 'validated': False, 'lot': False, 'valet': False}"", 'GoodForKids: False', ""GoodForMeal: {'dessert': False, 'latenight': False, 'lunch': False, 'dinner': False, 'breakfast': False, 'brunch': False}"", 'OutdoorSeating: False', 'RestaurantsAttire: casual', 'RestaurantsDelivery: False', 'RestaurantsGoodForGroups: False', 'RestaurantsPriceRange2: 1', 'RestaurantsReservations: False', 'RestaurantsTableService: False', 'RestaurantsTakeOut: True', 'WheelchairAccessible: True']",-89.3959817,644 State St,53703,WI,0,TLTawnc8rVosRV9z5-8oOw,business
Lebowski's Neighborhood Grill,Charlotte,256,"['Monday 11:0-0:30', 'Tuesday 11:0-0:30', 'Wednesday 11:0-0:30', 'Thursday 11:0-0:30', 'Friday 11:0-2:0', 'Saturday 11:0-2:0', 'Sunday 11:0-22:0']",Dilworth,"['Sports Bars', 'Nightlife', 'American (Traditional)', 'Bars', 'Restaurants', 'Pubs']",35.199889,4.0,"['Alcohol: full_bar', ""Ambience: {'romantic': False, 'intimate': False, 'classy': False, 'hipster': False, 'divey': False, 'touristy': False, 'trendy': False, 'upscale': False, 'casual': True}"", ""BestNights: {'monday': False, 'tuesday': True, 'friday': True, 'wednesday': False, 'thursday': False, 'sunday': False, 'saturday': True}"", 'BikeParking: True', 'BusinessAcceptsCreditCards: True', ""BusinessParking: {'garage': False, 'street': False, 'validated': False, 'lot': True, 'valet': False}"", 'Caters: True', 'CoatCheck: False', 'DogsAllowed: True', 'GoodForDancing: False', 'GoodForKids: True', ""GoodForMeal: {'dessert': False, 'latenight': False, 'lunch': True, 'dinner': True, 'breakfast': False, 'brunch': False}"", 'HappyHour: True', 'HasTV: True', ""Music: {'dj': False, 'background_music': False, 'no_music': False, 'karaoke': False, 'live': False, 'video': False, 'jukebox': False}"", 'NoiseLevel: average', 'OutdoorSeating: True', 'RestaurantsAttire: casual', 'RestaurantsDelivery: False', 'RestaurantsGoodForGroups: True', 'RestaurantsPriceRange2: 2', 'RestaurantsReservations: True', 'RestaurantsTableService: True', 'RestaurantsTakeOut: True', 'Smoking: outdoor', 'WheelchairAccessible: True', 'WiFi: free']",-80.842288,1524 East Blvd,28203,NC,1,YAJzBGvqT3dT_qAg6u8E1A,business
Joey's Restaurant,Solon,10,"['Monday 11:0-22:0', 'Tuesday 11:0-22:0', 'Wednesday 11:0-22:0', 'Thursday 11:0-22:0', 'Friday 11:0-22:0', 'Saturday 11:0-23:0', 'Sunday 15:30-22:0']",,"['Restaurants', 'Italian', 'Pizza']",41.4240188599,3.0,"['Alcohol: full_bar', ""Ambience: {'romantic': False, 'intimate': False, 'classy': False, 'hipster': False, 'divey': False, 'touristy': False, 'trendy': False, 'upscale': False, 'casual': True}"", 'BikeParking: False', 'BusinessAcceptsCreditCards: True', ""BusinessParking: {'garage': False, 'street': False, 'validated': False, 'lot': True, 'valet': False}"", 'Caters: True', 'GoodForKids: True', ""GoodForMeal: {'dessert': False, 'latenight': False, 'lunch': False, 'dinner': False, 'breakfast': False, 'brunch': False}"", 'HasTV: False', 'NoiseLevel: average', 'OutdoorSeating: False', 'RestaurantsAttire: casual', 'RestaurantsGoodForGroups: True', 'RestaurantsPriceRange2: 2', 'RestaurantsReservations: True', 'RestaurantsTableService: True', 'RestaurantsTakeOut: True', 'WiFi: no']",-81.4772949219,28500 Miles Rd,44139,OH,0,wCRc6E9XcyPnN1WwJhaGtA,business
St Lawrence Pizza & Ice Cream,Toronto,10,"['Tuesday 8:0-18:0', 'Wednesday 8:0-18:0', 'Thursday 8:0-18:0', 'Friday 6:0-17:0', 'Saturday 6:0-17:0']",St. Lawrence,"['Restaurants', 'Ice Cream & Frozen Yogurt', 'Pizza', 'Food', 'Italian']",43.6490516,4.0,"['Alcohol: none', ""Ambience: {'romantic': False, 'intimate': False, 'classy': False, 'hipster': False, 'touristy': False, 'trendy': False, 'upscale': False, 'casual': False}"", 'BikeParking: True', 'BusinessAcceptsCreditCards: True', 'GoodForKids: True', 'HasTV: False', 'OutdoorSeating: True', 'RestaurantsAttire: casual', 'RestaurantsDelivery: False', 'RestaurantsGoodForGroups: False', 'RestaurantsPriceRange2: 1', 'RestaurantsReservations: False', 'RestaurantsTakeOut: True', 'WiFi: no']",-79.3717741,93 Front Street E,M5E 1C3,ON,1,YcU8pVXAFxybe8aiOBQOcw,business
Brewers Fayre,Livingston,3,,,"['Nightlife', 'British', 'Bars', 'Restaurants', 'Pubs']",55.8622557,3.5,['RestaurantsPriceRange2: 1'],-3.5267674,", Brucefield Indust Estate Murieston",EH54 9ES,WLN,1,ib6mr2jf08CikFPE9A7ujg,business
Mr. Hero,Westlake,3,"['Monday 10:30-21:30', 'Tuesday 10:30-21:30', 'Wednesday 10:30-21:30', 'Thursday 10:30-21:30', 'Friday 10:30-21:30', 'Saturday 11:0-21:30', 'Sunday 11:0-20:0']",,"['Desserts', 'Restaurants', 'Food', 'Cheesesteaks', 'Fast Food', 'Sandwiches', 'Burgers']",41.4667547528,5.0,"['Alcohol: none', ""Ambience: {'romantic': False, 'intimate': False, 'classy': False, 'hipster': False, 'divey': False, 'touristy': False, 'trendy': False, 'upscale': False, 'casual': False}"", 'BikeParking: False', 'BusinessAcceptsCreditCards: True', 'Caters: False', 'DriveThru: False', 'GoodForKids: True', ""GoodForMeal: {'dessert': False, 'latenight': False, 'lunch': False, 'dinner': False, 'breakfast': False, 'brunch': False}"", 'HasTV: True', 'OutdoorSeating: False', 'RestaurantsAttire: casual', 'RestaurantsDelivery: False', 'RestaurantsGoodForGroups: False', 'RestaurantsPriceRange2: 1', 'RestaurantsReservations: False', 'RestaurantsTableService: False', 'RestaurantsTakeOut: True']",-81.9228638336,27315 Detroit Rd,44145,OH,1,6Ko0igIzIFQgA3ejrXC3VQ,business
Legacy Cafe And Lounge,Westlake,8,"['Monday 19:0-2:0', 'Tuesday 19:0-2:0', 'Wednesday 19:0-2:0', 'Thursday 19:0-2:0', 'Friday 19:0-2:0', 'Saturday 19:0-2:0', 'Sunday 19:0-2:0']",,"['Restaurants', 'Bars', 'Desserts', 'Nightlife', 'Bakeries', 'Food', 'Hookah Bars', 'Cafes']",41.4773452251,4.5,"['BusinessAcceptsCreditCards: True', 'GoodForKids: False', 'HappyHour: True', 'OutdoorSeating: False', 'RestaurantsAttire: casual', 'RestaurantsDelivery: False', 'RestaurantsGoodForGroups: True', 'RestaurantsPriceRange2: 2', 'RestaurantsTakeOut: True', 'Smoking: yes']",-81.9248751018,673 Cahoon Rd,44145,OH,1,JOtv0NcBkvd9RO_D9cM3Qg,business
Ginger Restaurant,Toronto,93,"['Monday 11:0-22:0', 'Tuesday 11:0-22:0', 'Wednesday 11:0-22:0', 'Thursday 11:0-22:0', 'Friday 11:0-22:0', 'Saturday 11:0-22:0', 'Sunday 12:0-22:0']",Entertainment District,"['Vietnamese', 'Restaurants']",43.6503648,3.5,"['Alcohol: beer_and_wine', ""Ambience: {'romantic': False, 'intimate': False, 'classy': False, 'hipster': False, 'touristy': False, 'trendy': False, 'upscale': False, 'casual': True}"", 'BikeParking: True', 'BusinessAcceptsCreditCards: True', ""BusinessParking: {'garage': False, 'street': True, 'validated': False, 'lot': False, 'valet': False}"", 'Caters: True', 'DogsAllowed: False', 'GoodForKids: True', ""GoodForMeal: {'dessert': False, 'latenight': False, 'lunch': True, 'dinner': True, 'breakfast': False, 'brunch': False}"", 'HasTV: False', 'NoiseLevel: average', 'OutdoorSeating: False', 'RestaurantsAttire: casual', 'RestaurantsDelivery: True', 'RestaurantsGoodForGroups: True', 'RestaurantsPriceRange2: 1', 'RestaurantsReservations: False', 'RestaurantsTableService: False', 'RestaurantsTakeOut: True', 'WheelchairAccessible: True', 'WiFi: no']",-79.3892282,212 Queen Street W,M5V 1Z2,ON,1,EXd0QOsqz6sAOUjMJba_9w,business
Mr Hero,Willowick,6,,,"['Restaurants', 'Sandwiches']",41.6422057,4.0,"['Alcohol: none', ""Ambience: {'romantic': False, 'intimate': False, 'classy': False, 'hipster': False, 'divey': False, 'touristy': False, 'trendy': False, 'upscale': False, 'casual': False}"", 'BikeParking: False', 'BusinessAcceptsCreditCards: True', ""BusinessParking: {'garage': False, 'street': False, 'validated': False, 'lot': True, 'valet': False}"", 'Caters: True', 'GoodForKids: True', ""GoodForMeal: {'dessert': False, 'latenight': False, 'lunch': False, 'dinner': False, 'breakfast': False, 'brunch': False}"", 'HasTV: True', 'NoiseLevel: quiet', 'OutdoorSeating: False', 'RestaurantsAttire: casual', 'RestaurantsDelivery: False', 'RestaurantsGoodForGroups: True', 'RestaurantsPriceRange2: 2', 'RestaurantsReservations: False', 'RestaurantsTableService: False', 'RestaurantsTakeOut: True', 'WiFi: no']",-81.462402,31910 Vine St,44095,OH,1,YunXZuZ5jSznbqEjiI3fwg,business
Burrito Fresh,Toronto,5,,The Annex,"['Mexican', 'Restaurants']",43.6686182,2.0,"['BusinessAcceptsCreditCards: True', ""BusinessParking: {'garage': False, 'street': False, 'validated': False, 'lot': False, 'valet': False}"", ""GoodForMeal: {'dessert': False, 'latenight': False, 'lunch': False, 'dinner': False, 'breakfast': False, 'brunch': False}"", 'RestaurantsAttire: casual', 'RestaurantsDelivery: False', 'RestaurantsGoodForGroups: True', 'RestaurantsPriceRange2: 1', 'RestaurantsTakeOut: True', 'WheelchairAccessible: False']",-79.3958209,208 Bloor St W,M5S 1A0,ON,1,WaW4ZPTpP_Cn6BWBVzPzTA,business
Wendy's,Urbana,3,"['Monday 10:0-22:0', 'Tuesday 10:0-22:0', 'Wednesday 10:0-22:0', 'Thursday 10:0-22:0', 'Friday 10:0-22:0', 'Saturday 11:0-18:0', 'Sunday 11:0-18:0']",,"['Restaurants', 'Fast Food', 'Burgers']",40.1107993405,1.0,"['BusinessAcceptsCreditCards: True', 'GoodForKids: True', ""GoodForMeal: {'dessert': False, 'latenight': False, 'lunch': False, 'dinner': False, 'breakfast': False, 'brunch': False}"", 'OutdoorSeating: False', 'RestaurantsAttire: casual', 'RestaurantsDelivery: False', 'RestaurantsGoodForGroups: True', 'RestaurantsPriceRange2: 1', 'RestaurantsReservations: False', 'RestaurantsTakeOut: True', 'Alcohol: none', 'NoiseLevel: average']",-88.2302236969,"1401 W Green St, Illini Union Lower Level",61801,IL,1,myyJxx7nvs-5_T-Uvc-kLw,business
Nobby's Pizzeria,Pittsburgh,18,"['Monday 11:0-22:0', 'Tuesday 11:0-22:0', 'Wednesday 11:0-22:0', 'Thursday 11:0-22:0', 'Friday 11:0-23:0', 'Saturday 11:0-23:0', 'Sunday 11:0-21:0']",,"['Pizza', 'Restaurants']",40.365075,3.0,"['Alcohol: none', ""Ambience: {'romantic': False, 'intimate': False, 'classy': False, 'hipster': False, 'divey': False, 'touristy': False, 'trendy': False, 'upscale': False, 'casual': False}"", 'BikeParking: True', 'BusinessAcceptsCreditCards: True', ""BusinessParking: {'garage': False, 'street': False, 'validated': False, 'lot': False, 'valet': False}"", 'Caters: True', 'GoodForKids: True', ""GoodForMeal: {'dessert': False, 'latenight': False, 'lunch': False, 'dinner': False, 'breakfast': False, 'brunch': False}"", 'HasTV: False', 'NoiseLevel: quiet', 'OutdoorSeating: False', 'RestaurantsAttire: casual', 'RestaurantsDelivery: True', 'RestaurantsGoodForGroups: False', 'RestaurantsPriceRange2: 1', 'RestaurantsReservations: False', 'RestaurantsTableService: False', 'RestaurantsTakeOut: True']",-80.024144,1106 Castle Shannon Blvd,15234,PA,1,_82041xhXs6-_WWT82BA8Q,business
Union,Toronto,165,"['Monday 12:0-15:0', 'Monday 18:0-22:0', 'Tuesday 12:0-15:0', 'Tuesday 18:0-22:0', 'Wednesday 12:0-15:0', 'Wednesday 18:0-22:0', 'Thursday 12:0-15:0', 'Thursday 18:0-23:0', 'Friday 12:0-15:0', 'Friday 18:0-23:0', 'Saturday 11:0-15:0', 'Saturday 18:0-23:0', 'Sunday 11:0-15:0', 'Sunday 18:0-22:0']",Ossington Strip,"['Wine Bars', 'Bars', 'Restaurants', 'Nightlife', 'French', 'Gastropubs']",43.6458334,4.0,"['Alcohol: full_bar', ""Ambience: {'romantic': False, 'intimate': False, 'classy': False, 'hipster': True, 'touristy': False, 'trendy': True, 'upscale': False, 'casual': False}"", ""BestNights: {'monday': True, 'tuesday': False, 'friday': False, 'wednesday': False, 'thursday': True, 'sunday': False, 'saturday': True}"", 'BikeParking: True', 'BusinessAcceptsCreditCards: True', ""BusinessParking: {'garage': False, 'street': True, 'validated': False, 'lot': False, 'valet': False}"", 'Caters: False', 'CoatCheck: False', 'GoodForDancing: False', 'GoodForKids: False', ""GoodForMeal: {'dessert': False, 'latenight': False, 'lunch': False, 'dinner': True, 'breakfast': False, 'brunch': False}"", 'HappyHour: False', 'HasTV: False', ""Music: {'dj': False, 'background_music': True, 'no_music': False, 'karaoke': False, 'live': False, 'video': False, 'jukebox': False}"", 'NoiseLevel: average', 'OutdoorSeating: True', 'RestaurantsAttire: casual', 'RestaurantsDelivery: False', 'RestaurantsGoodForGroups: True', 'RestaurantsPriceRange2: 3', 'RestaurantsReservations: True', 'RestaurantsTableService: True', 'RestaurantsTakeOut: True', 'Smoking: no', 'WheelchairAccessible: False', 'WiFi: free']",-79.4195681,72A Ossington Avenue,M6J 2Y7,ON,1,ZdaZwXC0FByDY3EwNELphw,business
Restaurant Panorama,Fellbach,23,"['Monday 17:30-0:0', 'Tuesday 11:30-15:0', 'Tuesday 17:30-0:0', 'Wednesday 11:30-15:0', 'Wednesday 17:30-0:0', 'Thursday 11:30-15:0', 'Thursday 17:30-0:0', 'Friday 11:30-15:0', 'Friday 17:30-0:0', 'Saturday 11:30-15:0', 'Saturday 17:30-0:0', 'Sunday 11:30-0:0']",,"['Party & Event Planning', 'Event Planning & Services', 'Greek', 'Restaurants', 'International', 'Italian', 'Wedding Planning']",48.7973202824,3.5,"['Alcohol: full_bar', ""Ambience: {'romantic': False, 'intimate': False, 'classy': False, 'hipster': False, 'touristy': False, 'trendy': False, 'upscale': False, 'casual': False}"", 'BikeParking: True', 'BusinessAcceptsCreditCards: False', ""BusinessParking: {'garage': False, 'street': False, 'validated': False, 'lot': True, 'valet': False}"", 'Caters: False', 'DogsAllowed: False', 'GoodForKids: True', ""GoodForMeal: {'dessert': False, 'latenight': False, 'lunch': False, 'dinner': False, 'breakfast': False, 'brunch': False}"", 'HasTV: False', 'NoiseLevel: average', 'OutdoorSeating: True', 'RestaurantsAttire: casual', 'RestaurantsDelivery: False', 'RestaurantsGoodForGroups: True', 'RestaurantsPriceRange2: 3', 'RestaurantsReservations: True', 'RestaurantsTableService: True', 'RestaurantsTakeOut: False', 'WheelchairAccessible: True', 'WiFi: no']",9.2819543251,Auf dem Kappelberg 3,70734,BW,1,fQTQ1GL4cmZ-FCZ5ck54yA,business
Bojangles' Famous Chicken 'n Biscuits,Charlotte,11,"['Monday 5:0-23:0', 'Tuesday 5:0-23:0', 'Wednesday 5:0-23:0', 'Thursday 5:0-23:0', 'Friday 5:0-0:0', 'Saturday 5:0-0:0', 'Sunday 6:0-23:0']",,"['Chicken Shop', 'Restaurants', 'Breakfast & Brunch', 'Fast Food']",35.3055903,2.0,"[""Ambience: {'romantic': False, 'intimate': False, 'classy': False, 'hipster': False, 'divey': False, 'touristy': False, 'trendy': False, 'upscale': False, 'casual': False}"", 'BikeParking: False', 'BusinessAcceptsCreditCards: True', ""BusinessParking: {'garage': False, 'street': False, 'validated': False, 'lot': False, 'valet': False}"", 'DriveThru: True', 'GoodForKids: True', ""GoodForMeal: {'dessert': False, 'latenight': False, 'lunch': False, 'dinner': False, 'breakfast': False, 'brunch': False}"", 'HasTV: False', 'OutdoorSeating: False', 'RestaurantsAttire: casual', 'RestaurantsDelivery: False', 'RestaurantsGoodForGroups: True', 'RestaurantsPriceRange2: 1', 'RestaurantsReservations: False', 'RestaurantsTakeOut: True']",-80.8549692,4322 Sunset Rd,28216,NC,1,ek5cepgrlLiswA0rF6rc7g,business
Los Cabos Cantina & Grill,Whitby,13,,,"['Restaurants', 'Caterers', 'Event Planning & Services', 'Mexican']",43.8834631,4.0,"['Alcohol: full_bar', ""Ambience: {'romantic': False, 'intimate': False, 'classy': False, 'hipster': False, 'touristy': False, 'trendy': False, 'upscale': False, 'casual': False}"", 'BusinessAcceptsCreditCards: True', ""BusinessParking: {'garage': False, 'street': False, 'validated': False, 'lot': False, 'valet': False}"", 'Caters: True', 'GoodForKids: True', ""GoodForMeal: {'dessert': False, 'latenight': False, 'lunch': False, 'dinner': True, 'breakfast': False, 'brunch': False}"", 'HasTV: True', 'NoiseLevel: average', 'OutdoorSeating: True', 'RestaurantsAttire: casual', 'RestaurantsGoodForGroups: True', 'RestaurantsPriceRange2: 2', 'RestaurantsReservations: True', 'RestaurantsTableService: True', 'RestaurantsTakeOut: True', 'WiFi: free']",-78.9250465,1009 Dundas Street E,L1N 2K4,ON,1,I0MvTPpCr9PQVvthLdAyPA,business
Caffè Mille Gusti,Montréal,4,"['Monday 7:0-17:0', 'Tuesday 7:0-17:0', 'Wednesday 7:0-17:0', 'Thursday 7:0-17:0', 'Friday 7:0-17:0', 'Saturday 7:0-17:0', 'Sunday 7:0-17:0']",Rosemont-La Petite-Patrie,"['Restaurants', 'Breakfast & Brunch', 'Coffee & Tea', 'Food', 'Cafes']",45.5390626,4.0,"['BusinessAcceptsCreditCards: True', 'GoodForKids: True', ""GoodForMeal: {'dessert': False, 'latenight': False, 'lunch': False, 'dinner': False, 'breakfast': False, 'brunch': False}"", 'HasTV: True', 'RestaurantsAttire: casual', 'RestaurantsDelivery: False', 'RestaurantsGoodForGroups: False', 'RestaurantsPriceRange2: 2', 'RestaurantsReservations: False', 'RestaurantsTakeOut: True']",-73.6051652,1038 Rue Saint-Zotique Est,H2S 1N2,QC,1,6upiav-eo2MfiNIR2M010w,business
Papa John's Pizza,Las Vegas,33,,Westside,"['Pizza', 'Restaurants']",36.1672622,3.5,"['Alcohol: none', ""Ambience: {'romantic': False, 'intimate': False, 'classy': False, 'hipster': False, 'divey': False, 'touristy': False, 'trendy': False, 'upscale': False, 'casual': True}"", 'BikeParking: True', 'BusinessAcceptsCreditCards: True', ""BusinessParking: {'garage': False, 'street': False, 'validated': False, 'lot': True, 'valet': False}"", 'Caters: True', 'GoodForKids: True', ""GoodForMeal: {'dessert': False, 'latenight': True, 'lunch': True, 'dinner': True, 'breakfast': False, 'brunch': False}"", 'HasTV: False', 'NoiseLevel: quiet', 'OutdoorSeating: False', 'RestaurantsAttire: casual', 'RestaurantsDelivery: True', 'RestaurantsGoodForGroups: True', 'RestaurantsPriceRange2: 1', 'RestaurantsReservations: False', 'RestaurantsTableService: False', 'RestaurantsTakeOut: True', 'WiFi: no']",-115.2592043,450 S Buffalo Dr,89145,NV,1,xxYsX6Gj0-pj-kxKw092LQ,business
Wolfgang Puck Express,Mississauga,8,,,"['Restaurants', 'Pizza']",43.7013593,3.0,"['Alcohol: full_bar', ""Ambience: {'romantic': False, 'intimate': False, 'classy': False, 'hipster': False, 'touristy': False, 'trendy': False, 'upscale': False, 'casual': False}"", 'BusinessAcceptsCreditCards: True', ""BusinessParking: {'garage': False, 'street': False, 'validated': False, 'lot': False, 'valet': False}"", 'Caters: False', 'GoodForKids: True', ""GoodForMeal: {'dessert': False, 'latenight': False, 'lunch': True, 'dinner': False, 'breakfast': False, 'brunch': False}"", 'HasTV: False', 'NoiseLevel: average', 'OutdoorSeating: False', 'RestaurantsAttire: casual', 'RestaurantsDelivery: False', 'RestaurantsGoodForGroups: True', 'RestaurantsPriceRange2: 2', 'RestaurantsTableService: True', 'RestaurantsTakeOut: True', 'WheelchairAccessible: True', 'WiFi: free']",-79.6372279,"Lester B Pearson International Airport, Terminal One, 6-6855 Airport Road, Suite 427",L4V 1Y9,ON,1,pudsdf6or3JB3XW0snDxvg,business
Firefly Seafood & Steak House,Markham,62,"['Monday 8:0-0:0', 'Tuesday 8:0-0:0', 'Wednesday 8:0-0:0', 'Thursday 8:0-0:0', 'Friday 8:0-0:0', 'Saturday 8:0-0:0', 'Sunday 8:0-0:0']",Brown's Corners,"['Restaurants', 'Seafood', 'Steakhouses']",43.8482531542,2.0,"['Alcohol: none', ""Ambience: {'romantic': False, 'intimate': False, 'classy': False, 'hipster': False, 'touristy': False, 'trendy': False, 'upscale': False, 'casual': True}"", 'BikeParking: False', 'BusinessAcceptsCreditCards: True', ""BusinessParking: {'garage': False, 'street': False, 'validated': False, 'lot': True, 'valet': False}"", 'Caters: True', 'GoodForKids: True', ""GoodForMeal: {'dessert': False, 'latenight': False, 'lunch': True, 'dinner': True, 'breakfast': False, 'brunch': False}"", 'HasTV: True', 'NoiseLevel: average', 'OutdoorSeating: False', 'RestaurantsAttire: casual', 'RestaurantsDelivery: False', 'RestaurantsGoodForGroups: True', 'RestaurantsPriceRange2: 2', 'RestaurantsReservations: True', 'RestaurantsTableService: True', 'RestaurantsTakeOut: True', 'WheelchairAccessible: True', 'WiFi: free']",-79.349912297,"3229 Highway 7, Unit 2",L3R 3P3,ON,1,9v9cMGBpUm_IzTuPfXXEOw,business
The Broken Spoke,Charlotte,50,"['Monday 16:0-22:0', 'Tuesday 15:0-23:0', 'Wednesday 15:0-23:0', 'Thursday 15:0-23:0', 'Friday 15:0-0:0', 'Saturday 12:0-0:0', 'Sunday 12:0-20:0']",,"['American (New)', 'Whiskey Bars', 'Cocktail Bars', 'Specialty Food', 'Nightlife', 'Restaurants', 'Food', 'Distilleries', 'Tapas Bars', 'Beer Bar', 'Bars', 'Barbeque']",35.1860008,4.0,"['Alcohol: full_bar', ""Ambience: {'romantic': False, 'intimate': False, 'classy': False, 'hipster': False, 'divey': False, 'touristy': False, 'trendy': False, 'upscale': False, 'casual': True}"", ""BestNights: {'monday': False, 'tuesday': False, 'friday': True, 'wednesday': False, 'thursday': False, 'sunday': False, 'saturday': False}"", 'BikeParking: True', 'BusinessAcceptsBitcoin: False', 'BusinessAcceptsCreditCards: True', ""BusinessParking: {'garage': False, 'street': True, 'validated': False, 'lot': True, 'valet': False}"", 'Caters: True', 'CoatCheck: False', 'GoodForDancing: False', 'GoodForKids: False', 'HappyHour: True', 'HasTV: True', ""Music: {'dj': False, 'background_music': False, 'no_music': False, 'karaoke': False, 'live': False, 'video': False, 'jukebox': False}"", 'NoiseLevel: quiet', 'OutdoorSeating: True', 'RestaurantsAttire: casual', 'RestaurantsDelivery: False', 'RestaurantsGoodForGroups: True', 'RestaurantsPriceRange2: 2', 'RestaurantsTableService: True', 'RestaurantsTakeOut: True', 'Smoking: outdoor', 'WheelchairAccessible: True', 'WiFi: free', 'DogsAllowed: False', 'RestaurantsReservations: False']",-80.8814186,227 Southside Dr,28217,NC,1,-L9TeQN_JgLBvqf9wmsBVQ,business
Ellis Island Casino & Brewery,Las Vegas,1758,"['Monday 6:0-6:0', 'Tuesday 6:0-6:0', 'Wednesday 6:0-6:0', 'Thursday 6:0-6:0', 'Friday 6:0-6:0', 'Saturday 6:0-6:0', 'Sunday 6:0-6:0']",Eastside,"['Casinos', 'Breweries', 'Barbeque', 'Arts & Entertainment', 'Karaoke', 'American (Traditional)', 'Restaurants', 'Bars', 'Pubs', 'Food', 'Nightlife']",36.1130255,4.0,"['Alcohol: full_bar', ""Ambience: {'romantic': False, 'intimate': False, 'classy': False, 'hipster': False, 'divey': False, 'touristy': False, 'trendy': False, 'upscale': False, 'casual': True}"", 'BYOB: False', 'BYOBCorkage: no', 'BikeParking: False', 'BusinessAcceptsCreditCards: True', ""BusinessParking: {'garage': True, 'street': False, 'validated': False, 'lot': True, 'valet': False}"", 'ByAppointmentOnly: False', 'Caters: False', 'GoodForKids: False', ""GoodForMeal: {'dessert': False, 'latenight': False, 'lunch': False, 'dinner': True, 'breakfast': False, 'brunch': False}"", 'HasTV: True', 'NoiseLevel: average', 'OutdoorSeating: False', 'RestaurantsAttire: casual', 'RestaurantsDelivery: False', 'RestaurantsGoodForGroups: True', 'RestaurantsPriceRange2: 1', 'RestaurantsReservations: False', 'RestaurantsTableService: True', 'RestaurantsTakeOut: False', 'WheelchairAccessible: True', 'WiFi: free', ""BestNights: {'monday': False, 'tuesday': False, 'friday': True, 'wednesday': False, 'thursday': False, 'sunday': True, 'saturday': True}"", 'CoatCheck: False', 'GoodForDancing: False', 'HappyHour: True', 'Smoking: yes', ""Music: {'dj': False, 'background_music': False, 'no_music': False, 'karaoke': False, 'live': False, 'video': False, 'jukebox': False}""]",-115.1634847,4178 Koval Ln,89109,NV,1,EAwh1OmG6t6p3nRaZOW_AA,business
Boardhouse Serious Sandwich,Las Vegas,9,,Eastside,"['Restaurants', 'Sandwiches']",36.1130255,2.5,"['Alcohol: full_bar', ""Ambience: {'romantic': False, 'intimate': False, 'classy': False, 'hipster': False, 'divey': False, 'touristy': False, 'trendy': False, 'upscale': False, 'casual': False}"", 'BusinessAcceptsCreditCards: True', ""BusinessParking: {'garage': False, 'street': False, 'validated': False, 'lot': False, 'valet': False}"", 'GoodForKids: False', ""GoodForMeal: {'dessert': False, 'latenight': False, 'lunch': False, 'dinner': False, 'breakfast': False, 'brunch': False}"", 'HasTV: True', 'NoiseLevel: average', 'OutdoorSeating: False', 'RestaurantsAttire: casual', 'RestaurantsGoodForGroups: False', 'RestaurantsPriceRange2: 2', 'RestaurantsReservations: False', 'RestaurantsTableService: False', 'RestaurantsTakeOut: True']",-115.1634847,4178 Koval Ln,89109,NV,0,Y4nw_rZUPGw-aRdx6kv4kA,business
Trios Bistro,Toronto,8,,Downtown Core,"['Restaurants', 'Canadian (New)', 'American (New)']",43.6545725,3.5,"[""Ambience: {'romantic': False, 'intimate': False, 'classy': False, 'hipster': False, 'touristy': False, 'trendy': False, 'upscale': False, 'casual': False}"", 'BusinessAcceptsCreditCards: True', 'GoodForKids: True', ""GoodForMeal: {'dessert': False, 'latenight': False, 'lunch': False, 'dinner': False, 'breakfast': False, 'brunch': False}"", 'HasTV: True', 'NoiseLevel: quiet', 'OutdoorSeating: False', 'RestaurantsAttire: dressy', 'RestaurantsDelivery: True', 'RestaurantsGoodForGroups: True', 'RestaurantsPriceRange2: 2', 'RestaurantsTableService: True', 'RestaurantsTakeOut: True']",-79.3830233,"525 Bay St, Marriott Downtown Eaton Centre Hotel",M5G 2L2,ON,1,rmaNVBR2D_10blPLk_jtTA,business
Blauer Engel,Ludwigsburg,52,"['Monday 9:0-1:0', 'Tuesday 9:0-1:0', 'Wednesday 9:0-1:0', 'Thursday 9:0-1:0', 'Friday 9:0-2:0', 'Saturday 10:0-2:0', 'Sunday 10:0-1:0']",,"['German', 'Restaurants', 'Cocktail Bars', 'Nightlife', 'Bars']",48.8939991049,2.5,"['Alcohol: full_bar', ""Ambience: {'romantic': False, 'intimate': False, 'classy': False, 'hipster': False, 'touristy': False, 'trendy': False, 'upscale': False, 'casual': False}"", 'BikeParking: True', 'BusinessAcceptsCreditCards: True', ""BusinessParking: {'garage': False, 'street': True, 'validated': False, 'lot': False, 'valet': False}"", 'Caters: False', 'CoatCheck: False', 'DogsAllowed: False', 'GoodForDancing: False', 'GoodForKids: True', ""GoodForMeal: {'dessert': False, 'latenight': False, 'lunch': False, 'dinner': False, 'breakfast': False, 'brunch': False}"", 'HasTV: True', ""Music: {'dj': False, 'background_music': False, 'no_music': False, 'karaoke': False, 'live': False, 'video': False, 'jukebox': False}"", 'NoiseLevel: average', 'OutdoorSeating: True', 'RestaurantsAttire: casual', 'RestaurantsDelivery: False', 'RestaurantsGoodForGroups: True', 'RestaurantsPriceRange2: 2', 'RestaurantsReservations: True', 'RestaurantsTableService: True', 'RestaurantsTakeOut: True', 'Smoking: outdoor', 'WheelchairAccessible: True', 'WiFi: free']",9.1906125115,Mathildenstr. 20,71638,BW,1,LIPtg0tDFCNTt-fqbrs7pA,business
Edgar Tacos Stand,Pittsburgh,40,,Strip District,"['Restaurants', 'Street Vendors', 'Mexican', 'Food']",40.455585,5.0,"['Alcohol: none', ""Ambience: {'romantic': False, 'intimate': False, 'classy': False, 'hipster': False, 'divey': False, 'touristy': False, 'trendy': False, 'upscale': False, 'casual': False}"", 'BikeParking: True', 'BusinessAcceptsCreditCards: False', ""BusinessParking: {'garage': False, 'street': True, 'validated': False, 'lot': False, 'valet': False}"", 'Caters: True', 'GoodForKids: True', 'HasTV: False', 'NoiseLevel: average', 'OutdoorSeating: True', 'RestaurantsAttire: casual', 'RestaurantsDelivery: False', 'RestaurantsGoodForGroups: True', 'RestaurantsPriceRange2: 1', 'RestaurantsReservations: False', 'RestaurantsTableService: False', 'RestaurantsTakeOut: True', 'WiFi: no', ""GoodForMeal: {'dessert': False, 'latenight': False, 'lunch': True, 'dinner': False, 'breakfast': False, 'brunch': False}""]",-79.977913,2627 Penn Ave,15222,PA,1,TcCWYYL6FxBTT6KrxabwRg,business
Tuscany Mediterranean Grill,Fitchburg,23,"['Monday 16:0-22:0', 'Tuesday 16:0-22:0', 'Wednesday 16:0-22:0', 'Thursday 16:0-22:0', 'Friday 16:0-22:0', 'Saturday 17:0-22:0']",,"['Restaurants', 'Italian', 'Mediterranean', 'Greek']",43.0165752,3.0,"['Alcohol: full_bar', ""Ambience: {'romantic': False, 'intimate': False, 'classy': False, 'hipster': False, 'divey': False, 'touristy': False, 'trendy': False, 'upscale': False, 'casual': False}"", 'BikeParking: True', 'BusinessAcceptsCreditCards: True', ""BusinessParking: {'garage': False, 'street': False, 'validated': False, 'lot': True, 'valet': False}"", 'Caters: True', 'GoodForKids: False', ""GoodForMeal: {'dessert': False, 'latenight': False, 'lunch': False, 'dinner': False, 'breakfast': False, 'brunch': False}"", 'HasTV: True', 'NoiseLevel: quiet', 'OutdoorSeating: False', 'RestaurantsAttire: casual', 'RestaurantsDelivery: False', 'RestaurantsGoodForGroups: True', 'RestaurantsPriceRange2: 2', 'RestaurantsReservations: True', 'RestaurantsTableService: True', 'RestaurantsTakeOut: True', 'WheelchairAccessible: True', 'WiFi: free']",-89.4242797,2969 Cahill Main,53711,WI,1,Bx8cfQJpZvKNA4TWPFWDJQ,business
Panera Bread,Fitchburg,32,"['Monday 6:0-21:0', 'Tuesday 6:0-21:0', 'Wednesday 6:0-21:0', 'Thursday 6:0-21:0', 'Friday 6:0-21:0', 'Saturday 6:0-21:0', 'Sunday 7:0-21:0']",,"['Salad', 'Soup', 'Restaurants', 'Breakfast & Brunch', 'Food', 'Bagels', 'Sandwiches']",43.016974,2.5,"['Alcohol: none', ""Ambience: {'romantic': False, 'intimate': False, 'classy': False, 'hipster': False, 'divey': False, 'touristy': False, 'trendy': False, 'upscale': False, 'casual': True}"", 'BikeParking: True', 'BusinessAcceptsCreditCards: True', ""BusinessParking: {'garage': False, 'street': False, 'validated': False, 'lot': True, 'valet': False}"", 'Caters: True', 'GoodForKids: True', 'HasTV: False', 'NoiseLevel: average', 'OutdoorSeating: True', 'RestaurantsAttire: casual', 'RestaurantsDelivery: False', 'RestaurantsGoodForGroups: True', 'RestaurantsPriceRange2: 1', 'RestaurantsReservations: False', 'RestaurantsTableService: False', 'RestaurantsTakeOut: True', 'WheelchairAccessible: True', 'WiFi: free', ""GoodForMeal: {'dessert': False, 'latenight': False, 'lunch': True, 'dinner': False, 'breakfast': True, 'brunch': False}""]",-89.42269,2960 Cahill Main,53711,WI,1,IpBSMcheF7xfyHWErn59tw,business
Ice Cream & Pizza Works,Waxhaw,18,"['Monday 16:0-22:0', 'Tuesday 16:0-22:0', 'Wednesday 16:0-22:0', 'Thursday 16:0-22:0', 'Friday 16:0-23:0', 'Saturday 16:0-23:0', 'Sunday 16:0-22:0']",,"['Food', 'Restaurants', 'Ice Cream & Frozen Yogurt', 'Italian', 'Pizza']",34.9373298,4.0,"[""Ambience: {'romantic': False, 'intimate': False, 'classy': False, 'hipster': False, 'divey': False, 'touristy': False, 'trendy': False, 'upscale': False, 'casual': False}"", 'BikeParking: True', 'BusinessAcceptsCreditCards: True', ""BusinessParking: {'garage': False, 'street': False, 'validated': False, 'lot': False, 'valet': False}"", 'GoodForKids: True', ""GoodForMeal: {'dessert': False, 'latenight': False, 'lunch': False, 'dinner': False, 'breakfast': False, 'brunch': False}"", 'HasTV: True', 'NoiseLevel: average', 'OutdoorSeating: True', 'RestaurantsAttire: casual', 'RestaurantsDelivery: True', 'RestaurantsGoodForGroups: True', 'RestaurantsPriceRange2: 1', 'RestaurantsReservations: False', 'RestaurantsTableService: True', 'RestaurantsTakeOut: True']",-80.7502537,"3913 Providence Rd S, Ste E",28173,NC,1,A6C0YbnRSsP9nHb3qSmu7Q,business
Café Vienne,Montréal,4,"['Monday 6:30-17:0', 'Tuesday 6:30-17:0', 'Wednesday 6:30-17:0', 'Thursday 6:30-17:0', 'Friday 6:30-17:0']",Plateau-Mont-Royal,"['Food', 'Restaurants', 'Bagels', 'Coffee & Tea', 'Sandwiches']",45.530752,2.0,"['Alcohol: none', ""Ambience: {'romantic': False, 'intimate': False, 'classy': False, 'hipster': False, 'touristy': False, 'trendy': False, 'upscale': False, 'casual': True}"", 'BikeParking: True', 'BusinessAcceptsCreditCards: True', ""BusinessParking: {'garage': False, 'street': True, 'validated': False, 'lot': True, 'valet': False}"", 'Caters: False', 'GoodForKids: True', ""GoodForMeal: {'dessert': False, 'latenight': False, 'lunch': True, 'dinner': False, 'breakfast': True, 'brunch': False}"", 'HasTV: True', 'NoiseLevel: average', 'OutdoorSeating: False', 'RestaurantsAttire: casual', 'RestaurantsDelivery: False', 'RestaurantsGoodForGroups: True', 'RestaurantsPriceRange2: 2', 'RestaurantsReservations: False', 'RestaurantsTableService: False', 'RestaurantsTakeOut: True', 'WiFi: free']",-73.5980048,5800 St-Denis,H2S 3L5,QC,1,Bv165pjQk6Z_ytuy2cFcxQ,business
Noodles & Company,Wexford,17,"['Monday 11:0-21:0', 'Tuesday 11:0-21:0', 'Wednesday 11:0-21:0', 'Thursday 11:0-21:0', 'Friday 11:0-22:0', 'Saturday 11:0-22:0', 'Sunday 11:0-21:0']",,"['Italian', 'Noodles', 'Mediterranean', 'Comfort Food', 'American (New)', 'Asian Fusion', 'Restaurants', 'Chinese']",40.6130514606,3.5,"[""Ambience: {'romantic': False, 'intimate': False, 'classy': False, 'hipster': False, 'divey': False, 'touristy': False, 'trendy': False, 'upscale': False, 'casual': False}"", 'BikeParking: True', 'BusinessAcceptsCreditCards: True', ""BusinessParking: {'garage': False, 'street': False, 'validated': False, 'lot': False, 'valet': False}"", 'Caters: True', 'GoodForKids: True', ""GoodForMeal: {'dessert': False, 'latenight': False, 'lunch': False, 'dinner': False, 'breakfast': False, 'brunch': True}"", 'HasTV: False', 'NoiseLevel: average', 'OutdoorSeating: True', 'RestaurantsAttire: casual', 'RestaurantsDelivery: False', 'RestaurantsGoodForGroups: True', 'RestaurantsPriceRange2: 1', 'RestaurantsReservations: False', 'RestaurantsTableService: False', 'RestaurantsTakeOut: True', 'WheelchairAccessible: False', 'Alcohol: none']",-80.0542685252,10638 Perry Hwy,15090,PA,1,bFBV-rYwr6qKT7u0ovZhQg,business
Pizzeria Via Mercanti,Toronto,147,"['Monday 11:0-22:0', 'Tuesday 11:0-22:0', 'Wednesday 11:0-22:0', 'Thursday 11:0-23:0', 'Friday 11:0-0:0', 'Saturday 11:0-0:0', 'Sunday 11:0-22:0']",Kensington Market,"['Pizza', 'Italian', 'Restaurants']",43.6541053,4.0,"['Alcohol: full_bar', ""Ambience: {'romantic': False, 'intimate': False, 'classy': False, 'hipster': False, 'touristy': False, 'trendy': False, 'upscale': False, 'casual': True}"", 'BikeParking: True', 'BusinessAcceptsCreditCards: True', ""BusinessParking: {'garage': False, 'street': True, 'validated': False, 'lot': False, 'valet': False}"", 'Caters: True', 'DogsAllowed: False', 'GoodForKids: True', ""GoodForMeal: {'dessert': False, 'latenight': False, 'lunch': True, 'dinner': True, 'breakfast': False, 'brunch': False}"", 'HasTV: True', 'NoiseLevel: average', 'OutdoorSeating: False', 'RestaurantsAttire: casual', 'RestaurantsDelivery: False', 'RestaurantsGoodForGroups: True', 'RestaurantsPriceRange2: 2', 'RestaurantsReservations: True', 'RestaurantsTableService: True', 'RestaurantsTakeOut: True', 'WheelchairAccessible: True', 'WiFi: free']",-79.4019622,188 Augusta Avenue,M5T 1M1,ON,1,T7yKffTuhiIZclsgjfgowA,business
Olly Fresco's,Montréal,7,"['Monday 7:0-18:0', 'Tuesday 7:0-18:0', 'Wednesday 7:0-18:0', 'Thursday 7:0-18:0', 'Friday 7:0-18:0']",Ville-Marie,"['Restaurants', 'Food', 'Vegan', 'Vegetarian', 'Grocery', 'Seafood Markets', 'Specialty Food']",45.5035416,3.5,"['BikeParking: True', 'BusinessAcceptsCreditCards: True', ""BusinessParking: {'garage': False, 'street': False, 'validated': False, 'lot': False, 'valet': False}"", 'RestaurantsPriceRange2: 2', 'RestaurantsTakeOut: True']",-73.5694342,"624 Rue Saint-Catherine Ouest, Unit 1620",H3B 1B7,QC,1,DKnStp3UnkY6-fiZHMp8yw,business
Firehouse Subs,Mesa,26,"['Monday 10:0-21:0', 'Tuesday 10:0-21:0', 'Wednesday 10:0-21:0', 'Thursday 10:0-21:0', 'Friday 10:0-22:0', 'Saturday 10:0-22:0', 'Sunday 10:0-21:0']",,"['Delis', 'Restaurants', 'Fast Food', 'Sandwiches']",33.3848304749,4.0,"['Alcohol: none', ""Ambience: {'romantic': False, 'intimate': False, 'classy': False, 'hipster': False, 'divey': False, 'touristy': False, 'trendy': False, 'upscale': False, 'casual': True}"", 'BikeParking: True', 'BusinessAcceptsCreditCards: True', ""BusinessParking: {'garage': False, 'street': False, 'validated': False, 'lot': True, 'valet': False}"", 'Caters: True', 'DriveThru: False', 'GoodForKids: True', ""GoodForMeal: {'dessert': False, 'latenight': False, 'lunch': True, 'dinner': False, 'breakfast': False, 'brunch': False}"", 'HasTV: True', 'NoiseLevel: average', 'OutdoorSeating: True', 'RestaurantsAttire: casual', 'RestaurantsDelivery: False', 'RestaurantsGoodForGroups: True', 'RestaurantsPriceRange2: 1', 'RestaurantsReservations: False', 'RestaurantsTableService: False', 'RestaurantsTakeOut: True', 'WiFi: no']",-111.806755066,"1616 S. Stapely Dr., Ste 101",85204,AZ,1,RFj91Y9mk2d824QyD9JTzA,business
A & W Root Beer,Boulder City,45,,,"['American (Traditional)', 'Restaurants']",35.9707278,3.5,"['Alcohol: none', ""Ambience: {'romantic': False, 'intimate': False, 'classy': False, 'hipster': False, 'divey': True, 'touristy': False, 'trendy': False, 'upscale': False, 'casual': False}"", 'BikeParking: True', 'BusinessAcceptsCreditCards: True', ""BusinessParking: {'garage': False, 'street': False, 'validated': False, 'lot': True, 'valet': False}"", 'Caters: False', 'GoodForKids: True', ""GoodForMeal: {'dessert': False, 'latenight': False, 'lunch': True, 'dinner': False, 'breakfast': False, 'brunch': False}"", 'HasTV: False', 'NoiseLevel: average', 'OutdoorSeating: False', 'RestaurantsAttire: casual', 'RestaurantsDelivery: False', 'RestaurantsGoodForGroups: True', 'RestaurantsPriceRange2: 1', 'RestaurantsReservations: False', 'RestaurantsTableService: False', 'RestaurantsTakeOut: True', 'WheelchairAccessible: True', 'WiFi: no']",-114.8526289,1410 Nevada Hwy,89005,NV,1,LvPOrcROpCk535GhmdJAzg,business
Trout Lily Market,Fairview,6,"['Monday 8:0-19:0', 'Tuesday 8:0-19:0', 'Wednesday 8:0-19:0', 'Thursday 8:0-19:0', 'Friday 8:0-19:0', 'Saturday 8:0-19:0', 'Sunday 12:0-18:0']",,"['Specialty Food', 'Health Markets', 'Food', 'Restaurants', 'Delis', 'Gastropubs']",35.522929,4.0,"['BusinessAcceptsCreditCards: True', ""BusinessParking: {'garage': False, 'street': False, 'validated': False, 'lot': True, 'valet': False}"", 'RestaurantsPriceRange2: 3']",-82.416122,1297 Charlotte Hwy,28730,NC,1,HwsYAs11ImNkywh8OUk1bw,business
Crepe Delicious,Toronto,13,"['Monday 10:0-21:30', 'Tuesday 10:0-21:30', 'Wednesday 10:0-21:30', 'Thursday 10:0-21:30', 'Friday 10:0-21:30', 'Saturday 9:30-21:30', 'Sunday 10:0-19:0']",Downtown Core,"['Desserts', 'Restaurants', 'Ice Cream & Frozen Yogurt', 'Creperies', 'Food']",43.6549563309,3.0,"['Alcohol: none', ""Ambience: {'romantic': False, 'intimate': False, 'classy': False, 'hipster': False, 'touristy': False, 'trendy': False, 'upscale': False, 'casual': True}"", 'BikeParking: False', 'BusinessAcceptsCreditCards: True', ""BusinessParking: {'garage': True, 'street': True, 'validated': False, 'lot': False, 'valet': False}"", 'Caters: False', 'DogsAllowed: True', 'GoodForKids: True', 'HasTV: False', 'NoiseLevel: average', 'OutdoorSeating: False', 'RestaurantsAttire: casual', 'RestaurantsDelivery: True', 'RestaurantsGoodForGroups: True', 'RestaurantsPriceRange2: 1', 'RestaurantsReservations: False', 'RestaurantsTableService: False', 'RestaurantsTakeOut: True', 'WheelchairAccessible: True', 'WiFi: no', ""GoodForMeal: {'dessert': True, 'latenight': False, 'lunch': True, 'dinner': False, 'breakfast': True, 'brunch': False}""]",-79.3799972534,"220 Yonge St, Toronto Eaton Centre, Inside Urban Eatery",M5B 2H1,ON,1,ADyDd_5KBcQc0s3gB381yg,business
Islands Restaurant,Las Vegas,206,"['Monday 11:0-21:30', 'Tuesday 11:0-21:30', 'Wednesday 11:0-21:30', 'Thursday 11:0-21:30', 'Friday 11:0-22:30', 'Saturday 11:0-22:30', 'Sunday 11:0-21:30']",Summerlin,"['Burgers', 'American (Traditional)', 'Restaurants', 'Bars', 'Sports Bars', 'Nightlife']",36.1600355773,3.5,"['Alcohol: full_bar', ""Ambience: {'romantic': False, 'intimate': False, 'classy': False, 'hipster': False, 'divey': False, 'touristy': False, 'trendy': False, 'upscale': False, 'casual': True}"", ""BestNights: {'monday': False, 'tuesday': False, 'friday': False, 'wednesday': True, 'thursday': True, 'sunday': False, 'saturday': True}"", 'BikeParking: True', 'BusinessAcceptsCreditCards: True', ""BusinessParking: {'garage': False, 'street': False, 'validated': False, 'lot': True, 'valet': False}"", 'Caters: False', 'CoatCheck: False', 'DriveThru: False', 'GoodForDancing: False', 'GoodForKids: True', ""GoodForMeal: {'dessert': False, 'latenight': False, 'lunch': True, 'dinner': True, 'breakfast': False, 'brunch': False}"", 'HappyHour: True', 'HasTV: True', ""Music: {'dj': False, 'background_music': True, 'no_music': False, 'karaoke': False, 'live': False, 'video': False, 'jukebox': False}"", 'NoiseLevel: average', 'OutdoorSeating: True', 'RestaurantsAttire: casual', 'RestaurantsDelivery: False', 'RestaurantsGoodForGroups: True', 'RestaurantsPriceRange2: 2', 'RestaurantsReservations: False', 'RestaurantsTableService: True', 'RestaurantsTakeOut: True', 'Smoking: no', 'WheelchairAccessible: True', 'WiFi: no']",-115.331454438,10810 W Charleston Blvd,89135,NV,1,SycXTaA4MeJZuDK4Y1owDQ,business
Jack in the Box,Mesa,17,,,"['Fast Food', 'Restaurants']",33.3790306,2.5,"['Alcohol: none', ""Ambience: {'romantic': False, 'intimate': False, 'classy': False, 'hipster': False, 'divey': False, 'touristy': False, 'trendy': False, 'upscale': False, 'casual': False}"", 'BikeParking: True', 'BusinessAcceptsCreditCards: True', 'DriveThru: True', 'GoodForKids: True', ""GoodForMeal: {'dessert': False, 'latenight': False, 'lunch': False, 'dinner': False, 'breakfast': False, 'brunch': False}"", 'HasTV: False', 'NoiseLevel: average', 'OutdoorSeating: False', 'RestaurantsAttire: casual', 'RestaurantsDelivery: False', 'RestaurantsGoodForGroups: True', 'RestaurantsPriceRange2: 1', 'RestaurantsReservations: False', 'RestaurantsTableService: False', 'RestaurantsTakeOut: True']",-111.8608085,1232 W Baseline Rd,85202,AZ,1,uYDScUhTHjtnnxmzy4fgPQ,business
Hibachi Grill & Supreme Buffet,Phoenix,44,"['Monday 10:0-21:0', 'Tuesday 10:0-21:0', 'Wednesday 10:0-21:0', 'Thursday 10:0-21:0', 'Friday 10:0-21:30', 'Saturday 10:0-21:30', 'Sunday 10:0-21:0']",,"['Chinese', 'Restaurants', 'Buffets']",33.481249,3.5,"['Alcohol: none', ""Ambience: {'romantic': False, 'intimate': False, 'classy': False, 'hipster': False, 'divey': False, 'touristy': False, 'trendy': False, 'upscale': False, 'casual': True}"", 'BikeParking: True', 'BusinessAcceptsCreditCards: True', ""BusinessParking: {'garage': False, 'street': False, 'validated': False, 'lot': True, 'valet': False}"", 'Caters: False', 'GoodForKids: True', ""GoodForMeal: {'dessert': False, 'latenight': False, 'lunch': True, 'dinner': False, 'breakfast': False, 'brunch': False}"", 'HasTV: False', 'NoiseLevel: average', 'OutdoorSeating: False', 'RestaurantsAttire: casual', 'RestaurantsDelivery: False', 'RestaurantsGoodForGroups: True', 'RestaurantsPriceRange2: 1', 'RestaurantsReservations: False', 'RestaurantsTableService: True', 'RestaurantsTakeOut: True', 'WheelchairAccessible: True', 'WiFi: no']",-112.219404,2929 N 75th Ave,85033,AZ,1,I_WWH2vYccjz-QxW3u1zJA,business
Efes Turkish Cuisine,Tempe,14,,,"['Restaurants', 'Turkish']",33.3634187,3.5,"['Alcohol: full_bar', 'BusinessAcceptsCreditCards: True', ""BusinessParking: {'garage': False, 'street': False, 'validated': False, 'lot': True, 'valet': False}"", 'GoodForKids: True', ""GoodForMeal: {'dessert': False, 'latenight': False, 'lunch': False, 'dinner': False, 'breakfast': False, 'brunch': False}"", 'OutdoorSeating: False', 'RestaurantsAttire: casual', 'RestaurantsDelivery: False', 'RestaurantsGoodForGroups: True', 'RestaurantsPriceRange2: 2', 'RestaurantsReservations: True', 'RestaurantsTableService: True', 'RestaurantsTakeOut: True', 'WheelchairAccessible: True']",-111.9130595,1701 E. Guadalupe Rd,85283,AZ,0,x2nALssJGy_6p74ddxx3GQ,business
Paul's Tomato Pie,Toronto,4,"['Monday 11:0-22:0', 'Tuesday 11:0-22:0', 'Wednesday 11:0-22:0', 'Thursday 11:0-22:0', 'Friday 11:0-22:0', 'Saturday 16:0-22:0', 'Sunday 16:0-22:0']",,"['Italian', 'Pizza', 'Restaurants']",43.7061727,4.0,"[""GoodForMeal: {'dessert': False, 'latenight': False, 'lunch': False, 'dinner': False, 'breakfast': False, 'brunch': False}"", 'OutdoorSeating: False']",-79.4424164,1 Romar Crescent,M6B 1R7,ON,0,G7FRxL25QFiuVxUeTmKXjQ,business
Cafe Prague,Montréal,12,"['Monday 7:0-19:0', 'Tuesday 7:0-19:0', 'Wednesday 7:0-19:0', 'Thursday 7:0-19:0', 'Friday 7:0-19:0', 'Saturday 7:0-18:0']",Outremont,"['Cafes', 'Restaurants']",45.521105,4.0,"['Alcohol: none', ""Ambience: {'romantic': False, 'intimate': False, 'classy': False, 'hipster': False, 'touristy': False, 'trendy': False, 'upscale': False, 'casual': False}"", 'BikeParking: True', 'BusinessAcceptsCreditCards: True', ""BusinessParking: {'garage': False, 'street': False, 'validated': False, 'lot': False, 'valet': False}"", 'Caters: True', 'GoodForKids: True', ""GoodForMeal: {'dessert': False, 'latenight': False, 'lunch': False, 'dinner': False, 'breakfast': False, 'brunch': False}"", 'HasTV: False', 'NoiseLevel: quiet', 'OutdoorSeating: False', 'RestaurantsAttire: casual', 'RestaurantsDelivery: False', 'RestaurantsGoodForGroups: True', 'RestaurantsPriceRange2: 2', 'RestaurantsReservations: True', 'RestaurantsTableService: True', 'RestaurantsTakeOut: True']",-73.6145389,1317 Avenue Van Horne,H2V 1K5,QC,0,vSHpYNhhUrKwjT8fYTDwMw,business
La Cage aux Sports,Chateauguay,4,"['Monday 11:0-0:30', 'Tuesday 11:0-0:30', 'Wednesday 11:0-0:30', 'Thursday 11:0-0:30', 'Friday 11:0-0:30', 'Saturday 11:0-0:30', 'Sunday 11:0-0:30']",,"['Sports Bars', 'Restaurants', 'Canadian (New)', 'Bars', 'Nightlife']",45.3616190781,3.0,"['Alcohol: full_bar', ""Ambience: {'romantic': False, 'intimate': False, 'classy': False, 'hipster': False, 'touristy': False, 'trendy': False, 'upscale': False, 'casual': False}"", ""BestNights: {'monday': False, 'tuesday': False, 'friday': True, 'wednesday': False, 'thursday': False, 'sunday': False, 'saturday': True}"", 'BusinessAcceptsCreditCards: True', ""BusinessParking: {'garage': False, 'street': False, 'validated': False, 'lot': False, 'valet': False}"", 'Caters: False', 'CoatCheck: False', 'GoodForDancing: False', 'GoodForKids: True', ""GoodForMeal: {'dessert': False, 'latenight': False, 'lunch': False, 'dinner': False, 'breakfast': False, 'brunch': False}"", 'HappyHour: True', 'HasTV: True', ""Music: {'dj': False, 'background_music': True, 'no_music': False, 'karaoke': False, 'live': False, 'video': False, 'jukebox': False}"", 'NoiseLevel: very_loud', 'OutdoorSeating: True', 'RestaurantsAttire: casual', 'RestaurantsDelivery: False', 'RestaurantsGoodForGroups: True', 'RestaurantsPriceRange2: 2', 'RestaurantsReservations: True', 'RestaurantsTableService: True', 'RestaurantsTakeOut: True', 'Smoking: outdoor', 'WiFi: free']",-73.7121894542,72 Boulevard Saint-Jean-Baptiste,J6K 4Y7,QC,0,H_6ATxQ9f4ijz9yTJnQhDg,business
Panini Bread & Grill,Glendale,69,"['Monday 8:0-20:0', 'Tuesday 8:0-20:0', 'Wednesday 8:0-20:0', 'Thursday 8:0-20:0', 'Friday 8:0-20:0', 'Saturday 8:0-16:0']",,"['Delis', 'American (Traditional)', 'Caterers', 'Event Planning & Services', 'Restaurants', 'Breakfast & Brunch', 'Food', 'Sandwiches', 'Breweries', 'Salad']",33.6405425475,4.5,"['Alcohol: none', ""Ambience: {'romantic': False, 'intimate': False, 'classy': False, 'hipster': False, 'divey': False, 'touristy': False, 'trendy': False, 'upscale': False, 'casual': True}"", 'BikeParking: True', 'BusinessAcceptsBitcoin: False', 'BusinessAcceptsCreditCards: True', ""BusinessParking: {'garage': False, 'street': False, 'validated': False, 'lot': True, 'valet': False}"", 'Caters: True', 'DogsAllowed: False', 'GoodForKids: True', ""GoodForMeal: {'dessert': False, 'latenight': False, 'lunch': True, 'dinner': False, 'breakfast': True, 'brunch': True}"", 'HasTV: True', 'NoiseLevel: average', 'OutdoorSeating: False', 'RestaurantsAttire: casual', 'RestaurantsDelivery: True', 'RestaurantsGoodForGroups: True', 'RestaurantsPriceRange2: 1', 'RestaurantsReservations: False', 'RestaurantsTableService: False', 'RestaurantsTakeOut: True', 'WheelchairAccessible: True', 'WiFi: free']",-112.134945669,3510 W Bell Rd,85308,AZ,1,Pm6LSrQySKyLS5b_a6CGSA,business
Tacos Los Toritos,Las Vegas,15,,Eastside,"['Mexican', 'Restaurants']",36.1214322,3.5,"['Alcohol: none', ""Ambience: {'romantic': False, 'intimate': False, 'classy': False, 'hipster': False, 'divey': False, 'touristy': False, 'trendy': False, 'upscale': False, 'casual': False}"", 'BikeParking: True', 'BusinessAcceptsCreditCards: True', ""BusinessParking: {'garage': False, 'street': False, 'validated': False, 'lot': False, 'valet': False}"", 'Caters: True', 'GoodForKids: True', ""GoodForMeal: {'dessert': False, 'latenight': False, 'lunch': False, 'dinner': False, 'breakfast': False, 'brunch': True}"", 'HasTV: True', 'NoiseLevel: quiet', 'OutdoorSeating: False', 'RestaurantsAttire: casual', 'RestaurantsDelivery: False', 'RestaurantsGoodForGroups: True', 'RestaurantsPriceRange2: 1', 'RestaurantsReservations: False', 'RestaurantsTableService: False', 'RestaurantsTakeOut: True', 'WiFi: no']",-115.1445783,"855 E Twain Ave, Ste 127",89169,NV,1,TZ0sFZnJi1w4CM0IcA4T6w,business
Grind Burger Bar and Lounge,Las Vegas,199,"['Monday 11:30-22:0', 'Tuesday 11:30-22:0', 'Wednesday 11:30-22:0', 'Thursday 11:30-22:0', 'Friday 11:30-22:0', 'Saturday 11:30-22:0', 'Sunday 11:30-22:0']",Eastside,"['American (New)', 'Restaurants', 'Burgers']",36.10131,4.0,"['Alcohol: full_bar', ""Ambience: {'romantic': False, 'intimate': False, 'classy': False, 'hipster': False, 'divey': False, 'touristy': False, 'trendy': False, 'upscale': False, 'casual': True}"", 'BusinessAcceptsCreditCards: True', ""BusinessParking: {'garage': False, 'street': False, 'validated': False, 'lot': True, 'valet': False}"", 'Caters: False', 'DriveThru: False', 'GoodForKids: True', ""GoodForMeal: {'dessert': False, 'latenight': False, 'lunch': True, 'dinner': True, 'breakfast': False, 'brunch': False}"", 'HasTV: True', 'NoiseLevel: average', 'OutdoorSeating: True', 'RestaurantsAttire: casual', 'RestaurantsDelivery: False', 'RestaurantsGoodForGroups: True', 'RestaurantsPriceRange2: 2', 'RestaurantsReservations: False', 'RestaurantsTableService: True', 'RestaurantsTakeOut: True', 'WheelchairAccessible: True', 'WiFi: free']",-115.156429,360 E Tropicana Ave,89169,NV,0,UcgCSTCtPv1GeW5bKsEdag,business
Even Stevens,Phoenix,25,"['Monday 7:0-22:0', 'Tuesday 7:0-22:0', 'Wednesday 7:0-22:0', 'Thursday 7:0-22:0', 'Friday 7:0-22:0', 'Saturday 7:0-22:0', 'Sunday 9:0-16:0']",,"['Breakfast & Brunch', 'Sandwiches', 'Restaurants', 'Gluten-Free', 'Salad']",33.4510721,4.5,"['BusinessAcceptsCreditCards: True', 'GoodForKids: True', 'RestaurantsAttire: casual', 'RestaurantsDelivery: False', 'RestaurantsGoodForGroups: True', 'RestaurantsPriceRange2: 1', 'RestaurantsReservations: False', 'RestaurantsTakeOut: True', 'NoiseLevel: average', 'RestaurantsTableService: True', 'HasTV: True', 'OutdoorSeating: True', 'BikeParking: True', ""BusinessParking: {'garage': False, 'street': True, 'validated': False, 'lot': False, 'valet': False}"", 'BusinessAcceptsBitcoin: False', 'Caters: True', 'WheelchairAccessible: True', 'WiFi: free', 'Alcohol: beer_and_wine', ""GoodForMeal: {'dessert': False, 'latenight': False, 'lunch': True, 'dinner': False, 'breakfast': True, 'brunch': True}"", ""Ambience: {'romantic': False, 'intimate': False, 'classy': False, 'hipster': True, 'divey': False, 'touristy': False, 'trendy': False, 'upscale': False, 'casual': True}""]",-112.0747304,21 W Van Buren St,85003,AZ,1,5zHi8eQhO7sO3N15zHgkUg,business
East End Brewing Taproom,Pittsburgh,17,"['Thursday 11:0-20:0', 'Friday 11:0-22:0', 'Saturday 10:0-22:0', 'Sunday 10:0-19:0']",Strip District,"['Tapas Bars', 'Bars', 'Food', 'Restaurants', 'Breweries', 'Nightlife', 'Beer Bar']",40.4509048171,4.5,"['Alcohol: beer_and_wine', 'BikeParking: True', 'BusinessAcceptsCreditCards: True', ""BusinessParking: {'garage': False, 'street': False, 'validated': False, 'lot': False, 'valet': False}"", 'GoodForDancing: False', 'GoodForKids: False', 'HappyHour: False', 'HasTV: False', ""Music: {'dj': False, 'background_music': False, 'no_music': False, 'karaoke': False, 'live': False, 'video': False, 'jukebox': False}"", 'NoiseLevel: average', 'OutdoorSeating: False', 'RestaurantsAttire: casual', 'RestaurantsDelivery: False', 'RestaurantsGoodForGroups: True', 'RestaurantsPriceRange2: 1', 'RestaurantsReservations: False', 'RestaurantsTakeOut: False', ""Ambience: {'romantic': False, 'intimate': False, 'classy': False, 'hipster': False, 'divey': False, 'touristy': False, 'trendy': True, 'upscale': False, 'casual': False}""]",-79.9849490505,102 19th St,15222,PA,1,pPyg8s0O8JB7bDCaCj398w,business
Chili Verde's,Phoenix,3,"['Monday 8:0-22:0', 'Tuesday 8:0-22:0', 'Wednesday 8:0-22:0', 'Thursday 8:0-22:0', 'Friday 8:0-0:0', 'Saturday 8:0-0:0', 'Sunday 8:0-22:0']",,"['Mexican', 'Restaurants']",33.50913,2.5,"['Alcohol: none', ""Ambience: {'romantic': False, 'intimate': False, 'classy': False, 'hipster': False, 'divey': False, 'touristy': False, 'trendy': False, 'upscale': False, 'casual': False}"", 'BusinessAcceptsCreditCards: True', ""BusinessParking: {'garage': False, 'street': False, 'validated': False, 'lot': False, 'valet': False}"", 'GoodForKids: False', ""GoodForMeal: {'dessert': False, 'latenight': False, 'lunch': False, 'dinner': False, 'breakfast': False, 'brunch': False}"", 'HasTV: False', 'NoiseLevel: very_loud', 'OutdoorSeating: True', 'RestaurantsAttire: casual', 'RestaurantsDelivery: False', 'RestaurantsGoodForGroups: False', 'RestaurantsPriceRange2: 1', 'RestaurantsReservations: False', 'RestaurantsTableService: False', 'RestaurantsTakeOut: True', 'WiFi: no']",-112.090923,1345 W Camelbck Rd,85013,AZ,0,HTZ5flpShCjnNA5XdtAVhQ,business
Johnnie's Chicago Red Hots,Phoenix,29,,,"['Restaurants', 'Hot Dogs']",33.479992,4.0,"['Alcohol: none', 'BusinessAcceptsCreditCards: True', ""BusinessParking: {'garage': False, 'street': False, 'validated': False, 'lot': True, 'valet': False}"", 'GoodForKids: True', ""GoodForMeal: {'dessert': False, 'latenight': False, 'lunch': True, 'dinner': False, 'breakfast': False, 'brunch': False}"", 'NoiseLevel: average', 'OutdoorSeating: False', 'RestaurantsAttire: casual', 'RestaurantsDelivery: False', 'RestaurantsGoodForGroups: True', 'RestaurantsPriceRange2: 1', 'RestaurantsReservations: False', 'RestaurantsTableService: False', 'RestaurantsTakeOut: True', 'WheelchairAccessible: True']",-112.076718,53 W Thomas Rd,85013,AZ,0,W7fgRvyxdjr9v4YXLinZtQ,business
Rocpool,Inverness,18,,,"['American (New)', 'Seafood', 'Scottish', 'Restaurants']",57.4766366439,4.5,"['Alcohol: full_bar', ""Ambience: {'romantic': False, 'intimate': False, 'classy': False, 'hipster': False, 'touristy': False, 'trendy': False, 'upscale': False, 'casual': False}"", 'BusinessAcceptsCreditCards: True', ""BusinessParking: {'garage': False, 'street': False, 'lot': False, 'valet': False}"", 'Caters: False', 'GoodForKids: False', ""GoodForMeal: {'dessert': False, 'latenight': False, 'lunch': False, 'dinner': False, 'breakfast': False, 'brunch': False}"", 'HasTV: False', 'NoiseLevel: average', 'OutdoorSeating: False', 'RestaurantsAttire: casual', 'RestaurantsDelivery: False', 'RestaurantsGoodForGroups: True', 'RestaurantsPriceRange2: 3', 'RestaurantsReservations: True', 'RestaurantsTableService: True', 'RestaurantsTakeOut: False', 'WiFi: no']",-4.2284772349,1 Ness Walk,IV3 5NE,HLD,1,dzvf-okkD__taTugIzuetg,business
Hunan Coventry,Cleveland Heights,60,"['Tuesday 11:0-21:30', 'Wednesday 11:0-21:30', 'Thursday 11:0-21:30', 'Friday 11:0-22:30', 'Saturday 11:0-22:30', 'Sunday 16:0-20:30']",,"['Restaurants', 'Chinese']",41.5103352,3.0,"['Alcohol: beer_and_wine', ""Ambience: {'romantic': False, 'intimate': False, 'classy': False, 'hipster': False, 'divey': False, 'touristy': False, 'trendy': False, 'upscale': False, 'casual': True}"", 'BikeParking: True', 'BusinessAcceptsCreditCards: True', ""BusinessParking: {'garage': False, 'street': True, 'validated': False, 'lot': False, 'valet': False}"", 'Caters: False', 'GoodForKids: True', ""GoodForMeal: {'dessert': False, 'latenight': False, 'lunch': False, 'dinner': True, 'breakfast': False, 'brunch': False}"", 'HasTV: False', 'NoiseLevel: quiet', 'OutdoorSeating: False', 'RestaurantsAttire: casual', 'RestaurantsDelivery: False', 'RestaurantsGoodForGroups: True', 'RestaurantsPriceRange2: 2', 'RestaurantsReservations: True', 'RestaurantsTableService: True', 'RestaurantsTakeOut: True', 'WheelchairAccessible: True', 'WiFi: no']",-81.5802826,1800 Coventry Rd,44118,OH,1,sfd19Wo_7g2TwaoJmA9B8A,business
Angie's Soul Cafe,Cleveland Heights,3,"['Monday 7:0-22:0', 'Tuesday 7:0-22:0', 'Wednesday 7:0-22:0', 'Thursday 7:0-22:0', 'Friday 7:0-23:0', 'Saturday 9:0-23:0']",,"['Restaurants', 'Soul Food']",41.501526,2.0,"['BikeParking: True', 'BusinessAcceptsCreditCards: True', 'OutdoorSeating: False', 'RestaurantsGoodForGroups: False', 'RestaurantsReservations: False', 'RestaurantsTakeOut: True', 'WiFi: no']",-81.565875,13187 Cedar Rd,44118,OH,0,D5LnYdq4O5ZTxL_u0lgrIA,business
Pizza Boys,Toronto,4,,Scarborough,"['Pizza', 'Restaurants']",43.8357496,4.0,,-79.25035,6055 Steeles Avenue E,M1V 5P6,ON,1,HoWtPWPDWT8tkErlW4j-3A,business
Tortería San Cosme,Toronto,38,"['Monday 11:0-20:0', 'Tuesday 11:0-20:0', 'Wednesday 11:0-20:0', 'Thursday 11:0-20:0', 'Friday 11:0-21:0', 'Saturday 11:0-21:0', 'Sunday 11:0-18:0']",Kensington Market,"['Restaurants', 'Mexican']",43.6547802,3.5,"['Alcohol: none', ""Ambience: {'romantic': False, 'intimate': False, 'classy': False, 'hipster': False, 'touristy': False, 'trendy': False, 'upscale': False, 'casual': False}"", 'BikeParking: True', ""BusinessParking: {'garage': True, 'street': True, 'validated': False, 'lot': False, 'valet': False}"", 'Caters: True', 'DogsAllowed: False', 'GoodForKids: True', ""GoodForMeal: {'dessert': False, 'latenight': False, 'lunch': True, 'dinner': False, 'breakfast': False, 'brunch': False}"", 'HasTV: False', 'NoiseLevel: average', 'OutdoorSeating: False', 'RestaurantsAttire: casual', 'RestaurantsDelivery: False', 'RestaurantsGoodForGroups: False', 'RestaurantsPriceRange2: 2', 'RestaurantsReservations: False', 'RestaurantsTableService: False', 'RestaurantsTakeOut: True', 'WheelchairAccessible: True', 'WiFi: free']",-79.4007083,181 Baldwin Street,M5T 1L9,ON,1,7HUEqrj4aa_u3kl-o-e9_Q,business
Banh Mi Ba Le,Mississauga,6,"['Monday 10:0-19:0', 'Tuesday 10:0-19:0', 'Wednesday 10:0-19:0', 'Thursday 10:0-19:0', 'Friday 10:0-19:0', 'Saturday 10:0-19:0', 'Sunday 10:0-19:0']",Dixie,"['Canadian (New)', 'Vietnamese', 'Restaurants']",43.6040563,4.5,"[""BusinessParking: {'garage': False, 'street': False, 'validated': False, 'lot': False, 'valet': False}"", 'HasTV: False', 'RestaurantsDelivery: False', 'RestaurantsGoodForGroups: True', 'RestaurantsReservations: False', 'RestaurantsTakeOut: True']",-79.5907781,"1125 Dundas Street E, Suite 4",L4Y 2C4,ON,1,Pyf26htaH5h_GoKbuHTwGA,business
Uno Pizzeria & Grill,Madison,50,"['Monday 11:0-23:0', 'Tuesday 11:0-23:0', 'Wednesday 11:0-23:0', 'Thursday 11:0-23:0', 'Friday 11:0-0:0', 'Saturday 11:0-0:0', 'Sunday 11:0-23:0']",High Crossing,"['Gluten-Free', 'American (Traditional)', 'Pizza', 'Restaurants']",43.1354903,3.0,"['Alcohol: full_bar', ""Ambience: {'romantic': False, 'intimate': False, 'classy': False, 'hipster': False, 'divey': False, 'touristy': False, 'trendy': False, 'upscale': False, 'casual': True}"", 'BikeParking: True', 'BusinessAcceptsCreditCards: True', ""BusinessParking: {'garage': False, 'street': False, 'validated': False, 'lot': True, 'valet': False}"", 'Caters: False', 'GoodForKids: True', ""GoodForMeal: {'dessert': False, 'latenight': False, 'lunch': True, 'dinner': True, 'breakfast': False, 'brunch': False}"", 'HasTV: True', 'NoiseLevel: average', 'OutdoorSeating: True', 'RestaurantsAttire: casual', 'RestaurantsDelivery: True', 'RestaurantsGoodForGroups: True', 'RestaurantsPriceRange2: 2', 'RestaurantsReservations: True', 'RestaurantsTableService: True', 'RestaurantsTakeOut: True', 'WheelchairAccessible: True', 'WiFi: free']",-89.2908119,3010 Crossroads Dr,53718,WI,1,mKT30qU_MlLj4Ps82JAZ8w,business
Au Petit Resto,Montréal,5,"['Tuesday 17:30-22:0', 'Wednesday 17:30-22:0', 'Thursday 17:30-22:0', 'Friday 17:30-23:0', 'Saturday 17:30-23:0', 'Sunday 17:30-22:0']",Plateau-Mont-Royal,"['French', 'Restaurants']",45.5340089,4.5,"['Alcohol: none', ""Ambience: {'romantic': False, 'intimate': False, 'classy': False, 'hipster': False, 'touristy': False, 'trendy': False, 'upscale': False, 'casual': False}"", 'GoodForKids: True', 'HasTV: False', 'RestaurantsAttire: casual', 'RestaurantsGoodForGroups: True', 'RestaurantsPriceRange2: 3', 'RestaurantsReservations: True', 'RestaurantsTableService: True']",-73.577424,4732 Avenue Papineau,H2H 1V3,QC,1,mwZrxaSiSvMaRo9dMdBDAg,business
Doner King,Toronto,10,"['Monday 11:0-22:0', 'Tuesday 11:0-22:0', 'Wednesday 11:0-22:0', 'Thursday 11:0-22:0', 'Friday 11:0-22:0', 'Saturday 11:0-22:0', 'Sunday 11:0-22:0']",Scarborough,"['Donairs', 'Turkish', 'Food', 'Poutineries', 'Restaurants']",43.8317208,4.5,"[""Ambience: {'romantic': False, 'intimate': False, 'classy': False, 'hipster': False, 'touristy': False, 'trendy': False, 'upscale': False, 'casual': False}"", 'GoodForKids: False', ""GoodForMeal: {'dessert': False, 'latenight': False, 'lunch': False, 'dinner': False, 'breakfast': False, 'brunch': False}"", 'HasTV: True', 'OutdoorSeating: False', 'RestaurantsAttire: casual', 'RestaurantsDelivery: False', 'RestaurantsGoodForGroups: True', 'RestaurantsPriceRange2: 1', 'RestaurantsTakeOut: True', 'RestaurantsReservations: False', 'Alcohol: none', 'BikeParking: True', ""BusinessParking: {'garage': False, 'street': False, 'validated': False, 'lot': False, 'valet': False}"", 'NoiseLevel: quiet', 'RestaurantsTableService: False', 'WiFi: no']",-79.2663275,"5651 Steeles Avenue E, Unit 10",M1V 5P6,ON,1,mqlZSZ34ff6pJxn3dpTwAw,business
Popeyes Chicken & Biscuits,Vaughan,9,"['Monday 11:0-22:30', 'Tuesday 11:0-22:30', 'Wednesday 11:0-22:30', 'Thursday 11:0-22:30', 'Friday 11:0-23:0', 'Saturday 11:0-23:0', 'Sunday 11:0-22:30']",,"['Burgers', 'Restaurants', 'Cajun/Creole', 'Chicken Wings', 'Fast Food']",43.8596072,2.5,"['Alcohol: none', ""Ambience: {'romantic': False, 'intimate': False, 'classy': False, 'hipster': False, 'touristy': False, 'trendy': False, 'upscale': False, 'casual': False}"", 'BikeParking: True', 'BusinessAcceptsCreditCards: True', ""BusinessParking: {'garage': False, 'street': False, 'validated': False, 'lot': False, 'valet': False}"", 'Caters: True', 'DriveThru: False', 'GoodForKids: True', ""GoodForMeal: {'dessert': False, 'latenight': False, 'lunch': True, 'dinner': True, 'breakfast': False, 'brunch': False}"", 'HasTV: True', 'NoiseLevel: average', 'OutdoorSeating: False', 'RestaurantsAttire: casual', 'RestaurantsDelivery: True', 'RestaurantsGoodForGroups: True', 'RestaurantsPriceRange2: 1', 'RestaurantsReservations: True', 'RestaurantsTableService: False', 'RestaurantsTakeOut: True', 'WiFi: free']",-79.488925,"9960 Dufferin Street, Unit 14",L6A 4K5,ON,1,IlwIKX1ruAc82jj78iQpOQ,business
Panera Bread,Pleasant Hills,5,"['Monday 6:30-21:0', 'Tuesday 6:30-21:0', 'Wednesday 6:30-21:0', 'Thursday 6:30-21:0', 'Friday 6:30-21:0', 'Saturday 6:30-21:0', 'Sunday 7:0-20:0']",,"['Sandwiches', 'Soup', 'Breakfast & Brunch', 'Bagels', 'Restaurants', 'Food', 'Bakeries', 'Salad']",40.3314729865,3.5,"['Alcohol: none', ""Ambience: {'romantic': False, 'intimate': False, 'classy': False, 'hipster': False, 'divey': False, 'touristy': False, 'trendy': False, 'upscale': False, 'casual': False}"", 'BikeParking: True', 'BusinessAcceptsCreditCards: True', ""BusinessParking: {'garage': False, 'street': False, 'validated': False, 'lot': False, 'valet': False}"", 'Caters: True', 'GoodForKids: True', ""GoodForMeal: {'dessert': False, 'latenight': False, 'lunch': False, 'dinner': False, 'breakfast': False, 'brunch': False}"", 'HasTV: True', 'NoiseLevel: quiet', 'OutdoorSeating: True', 'RestaurantsAttire: casual', 'RestaurantsDelivery: False', 'RestaurantsGoodForGroups: True', 'RestaurantsPriceRange2: 2', 'RestaurantsReservations: False', 'RestaurantsTableService: False', 'RestaurantsTakeOut: True']",-79.9439789169,623 Clairton Blvd,15236,PA,1,1o3N4PiPI-fHnJnh-U85iw,business
Isis Cafe,Pittsburgh,7,"['Tuesday 17:0-21:0', 'Wednesday 17:0-21:0', 'Thursday 17:0-21:0', 'Friday 11:0-14:0', 'Friday 17:0-21:0', 'Saturday 11:0-14:0', 'Saturday 17:0-21:0']",Brookline,"['Middle Eastern', 'Egyptian', 'Restaurants']",40.3936077654,4.0,"['Alcohol: none', ""Ambience: {'romantic': False, 'intimate': False, 'classy': False, 'hipster': False, 'divey': False, 'touristy': False, 'trendy': False, 'upscale': False, 'casual': False}"", 'BusinessAcceptsCreditCards: True', ""BusinessParking: {'garage': False, 'street': True, 'validated': False, 'lot': False, 'valet': False}"", 'Caters: True', 'DogsAllowed: False', ""GoodForMeal: {'dessert': False, 'latenight': False, 'lunch': False, 'dinner': False, 'breakfast': False, 'brunch': False}"", 'HasTV: True', 'NoiseLevel: quiet', 'OutdoorSeating: False', 'RestaurantsAttire: casual', 'RestaurantsDelivery: False', 'RestaurantsGoodForGroups: True', 'RestaurantsPriceRange2: 2', 'RestaurantsReservations: True', 'RestaurantsTableService: True', 'RestaurantsTakeOut: True', 'WheelchairAccessible: True', 'WiFi: free']",-80.0196859986,815 Brookline Blvd,15226,PA,0,59h0SyMyfMoQ988sEsjfEQ,business
America's Taco Shop,Phoenix,26,,,"['Restaurants', 'Mexican']",33.4352284,2.5,"['Alcohol: none', ""Ambience: {'romantic': False, 'intimate': False, 'classy': False, 'hipster': False, 'divey': False, 'touristy': False, 'trendy': False, 'upscale': False, 'casual': False}"", 'BikeParking: False', 'BusinessAcceptsCreditCards: True', ""BusinessParking: {'garage': False, 'street': False, 'validated': False, 'lot': False, 'valet': False}"", 'Caters: False', 'GoodForKids: True', ""GoodForMeal: {'dessert': False, 'latenight': False, 'lunch': False, 'dinner': False, 'breakfast': True, 'brunch': False}"", 'HasTV: False', 'NoiseLevel: average', 'OutdoorSeating: False', 'RestaurantsAttire: casual', 'RestaurantsDelivery: False', 'RestaurantsGoodForGroups: False', 'RestaurantsPriceRange2: 1', 'RestaurantsReservations: False', 'RestaurantsTableService: False', 'RestaurantsTakeOut: True', 'WiFi: free']",-111.9978273,"Phoenix Sky Harbor International Airport, 3800 E Sky Harbor Blvd",85034,AZ,1,_HVZ1V8IDa49MWdejx9BbA,business
Kneaders Bakery & Cafe,Gilbert,114,"['Monday 7:0-22:0', 'Tuesday 7:0-22:0', 'Wednesday 7:0-22:0', 'Thursday 7:0-22:0', 'Friday 7:0-22:0', 'Saturday 7:0-22:0']",,"['Cafes', 'Restaurants']",33.2970579963,3.0,"['Alcohol: none', ""Ambience: {'romantic': False, 'intimate': False, 'classy': False, 'hipster': False, 'divey': False, 'touristy': False, 'trendy': False, 'upscale': False, 'casual': True}"", 'BikeParking: True', 'BusinessAcceptsCreditCards: True', ""BusinessParking: {'garage': False, 'street': False, 'validated': False, 'lot': True, 'valet': False}"", 'Caters: True', 'GoodForKids: True', ""GoodForMeal: {'dessert': False, 'latenight': False, 'lunch': False, 'dinner': False, 'breakfast': True, 'brunch': True}"", 'HasTV: False', 'NoiseLevel: average', 'OutdoorSeating: True', 'RestaurantsAttire: casual', 'RestaurantsDelivery: False', 'RestaurantsGoodForGroups: True', 'RestaurantsPriceRange2: 1', 'RestaurantsReservations: False', 'RestaurantsTableService: False', 'RestaurantsTakeOut: True', 'WiFi: no']",-111.742742322,2910 S San Tan Village Pkwy,85295,AZ,1,vKKIO3Dc8m6i1C9UYwJzSQ,business
The Real Jerk,Toronto,7,"['Monday 16:0-22:0', 'Tuesday 11:30-22:0', 'Wednesday 11:30-22:0', 'Thursday 11:30-23:0', 'Friday 11:30-0:0', 'Saturday 13:0-0:0', 'Sunday 13:0-21:0']",Upper Beach,"['Caribbean', 'Restaurants']",43.680895,3.0,"['Alcohol: full_bar', ""Ambience: {'romantic': False, 'intimate': False, 'classy': False, 'hipster': False, 'touristy': False, 'trendy': False, 'upscale': False, 'casual': False}"", 'BikeParking: True', 'BusinessAcceptsCreditCards: True', ""BusinessParking: {'garage': False, 'street': True, 'validated': False, 'lot': False, 'valet': False}"", 'Caters: True', 'DogsAllowed: False', 'GoodForKids: True', ""GoodForMeal: {'dessert': False, 'latenight': False, 'lunch': False, 'dinner': False, 'breakfast': False, 'brunch': False}"", 'HasTV: True', 'NoiseLevel: average', 'OutdoorSeating: False', 'RestaurantsAttire: casual', 'RestaurantsDelivery: True', 'RestaurantsGoodForGroups: True', 'RestaurantsPriceRange2: 2', 'RestaurantsReservations: True', 'RestaurantsTableService: True', 'RestaurantsTakeOut: True', 'WheelchairAccessible: True', 'WiFi: no']",-79.2856499,1004 Kingston Road,M4E 1T2,ON,1,UkbIKrtTDHW8DFNJYJ5yEQ,business
McCarran Marketplace,Las Vegas,3,,Southeast,"['American (Traditional)', 'Home & Garden', 'Shopping', 'Shopping Centers', 'Restaurants']",36.0841716,5.0,"['BikeParking: True', ""BusinessParking: {'garage': False, 'street': False, 'validated': False, 'lot': False, 'valet': False}"", 'RestaurantsPriceRange2: 2']",-115.1221806,5825 S Eastern Ave,89119,NV,1,FK7JHSUMdznZefUW6X319A,business
Lucien Restaurant,Toronto,57,"['Monday 17:0-22:0', 'Tuesday 17:0-22:0', 'Wednesday 17:0-22:0', 'Thursday 17:0-22:30', 'Friday 17:0-22:30', 'Saturday 17:0-22:30', 'Sunday 17:0-22:0']",St. Lawrence,"['American (New)', 'Canadian (New)', 'Restaurants']",43.6485062856,3.5,"['Alcohol: full_bar', ""Ambience: {'romantic': True, 'intimate': False, 'classy': False, 'hipster': False, 'touristy': False, 'trendy': False, 'upscale': False, 'casual': False}"", 'BusinessAcceptsCreditCards: True', ""BusinessParking: {'garage': False, 'street': True, 'validated': False, 'lot': False, 'valet': False}"", 'Caters: False', 'GoodForKids: False', ""GoodForMeal: {'dessert': False, 'latenight': False, 'lunch': False, 'dinner': True, 'breakfast': False, 'brunch': False}"", 'HasTV: False', 'NoiseLevel: average', 'OutdoorSeating: False', 'RestaurantsAttire: dressy', 'RestaurantsDelivery: False', 'RestaurantsGoodForGroups: True', 'RestaurantsPriceRange2: 4', 'RestaurantsReservations: True', 'RestaurantsTableService: True', 'RestaurantsTakeOut: False', 'WheelchairAccessible: False', 'WiFi: no']",-79.3751491236,36 Wellington Street E,M5E 1C7,ON,0,Fn20yKQ2Flzt0vuM5xPYvA,business
China Restaurant Palast,Stuttgart,4,"['Monday 17:30-23:0', 'Tuesday 11:30-15:0', 'Tuesday 17:30-23:0', 'Wednesday 11:30-15:0', 'Wednesday 17:30-23:0', 'Thursday 17:30-23:0', 'Friday 11:30-15:0', 'Friday 17:30-23:0', 'Saturday 11:30-15:0', 'Sunday 11:30-15:0']",,"['Chinese', 'Restaurants']",48.7783,5.0,"['BusinessAcceptsCreditCards: False', ""BusinessParking: {'garage': False, 'street': False, 'validated': False, 'lot': False, 'valet': False}"", 'DogsAllowed: False', 'OutdoorSeating: False', 'RestaurantsDelivery: False', 'RestaurantsTakeOut: False']",9.20695,Gablenberger Hauptstr. 45,70186,BW,1,Inh19I0xV64yJ9Q7qYXvtQ,business
Romano's Macaroni Grill,Las Vegas,136,"['Monday 11:0-22:0', 'Tuesday 11:0-22:0', 'Wednesday 11:0-22:0', 'Thursday 11:0-22:0', 'Friday 11:0-23:0', 'Saturday 11:0-23:0', 'Sunday 11:0-22:0']",,"['Italian', 'Restaurants']",36.1981346604,3.0,"['Alcohol: full_bar', ""Ambience: {'romantic': False, 'intimate': False, 'classy': False, 'hipster': False, 'divey': False, 'touristy': False, 'trendy': False, 'upscale': False, 'casual': True}"", 'BikeParking: True', 'BusinessAcceptsCreditCards: True', ""BusinessParking: {'garage': False, 'street': False, 'validated': False, 'lot': True, 'valet': False}"", 'Caters: True', 'GoodForKids: True', ""GoodForMeal: {'dessert': False, 'latenight': False, 'lunch': True, 'dinner': True, 'breakfast': False, 'brunch': False}"", 'HasTV: False', 'NoiseLevel: average', 'OutdoorSeating: True', 'RestaurantsAttire: casual', 'RestaurantsDelivery: False', 'RestaurantsGoodForGroups: True', 'RestaurantsPriceRange2: 2', 'RestaurantsReservations: True', 'RestaurantsTableService: True', 'RestaurantsTakeOut: True', 'WheelchairAccessible: False', 'WiFi: free']",-115.242432917,2001 N Rainbow Blvd,89108,NV,1,fpM-O9Ul62xizBq9YNO_tQ,business
Blossom,Las Vegas,211,"['Monday 6:0-22:30', 'Tuesday 6:0-22:30', 'Wednesday 6:0-22:30', 'Thursday 6:0-22:30', 'Friday 6:0-22:30', 'Saturday 6:0-22:30', 'Sunday 6:0-22:30']",The Strip,"['Chinese', 'Restaurants']",36.1067631229,4.0,"['Alcohol: full_bar', ""Ambience: {'romantic': False, 'intimate': False, 'classy': True, 'hipster': False, 'divey': False, 'touristy': False, 'trendy': False, 'upscale': True, 'casual': False}"", 'BikeParking: False', 'BusinessAcceptsCreditCards: True', ""BusinessParking: {'garage': True, 'street': False, 'validated': False, 'lot': False, 'valet': False}"", 'Caters: False', 'GoodForKids: False', ""GoodForMeal: {'dessert': False, 'latenight': False, 'lunch': False, 'dinner': True, 'breakfast': False, 'brunch': False}"", 'HasTV: False', 'NoiseLevel: quiet', 'OutdoorSeating: False', 'RestaurantsAttire: dressy', 'RestaurantsDelivery: False', 'RestaurantsGoodForGroups: True', 'RestaurantsPriceRange2: 3', 'RestaurantsReservations: True', 'RestaurantsTableService: True', 'RestaurantsTakeOut: False', 'WheelchairAccessible: True', 'WiFi: free']",-115.17708712,3730 Las Vegas Blvd S,89109,NV,1,5OqrwhtZ3mcmUSwLINZTWQ,business
Portofino by Chef Michael LaPlaca,Las Vegas,227,"['Monday 17:0-22:0', 'Thursday 17:0-22:0', 'Friday 17:0-22:0', 'Saturday 17:0-22:0', 'Sunday 17:0-22:0']",The Strip,"['Restaurants', 'Nightlife', 'Italian', 'Wine Bars', 'Lounges', 'Bars']",36.1206015,4.0,"['Alcohol: full_bar', 'BYOBCorkage: yes_free', ""BestNights: {'monday': False, 'tuesday': False, 'friday': True, 'wednesday': False, 'thursday': True, 'sunday': False, 'saturday': True}"", 'BikeParking: False', 'BusinessAcceptsCreditCards: True', ""BusinessParking: {'garage': True, 'street': False, 'validated': False, 'lot': False, 'valet': False}"", 'Caters: False', 'CoatCheck: False', 'Corkage: False', 'GoodForDancing: False', 'GoodForKids: False', ""GoodForMeal: {'dessert': False, 'latenight': False, 'lunch': False, 'dinner': True, 'breakfast': False, 'brunch': False}"", 'HappyHour: False', 'HasTV: True', ""Music: {'dj': False, 'background_music': False, 'no_music': False, 'karaoke': False, 'live': False, 'video': False, 'jukebox': False}"", 'NoiseLevel: average', 'OutdoorSeating: False', 'RestaurantsAttire: dressy', 'RestaurantsDelivery: False', 'RestaurantsGoodForGroups: True', 'RestaurantsPriceRange2: 3', 'RestaurantsReservations: True', 'RestaurantsTableService: True', 'RestaurantsTakeOut: True', 'Smoking: no', 'WheelchairAccessible: True', 'WiFi: free', ""Ambience: {'romantic': False, 'intimate': False, 'classy': False, 'hipster': False, 'divey': False, 'touristy': False, 'trendy': False, 'upscale': True, 'casual': False}""]",-115.1768382,3400 Las Vegas Blvd S,89109,NV,1,74C1z6cqEdvJVgETTcEodw,business
Tetsu,Las Vegas,74,"['Monday 17:0-22:0', 'Tuesday 17:0-22:0', 'Wednesday 18:0-22:0', 'Thursday 17:0-22:0', 'Friday 17:0-22:0', 'Saturday 17:0-22:0', 'Sunday 17:0-22:0']",The Strip,"['Japanese', 'Restaurants']",36.106704,4.0,"['Alcohol: full_bar', ""Ambience: {'romantic': False, 'intimate': False, 'classy': True, 'hipster': False, 'divey': False, 'touristy': False, 'trendy': True, 'upscale': True, 'casual': False}"", 'BikeParking: False', 'BusinessAcceptsCreditCards: True', ""BusinessParking: {'garage': True, 'street': False, 'validated': False, 'lot': False, 'valet': True}"", 'Caters: False', 'GoodForKids: False', ""GoodForMeal: {'dessert': False, 'latenight': False, 'lunch': False, 'dinner': True, 'breakfast': False, 'brunch': False}"", 'HasTV: False', 'NoiseLevel: average', 'OutdoorSeating: False', 'RestaurantsAttire: dressy', 'RestaurantsDelivery: False', 'RestaurantsGoodForGroups: True', 'RestaurantsPriceRange2: 4', 'RestaurantsReservations: True', 'RestaurantsTableService: True', 'RestaurantsTakeOut: False', 'WiFi: no']",-115.176915,3730 Las Vegas Blvd S,89109,NV,1,HGitzBs7x_fUvdTtrTacXg,business
Somethin' 2 Talk About,Toronto,47,"['Monday 8:0-16:0', 'Tuesday 8:0-16:0', 'Wednesday 8:0-16:0', 'Thursday 8:0-16:0', 'Friday 8:0-16:0']",Discovery District,"['Restaurants', 'French', 'Sandwiches', 'Middle Eastern']",43.6584783,4.0,"['Alcohol: none', ""Ambience: {'romantic': False, 'intimate': False, 'classy': False, 'hipster': False, 'touristy': False, 'trendy': False, 'upscale': False, 'casual': True}"", 'BikeParking: True', 'BusinessAcceptsCreditCards: True', ""BusinessParking: {'garage': False, 'street': True, 'validated': False, 'lot': False, 'valet': False}"", 'Caters: True', 'GoodForKids: True', ""GoodForMeal: {'dessert': False, 'latenight': False, 'lunch': True, 'dinner': False, 'breakfast': False, 'brunch': False}"", 'HasTV: True', 'NoiseLevel: average', 'OutdoorSeating: True', 'RestaurantsAttire: casual', 'RestaurantsDelivery: False', 'RestaurantsGoodForGroups: False', 'RestaurantsPriceRange2: 1', 'RestaurantsReservations: False', 'RestaurantsTableService: False', 'RestaurantsTakeOut: True', 'WiFi: free']",-79.3854255,78 Gerrard Street W,M5G 1J5,ON,1,U4e-0KtL2aPURQwbefjF3Q,business
Port Union Bakery,Scarborough,14,"['Monday 6:0-19:0', 'Tuesday 6:0-19:0', 'Wednesday 6:0-19:0', 'Thursday 6:0-19:0', 'Friday 6:0-19:0', 'Saturday 6:0-19:0', 'Sunday 9:0-17:0']",Scarborough,"['Restaurants', 'Bakeries', 'Food', 'Coffee & Tea', 'Filipino']",43.7891275,4.0,"['Alcohol: none', 'BikeParking: True', 'BusinessAcceptsCreditCards: True', ""BusinessParking: {'garage': False, 'street': False, 'validated': False, 'lot': False, 'valet': False}"", 'Caters: True', 'DogsAllowed: False', 'HasTV: False', 'OutdoorSeating: False', 'RestaurantsDelivery: False', 'RestaurantsPriceRange2: 1', 'RestaurantsReservations: True', 'RestaurantsTableService: False', 'RestaurantsTakeOut: True', 'WheelchairAccessible: False', 'WiFi: no']",-79.1406444,287 Port Union Rd,M1C 2L3,ON,1,-FXxZWNlJ21jQKjc9UlHJg,business
BBQ Chinois,Montréal,3,,Ville-Marie,"['Chinese', 'Barbeque', 'Restaurants']",45.4944693,4.0,,-73.5798446,1441 Rue Saint Mathieu,H3H,QC,0,7oR9Nimj97GRnO0bi57mTg,business
Shilla,Edinburgh,25,"['Monday 12:0-15:0', 'Monday 17:30-22:30', 'Tuesday 12:0-15:0', 'Tuesday 17:30-22:30', 'Wednesday 12:0-15:0', 'Wednesday 17:30-22:30', 'Thursday 12:0-15:0', 'Thursday 17:30-22:30', 'Friday 12:0-15:0', 'Friday 17:30-22:30', 'Saturday 12:0-22:30']",New Town,"['Korean', 'Restaurants', 'Food']",55.9565126,3.5,"['Alcohol: beer_and_wine', 'BusinessAcceptsCreditCards: True', ""BusinessParking: {'garage': False, 'street': True, 'lot': False, 'valet': False}"", 'GoodForKids: False', ""GoodForMeal: {'dessert': False, 'latenight': False, 'lunch': False, 'dinner': False, 'breakfast': False, 'brunch': False}"", 'NoiseLevel: average', 'OutdoorSeating: False', 'RestaurantsGoodForGroups: True', 'RestaurantsPriceRange2: 2', 'RestaurantsReservations: True', 'RestaurantsTableService: True', 'WheelchairAccessible: False', 'WiFi: no']",-3.1986027,13B Dundas St,EH3 6OG,EDH,0,8uFodG169kANayIzkd49mw,business
Saffron Pig,Phoenix,4,,,"['Caterers', 'Event Planning & Services', 'Tapas Bars', 'Restaurants', 'Spanish']",33.4483771,5.0,['BusinessAcceptsCreditCards: True'],-112.0740373,,,AZ,1,ucWcEO83-qq2YoThmauLZQ,business
Morazan Restaurant,Charlotte,21,"['Monday 8:0-23:0', 'Tuesday 8:0-23:0', 'Wednesday 8:0-23:0', 'Thursday 8:0-23:0', 'Friday 8:0-23:0', 'Saturday 8:0-23:0', 'Sunday 8:0-22:0']",Eastland,"['Mexican', 'Latin American', 'Restaurants']",35.2139084,4.0,"['Alcohol: full_bar', ""Ambience: {'romantic': False, 'intimate': False, 'classy': False, 'hipster': False, 'divey': False, 'touristy': False, 'trendy': False, 'upscale': False, 'casual': False}"", 'BikeParking: False', 'BusinessAcceptsCreditCards: True', ""BusinessParking: {'garage': False, 'street': False, 'validated': False, 'lot': False, 'valet': False}"", 'Caters: True', 'GoodForKids: True', ""GoodForMeal: {'dessert': False, 'latenight': False, 'lunch': False, 'dinner': False, 'breakfast': False, 'brunch': False}"", 'HasTV: True', 'NoiseLevel: average', 'OutdoorSeating: False', 'RestaurantsAttire: casual', 'RestaurantsDelivery: False', 'RestaurantsGoodForGroups: True', 'RestaurantsPriceRange2: 2', 'RestaurantsReservations: False', 'RestaurantsTableService: True', 'RestaurantsTakeOut: True', 'WiFi: no']",-80.7712462,4400 Central Ave,28205,NC,1,JhrGRSeL0_ZhEbRFPBp3yw,business
Star of India,Phoenix,133,"['Tuesday 17:0-21:30', 'Wednesday 17:0-21:30', 'Thursday 17:0-21:30', 'Friday 17:0-21:30', 'Saturday 17:0-21:30', 'Sunday 17:0-20:30']",,"['Indian', 'Restaurants', 'Buffets', 'Pakistani']",33.3033358617,4.0,"['Alcohol: full_bar', ""Ambience: {'romantic': False, 'intimate': False, 'classy': False, 'hipster': False, 'divey': False, 'touristy': False, 'trendy': False, 'upscale': False, 'casual': True}"", 'BYOB: False', 'BYOBCorkage: yes_free', 'BikeParking: True', 'BusinessAcceptsCreditCards: True', ""BusinessParking: {'garage': False, 'street': False, 'validated': False, 'lot': True, 'valet': False}"", 'Caters: True', 'Corkage: False', 'GoodForKids: True', ""GoodForMeal: {'dessert': False, 'latenight': False, 'lunch': False, 'dinner': True, 'breakfast': False, 'brunch': False}"", 'HasTV: True', 'NoiseLevel: quiet', 'OutdoorSeating: False', 'RestaurantsAttire: casual', 'RestaurantsDelivery: False', 'RestaurantsGoodForGroups: True', 'RestaurantsPriceRange2: 2', 'RestaurantsReservations: True', 'RestaurantsTableService: True', 'RestaurantsTakeOut: True', 'WheelchairAccessible: True', 'WiFi: no']",-111.99444119,"4025 E Chandler Blvd, Ste 14",85048,AZ,1,yfHYCkQaupRzWU8FIgxUPg,business
Filiberto's,Phoenix,30,,,"['Restaurants', 'Mexican']",33.3059312,3.0,"['Alcohol: none', ""Ambience: {'romantic': False, 'intimate': False, 'classy': False, 'hipster': False, 'divey': False, 'touristy': False, 'trendy': False, 'upscale': False, 'casual': True}"", 'BikeParking: True', 'BusinessAcceptsCreditCards: True', ""BusinessParking: {'garage': False, 'street': False, 'validated': False, 'lot': True, 'valet': False}"", 'Caters: False', 'GoodForKids: True', ""GoodForMeal: {'dessert': False, 'latenight': False, 'lunch': False, 'dinner': False, 'breakfast': True, 'brunch': False}"", 'HasTV: True', 'NoiseLevel: quiet', 'OutdoorSeating: False', 'RestaurantsAttire: casual', 'RestaurantsDelivery: False', 'RestaurantsGoodForGroups: True', 'RestaurantsPriceRange2: 1', 'RestaurantsReservations: False', 'RestaurantsTableService: False', 'RestaurantsTakeOut: True', 'WheelchairAccessible: True', 'WiFi: no']",-112.053623,1402 East Chandler Blvd,85048,AZ,1,EwBOUo676Jtdc5AlEwp5CA,business
Harvey's Restaurants,TORONTO,4,"['Monday 10:30-23:0', 'Tuesday 10:30-23:0', 'Wednesday 10:30-23:0', 'Thursday 10:30-23:0', 'Friday 10:30-23:0', 'Saturday 10:30-23:0', 'Sunday 10:30-22:0']",Mount Pleasant and Davisville,"['Restaurants', 'Burgers', 'American (Traditional)', 'Fast Food']",43.7069830501,2.0,"['Alcohol: none', 'BikeParking: False', 'BusinessAcceptsCreditCards: True', 'DriveThru: False', 'GoodForKids: True', ""GoodForMeal: {'dessert': False, 'latenight': False, 'lunch': False, 'dinner': False, 'breakfast': False, 'brunch': False}"", 'RestaurantsAttire: casual', 'RestaurantsDelivery: False', 'RestaurantsGoodForGroups: True', 'RestaurantsPriceRange2: 2', 'RestaurantsReservations: False', 'RestaurantsTakeOut: True', 'OutdoorSeating: False']",-79.3964988202,49 Eglinton Ave East,M4P 1G6,ON,1,hsWx7ya8jLMhi8ZWX23Thg,business
China-Restaurant Shanghai,Gerlingen,22,"['Monday 11:30-14:30', 'Monday 17:30-23:30', 'Tuesday 11:30-14:30', 'Tuesday 17:30-23:30', 'Wednesday 11:30-14:30', 'Wednesday 17:30-23:30', 'Thursday 11:30-14:30', 'Thursday 17:30-23:30', 'Friday 11:30-14:30', 'Friday 17:30-23:30', 'Saturday 11:30-14:30', 'Saturday 17:30-23:30', 'Sunday 11:30-14:30', 'Sunday 17:30-23:30']",,"['Chinese', 'Asian Fusion', 'Restaurants']",48.8028784,4.5,"['Alcohol: beer_and_wine', ""Ambience: {'romantic': False, 'intimate': False, 'classy': False, 'hipster': False, 'touristy': False, 'trendy': False, 'upscale': False, 'casual': False}"", 'BikeParking: True', 'BusinessAcceptsCreditCards: True', ""BusinessParking: {'garage': False, 'street': False, 'validated': False, 'lot': False, 'valet': False}"", 'Caters: False', 'DogsAllowed: False', 'GoodForKids: True', ""GoodForMeal: {'dessert': False, 'latenight': False, 'lunch': False, 'dinner': True, 'breakfast': False, 'brunch': False}"", 'HasTV: False', 'NoiseLevel: average', 'OutdoorSeating: True', 'RestaurantsAttire: casual', 'RestaurantsDelivery: False', 'RestaurantsGoodForGroups: True', 'RestaurantsPriceRange2: 3', 'RestaurantsReservations: True', 'RestaurantsTableService: True', 'RestaurantsTakeOut: True', 'WheelchairAccessible: True', 'WiFi: no']",9.0713529,Weilimdorfer Str. 70,70839,BW,1,xVc9DX82I5TUXABRvgmGvQ,business
Cafe Sienna,Las Vegas,7,,Westside,"['Restaurants', 'American (New)']",36.1700270996,2.5,"[""Ambience: {'romantic': False, 'intimate': False, 'classy': False, 'hipster': False, 'divey': False, 'touristy': False, 'trendy': False, 'upscale': False, 'casual': False}"", 'BikeParking: False', 'BusinessAcceptsCreditCards: True', 'Caters: False', 'GoodForKids: True', ""GoodForMeal: {'dessert': False, 'latenight': False, 'lunch': False, 'dinner': False, 'breakfast': False, 'brunch': False}"", 'HasTV: False', 'NoiseLevel: average', 'OutdoorSeating: False', 'RestaurantsAttire: casual', 'RestaurantsDelivery: False', 'RestaurantsPriceRange2: 2', 'RestaurantsTableService: True', 'RestaurantsTakeOut: True']",-115.292602032,Angel Park Trl,89144,NV,1,kI86MfVvZPJUm4RYy3YmUw,business
Canter's Delicatessen,Las Vegas,141,"['Monday 11:0-0:0', 'Tuesday 11:0-0:0', 'Wednesday 11:0-0:0', 'Thursday 11:0-0:0', 'Friday 11:0-0:0', 'Saturday 11:0-0:0', 'Sunday 11:0-0:0']",The Strip,"['Sandwiches', 'Restaurants', 'Delis']",36.124467,3.5,"['Alcohol: beer_and_wine', ""Ambience: {'romantic': False, 'intimate': False, 'classy': False, 'hipster': False, 'divey': False, 'touristy': False, 'trendy': False, 'upscale': False, 'casual': True}"", 'BusinessAcceptsCreditCards: True', ""BusinessParking: {'garage': True, 'street': False, 'validated': False, 'lot': False, 'valet': False}"", 'Caters: False', 'GoodForKids: True', ""GoodForMeal: {'dessert': False, 'latenight': False, 'lunch': True, 'dinner': False, 'breakfast': False, 'brunch': False}"", 'HasTV: True', 'NoiseLevel: average', 'OutdoorSeating: False', 'RestaurantsAttire: casual', 'RestaurantsDelivery: False', 'RestaurantsGoodForGroups: True', 'RestaurantsPriceRange2: 2', 'RestaurantsReservations: False', 'RestaurantsTableService: False', 'RestaurantsTakeOut: True', 'WheelchairAccessible: True', 'WiFi: no']",-115.171033,"Treasure Island Casino, 3300 Las Vegas Blvd S",89109,NV,0,FooKqQJ3UnsIG2slFPuLRA,business
Old Carolina,Strongsville,56,"['Monday 10:30-21:30', 'Tuesday 10:30-21:30', 'Wednesday 10:30-21:30', 'Thursday 10:30-21:30', 'Friday 10:30-21:30', 'Saturday 10:30-21:30', 'Sunday 10:30-21:30']",,"['Restaurants', 'Barbeque']",41.3068794573,3.5,"['Alcohol: none', ""Ambience: {'romantic': False, 'intimate': False, 'classy': False, 'hipster': False, 'divey': False, 'touristy': False, 'trendy': False, 'upscale': False, 'casual': True}"", 'BikeParking: False', 'BusinessAcceptsCreditCards: True', ""BusinessParking: {'garage': False, 'street': False, 'validated': False, 'lot': True, 'valet': False}"", 'Caters: True', 'GoodForKids: True', ""GoodForMeal: {'dessert': False, 'latenight': False, 'lunch': True, 'dinner': False, 'breakfast': False, 'brunch': False}"", 'HasTV: True', 'NoiseLevel: average', 'OutdoorSeating: False', 'RestaurantsAttire: casual', 'RestaurantsDelivery: False', 'RestaurantsGoodForGroups: True', 'RestaurantsPriceRange2: 2', 'RestaurantsReservations: False', 'RestaurantsTableService: False', 'RestaurantsTakeOut: True', 'WiFi: free']",-81.8347747251,14795 Pearl Rd,44136,OH,1,GLDK0W-mHBoNNPLSlZ9mrA,business
Greenwood Smokehouse BBQ,Toronto,107,"['Tuesday 16:0-23:0', 'Wednesday 16:0-23:0', 'Thursday 16:0-23:0', 'Friday 12:0-0:0', 'Saturday 11:0-15:0', 'Saturday 16:30-0:0', 'Sunday 11:0-15:0', 'Sunday 16:30-21:0']",Greektown,"['Barbeque', 'Southern', 'Soul Food', 'Restaurants']",43.6789975,3.5,"['Alcohol: full_bar', ""Ambience: {'romantic': False, 'intimate': False, 'classy': False, 'hipster': False, 'touristy': False, 'trendy': False, 'upscale': False, 'casual': True}"", 'BikeParking: True', 'BusinessAcceptsCreditCards: True', ""BusinessParking: {'garage': False, 'street': True, 'validated': False, 'lot': False, 'valet': False}"", 'Caters: True', 'DogsAllowed: False', 'GoodForKids: True', ""GoodForMeal: {'dessert': False, 'latenight': False, 'lunch': False, 'dinner': True, 'breakfast': False, 'brunch': False}"", 'HasTV: True', 'NoiseLevel: average', 'OutdoorSeating: True', 'RestaurantsAttire: casual', 'RestaurantsDelivery: True', 'RestaurantsGoodForGroups: True', 'RestaurantsPriceRange2: 2', 'RestaurantsReservations: False', 'RestaurantsTableService: True', 'RestaurantsTakeOut: True', 'WheelchairAccessible: False', 'WiFi: free']",-79.3442872,673 Danforth Avenue,M4J 1L2,ON,1,Cew9RRnuldbqaL3MW6p1wg,business
Chef of India,Toronto,48,"['Monday 11:30-14:30', 'Monday 17:0-22:30', 'Tuesday 11:30-14:30', 'Tuesday 17:0-22:30', 'Wednesday 11:30-14:30', 'Wednesday 17:0-22:30', 'Thursday 11:30-14:30', 'Thursday 17:0-22:30', 'Friday 11:30-14:30', 'Friday 17:0-22:30', 'Saturday 12:0-15:0', 'Sunday 12:0-15:0']",Mount Pleasant and Davisville,"['Indian', 'Restaurants', 'Buffets']",43.7070001967,3.0,"['Alcohol: full_bar', ""Ambience: {'romantic': False, 'intimate': False, 'classy': False, 'hipster': False, 'touristy': False, 'trendy': False, 'upscale': False, 'casual': False}"", 'BikeParking: True', 'BusinessAcceptsCreditCards: True', ""BusinessParking: {'garage': False, 'street': False, 'validated': False, 'lot': False, 'valet': False}"", 'Caters: False', 'GoodForKids: True', ""GoodForMeal: {'dessert': False, 'latenight': False, 'lunch': False, 'dinner': True, 'breakfast': False, 'brunch': False}"", 'HasTV: False', 'NoiseLevel: quiet', 'OutdoorSeating: False', 'RestaurantsAttire: casual', 'RestaurantsDelivery: True', 'RestaurantsGoodForGroups: True', 'RestaurantsPriceRange2: 2', 'RestaurantsReservations: True', 'RestaurantsTableService: True', 'RestaurantsTakeOut: True', 'WheelchairAccessible: False', 'WiFi: no']",-79.3971258402,30 Eglinton Avenue E,M4P 1A6,ON,1,Q7YfGjBcFFpy3FUMOw7GLw,business
Munch,Solon,52,"['Monday 11:0-20:0', 'Tuesday 11:0-20:0', 'Wednesday 11:0-20:0', 'Thursday 11:0-20:0', 'Friday 11:0-20:0', 'Saturday 11:0-20:0']",,"['Sandwiches', 'Mediterranean', 'Restaurants', 'Vegan', 'Vegetarian']",41.423565,5.0,"['Alcohol: none', ""Ambience: {'romantic': False, 'intimate': False, 'classy': False, 'hipster': False, 'divey': False, 'touristy': False, 'trendy': False, 'upscale': False, 'casual': True}"", 'BikeParking: False', 'BusinessAcceptsBitcoin: False', 'BusinessAcceptsCreditCards: True', ""BusinessParking: {'garage': False, 'street': False, 'validated': False, 'lot': True, 'valet': False}"", 'Caters: True', 'DogsAllowed: False', 'GoodForKids: True', ""GoodForMeal: {'dessert': False, 'latenight': False, 'lunch': True, 'dinner': True, 'breakfast': False, 'brunch': False}"", 'HasTV: False', 'NoiseLevel: average', 'OutdoorSeating: True', 'RestaurantsAttire: casual', 'RestaurantsDelivery: False', 'RestaurantsGoodForGroups: True', 'RestaurantsPriceRange2: 1', 'RestaurantsReservations: False', 'RestaurantsTableService: False', 'RestaurantsTakeOut: True', 'WheelchairAccessible: True', 'WiFi: free']",-81.4774367,28500 Miles Rd,44139,OH,1,3z70db5MNhCBPpIaRCB5nQ,business
Il Quinto Quarto,Stuttgart,7,"['Monday 18:30-22:30', 'Tuesday 11:30-14:30', 'Tuesday 18:30-22:30', 'Wednesday 11:30-14:30', 'Wednesday 18:30-22:30', 'Thursday 18:30-22:30', 'Friday 18:30-22:30', 'Saturday 11:30-14:30']",,"['Restaurants', 'Mediterranean', 'Italian']",48.7656,4.5,"['BusinessAcceptsCreditCards: True', ""BusinessParking: {'garage': False, 'street': False, 'validated': False, 'lot': False, 'valet': False}"", 'DogsAllowed: False', 'OutdoorSeating: False', 'RestaurantsDelivery: False', 'RestaurantsTakeOut: False']",9.17724,Olgastr. 133 B,70180,BW,1,FNQR0npOfsKm6kyCKFI6YA,business
Taste Market & Deli,Las Vegas,4,"['Monday 7:0-22:0', 'Tuesday 7:0-22:0', 'Wednesday 7:0-22:0', 'Thursday 7:0-22:0', 'Friday 7:0-22:0', 'Saturday 7:0-22:0', 'Sunday 8:0-22:0']",Westside,"['Grocery', 'Sandwiches', 'Salad', 'Restaurants', 'Food']",36.1671901,4.0,"['BusinessAcceptsCreditCards: True', ""BusinessParking: {'garage': False, 'street': False, 'validated': False, 'lot': False, 'valet': False}"", 'RestaurantsPriceRange2: 1']",-115.2855925,"420 Rampart Blvd, Ste 150",89145,NV,0,Opxi_-aCcn6S-dj7JzRE2Q,business
Ogden's Hops and Harvest,Las Vegas,73,"['Monday 11:30-22:0', 'Tuesday 11:30-22:0', 'Wednesday 11:30-22:0', 'Thursday 11:30-22:0', 'Friday 11:30-23:0', 'Saturday 11:0-23:0', 'Sunday 11:0-22:0']",Westside,"['American (New)', 'Restaurants']",36.1672912,3.5,"['Alcohol: full_bar', ""Ambience: {'romantic': False, 'intimate': False, 'classy': False, 'hipster': False, 'divey': False, 'touristy': False, 'trendy': False, 'upscale': False, 'casual': True}"", 'BusinessAcceptsCreditCards: True', ""BusinessParking: {'garage': True, 'street': False, 'validated': False, 'lot': False, 'valet': True}"", 'Caters: False', 'GoodForKids: True', ""GoodForMeal: {'dessert': False, 'latenight': False, 'lunch': True, 'dinner': True, 'breakfast': False, 'brunch': False}"", 'HasTV: True', 'NoiseLevel: average', 'OutdoorSeating: True', 'RestaurantsAttire: casual', 'RestaurantsDelivery: False', 'RestaurantsGoodForGroups: True', 'RestaurantsPriceRange2: 2', 'RestaurantsReservations: True', 'RestaurantsTableService: True', 'RestaurantsTakeOut: True', 'WiFi: free']",-115.2869529,"450 S Rampart Blvd, Ste 120",89145,NV,0,J7EUrh1q3lgENaoTrHZl_w,business
Zad Al Khair,Glendale,18,"['Monday 14:0-0:0', 'Tuesday 14:0-0:0', 'Wednesday 14:0-0:0', 'Thursday 14:0-0:0', 'Friday 14:0-2:0', 'Saturday 14:0-2:0', 'Sunday 14:0-0:0']",,"['Restaurants', 'Middle Eastern']",33.6402194,3.5,"['Alcohol: full_bar', 'BusinessAcceptsCreditCards: True', ""BusinessParking: {'garage': False, 'street': False, 'validated': False, 'lot': False, 'valet': False}"", 'GoodForKids: True', ""GoodForMeal: {'dessert': False, 'latenight': False, 'lunch': True, 'dinner': False, 'breakfast': False, 'brunch': False}"", 'HasTV: True', 'RestaurantsAttire: casual', 'RestaurantsDelivery: True', 'RestaurantsGoodForGroups: True', 'RestaurantsPriceRange2: 2', 'RestaurantsReservations: True', 'RestaurantsTableService: True', 'RestaurantsTakeOut: True', 'WiFi: free']",-112.181727,5686 W Bell Rd,85308,AZ,1,mX1qFqKSPn1d9AqDPMF8kA,business
L'espresso Bar Mercurio,Toronto,103,,University of Toronto,"['Food', 'Coffee & Tea', 'Cafes', 'Restaurants']",43.6675432033,3.0,"['BikeParking: True', 'BusinessAcceptsCreditCards: True', ""BusinessParking: {'garage': False, 'street': True, 'validated': False, 'lot': False, 'valet': False}"", 'OutdoorSeating: True', 'RestaurantsPriceRange2: 2', 'RestaurantsTakeOut: True', 'WheelchairAccessible: True', 'WiFi: free']",-79.3990794421,321 Bloor Street W,M5S 1S5,ON,1,Bo53nDtkmu0gAWraONir1A,business
Tim Sushi and Cafe,Markham,7,"['Monday 11:0-22:0', 'Tuesday 11:0-22:0', 'Wednesday 11:0-22:0', 'Thursday 11:0-22:0', 'Friday 11:0-22:0', 'Saturday 11:0-22:0', 'Sunday 11:0-22:0']",Brown's Corners,"['Ramen', 'Cafes', 'Sushi Bars', 'Japanese', 'Restaurants']",43.854806,4.0,"['GoodForKids: True', ""GoodForMeal: {'dessert': False, 'latenight': False, 'lunch': False, 'dinner': False, 'breakfast': False, 'brunch': False}"", 'HasTV: False', 'OutdoorSeating: False', 'RestaurantsAttire: casual', 'RestaurantsDelivery: True', 'RestaurantsPriceRange2: 2', 'RestaurantsReservations: True', 'RestaurantsTakeOut: True', 'WiFi: no', 'RestaurantsGoodForGroups: False']",-79.33701,"3623 Highway 7 E, Suite 102",L3R 0G6,ON,1,CAhoEZPcAEvBSoCxn_fAjQ,business
Popeye's Chicken,Amherst,5,"['Monday 10:0-21:0', 'Tuesday 10:0-21:0', 'Wednesday 10:0-21:0', 'Thursday 10:0-21:0', 'Friday 10:0-21:0', 'Saturday 10:0-21:0', 'Sunday 10:0-21:0']",,"['Restaurants', 'Fast Food', 'Chicken Wings']",41.3798611,2.0,"['Alcohol: none', ""Ambience: {'romantic': False, 'intimate': False, 'classy': False, 'hipster': False, 'divey': False, 'touristy': False, 'trendy': False, 'upscale': False, 'casual': False}"", 'BikeParking: True', 'BusinessAcceptsCreditCards: True', ""BusinessParking: {'garage': False, 'street': False, 'validated': False, 'lot': False, 'valet': False}"", 'Caters: False', 'DriveThru: False', 'GoodForKids: True', ""GoodForMeal: {'dessert': False, 'latenight': False, 'lunch': True, 'dinner': False, 'breakfast': False, 'brunch': False}"", 'HasTV: False', 'NoiseLevel: average', 'OutdoorSeating: True', 'RestaurantsAttire: casual', 'RestaurantsDelivery: False', 'RestaurantsGoodForGroups: True', 'RestaurantsPriceRange2: 1', 'RestaurantsReservations: False', 'RestaurantsTableService: False', 'RestaurantsTakeOut: True', 'WiFi: no']",-82.2227923,"46402 Middle Ridge Rd, Ste 5",44001,OH,1,kU-PnJKZfYycGfHYE719Lg,business
Barroco express,Cleveland,25,"['Monday 11:0-22:0', 'Tuesday 11:0-22:0', 'Wednesday 11:0-22:0', 'Thursday 11:0-22:0', 'Friday 11:0-3:0', 'Saturday 11:0-3:0']",Warehouse District,"['Cuban', 'Colombian', 'Latin American', 'Restaurants']",41.4982016,3.0,"['Alcohol: none', ""Ambience: {'romantic': False, 'intimate': False, 'classy': False, 'hipster': False, 'divey': False, 'touristy': False, 'trendy': False, 'upscale': False, 'casual': True}"", 'BusinessAcceptsCreditCards: True', 'Caters: False', 'GoodForKids: True', ""GoodForMeal: {'dessert': False, 'latenight': False, 'lunch': True, 'dinner': False, 'breakfast': False, 'brunch': False}"", 'HasTV: False', 'NoiseLevel: average', 'OutdoorSeating: True', 'RestaurantsAttire: casual', 'RestaurantsDelivery: True', 'RestaurantsGoodForGroups: True', 'RestaurantsPriceRange2: 1', 'RestaurantsReservations: False', 'RestaurantsTableService: False', 'RestaurantsTakeOut: True', 'WiFi: free']",-81.7019598,1303 W 6th St,44113,OH,0,lTFauUhnfk4pPhOMGDiEgg,business
Terrasse Magnetic,Montréal,9,"['Monday 11:30-3:0', 'Tuesday 11:30-3:0', 'Wednesday 11:30-3:0', 'Thursday 11:30-3:0', 'Friday 11:30-3:0', 'Saturday 11:30-3:0', 'Sunday 11:30-3:0']",Ville-Marie,"['Restaurants', 'Canadian (New)']",45.4983848,3.5,"['Alcohol: full_bar', ""Ambience: {'romantic': False, 'intimate': False, 'classy': False, 'hipster': False, 'touristy': False, 'trendy': False, 'upscale': False, 'casual': False}"", 'BusinessAcceptsCreditCards: True', 'HasTV: False', 'OutdoorSeating: True', 'RestaurantsAttire: casual', 'RestaurantsGoodForGroups: True', 'RestaurantsPriceRange2: 2', 'RestaurantsTableService: True', 'RestaurantsTakeOut: False']",-73.5762897,1430 Rue De La Montagne,H3G 1P1,QC,0,j4k_DQMHi9Pl-NAjgOXBUw,business
Contini Cannonball,Edinburgh,12,"['Monday 12:0-14:30', 'Tuesday 12:0-14:30', 'Wednesday 12:0-14:30', 'Wednesday 17:30-22:0', 'Thursday 12:0-14:30', 'Thursday 17:30-22:0', 'Friday 12:0-14:30', 'Friday 17:30-22:0', 'Saturday 12:0-14:30', 'Saturday 17:30-22:0', 'Sunday 12:0-14:30']",Royal Mile,"['Italian', 'Restaurants', 'Scottish']",55.9487199215,4.0,"['Alcohol: full_bar', ""Ambience: {'romantic': False, 'intimate': False, 'classy': False, 'hipster': False, 'touristy': False, 'trendy': False, 'upscale': False, 'casual': False}"", 'BikeParking: False', 'BusinessAcceptsCreditCards: True', 'GoodForKids: False', ""GoodForMeal: {'dessert': False, 'latenight': False, 'lunch': False, 'dinner': False, 'breakfast': False, 'brunch': False}"", 'HasTV: False', 'OutdoorSeating: False', 'RestaurantsAttire: casual', 'RestaurantsDelivery: False', 'RestaurantsGoodForGroups: True', 'RestaurantsPriceRange2: 3', 'RestaurantsReservations: True', 'RestaurantsTakeOut: False', 'WiFi: free']",-3.1963251304,356 Castle Hill,EH1 2NF,EDH,1,JOqWln_EB_f6RUSTxl04dQ,business
Il Fornetto,Lachine,14,"['Monday 11:30-22:30', 'Tuesday 11:30-22:30', 'Wednesday 11:30-22:30', 'Thursday 11:30-22:30', 'Friday 11:30-22:30', 'Saturday 11:30-22:30', 'Sunday 11:30-22:30']",Lachine,"['Italian', 'Canadian (New)', 'Restaurants']",45.4332261,4.0,"['Alcohol: full_bar', ""Ambience: {'romantic': False, 'intimate': False, 'classy': False, 'hipster': False, 'touristy': False, 'trendy': False, 'upscale': False, 'casual': True}"", 'BikeParking: True', 'BusinessAcceptsCreditCards: True', ""BusinessParking: {'garage': False, 'street': True, 'validated': False, 'lot': False, 'valet': False}"", 'Caters: False', 'GoodForKids: True', ""GoodForMeal: {'dessert': False, 'latenight': False, 'lunch': False, 'dinner': True, 'breakfast': False, 'brunch': False}"", 'HasTV: False', 'NoiseLevel: average', 'OutdoorSeating: True', 'RestaurantsAttire: casual', 'RestaurantsDelivery: True', 'RestaurantsGoodForGroups: True', 'RestaurantsPriceRange2: 3', 'RestaurantsReservations: True', 'RestaurantsTableService: True', 'RestaurantsTakeOut: True', 'WiFi: free']",-73.6817128,1900 St.-Joseph,H8S 2N5,QC,1,JHKU_hQCrhD1pgpzG2DC7w,business
Fairview Pizza Company,Fairview,8,"['Monday 6:0-21:0', 'Tuesday 11:0-21:0', 'Wednesday 6:0-21:0', 'Thursday 6:0-21:0', 'Friday 6:0-21:0', 'Saturday 6:0-21:0', 'Sunday 6:0-21:0']",,"['Sandwiches', 'Restaurants', 'Pizza', 'Italian', 'Breakfast & Brunch']",35.5234231,4.0,"[""BusinessParking: {'garage': False, 'street': False, 'validated': False, 'lot': False, 'valet': False}"", 'HasTV: True']",-82.4139979,1321 Charlotte Hwy,28730,NC,1,GQ3Ttp1oHVrORaM84cZTfw,business
Dairy Queen Grill & Chill,Phoenix,20,"['Monday 10:0-22:30', 'Tuesday 10:0-22:30', 'Wednesday 10:0-22:30', 'Thursday 10:0-22:30', 'Friday 10:0-23:30', 'Saturday 10:0-23:30', 'Sunday 10:0-22:30']",,"['Restaurants', 'Fast Food']",33.3785642695,3.0,"['Alcohol: none', ""Ambience: {'romantic': False, 'intimate': False, 'classy': False, 'hipster': False, 'divey': False, 'touristy': False, 'trendy': False, 'upscale': False, 'casual': False}"", 'BikeParking: True', 'BusinessAcceptsCreditCards: True', ""BusinessParking: {'garage': False, 'street': False, 'validated': False, 'lot': False, 'valet': False}"", 'Caters: False', 'DriveThru: True', 'GoodForKids: True', ""GoodForMeal: {'dessert': True, 'latenight': False, 'lunch': False, 'dinner': False, 'breakfast': False, 'brunch': False}"", 'HasTV: False', 'OutdoorSeating: False', 'RestaurantsAttire: casual', 'RestaurantsDelivery: False', 'RestaurantsGoodForGroups: False', 'RestaurantsPriceRange2: 1', 'RestaurantsReservations: False', 'RestaurantsTakeOut: True', 'WiFi: no']",-112.009993561,3308 Baseline Rd,85042,AZ,1,OLqtlmCXMxYBoaz4XOSovA,business
Faley Restaurant,Rexdale,32,"['Monday 11:30-23:0', 'Tuesday 11:30-23:0', 'Wednesday 11:30-23:0', 'Thursday 11:30-23:0', 'Friday 11:30-23:30', 'Saturday 12:0-23:30', 'Sunday 13:0-23:0']",Etobicoke,"['Restaurants', 'Thai', 'Indian', 'Chinese']",43.7135479,3.5,"['Alcohol: full_bar', ""Ambience: {'romantic': False, 'intimate': False, 'classy': False, 'hipster': False, 'touristy': False, 'trendy': False, 'upscale': False, 'casual': True}"", 'BikeParking: False', 'BusinessAcceptsCreditCards: False', ""BusinessParking: {'garage': False, 'street': False, 'validated': False, 'lot': True, 'valet': False}"", 'Caters: True', 'GoodForKids: True', ""GoodForMeal: {'dessert': False, 'latenight': False, 'lunch': True, 'dinner': True, 'breakfast': False, 'brunch': False}"", 'HasTV: True', 'NoiseLevel: loud', 'OutdoorSeating: False', 'RestaurantsAttire: casual', 'RestaurantsDelivery: False', 'RestaurantsGoodForGroups: True', 'RestaurantsReservations: True', 'RestaurantsTableService: True', 'RestaurantsTakeOut: True', 'WheelchairAccessible: False', 'WiFi: no', 'RestaurantsPriceRange2: 1']",-79.5590773,42 Rexdale Boulevard,M9W 5Z3,ON,1,HAqFrpN8ukzFZuSgTvLijw,business
Don Juan Cocina Mexicana & Cantina,Urbana,23,,,"['Mexican', 'Restaurants']",40.1166989,3.0,"['Alcohol: none', ""Ambience: {'romantic': False, 'intimate': False, 'classy': False, 'hipster': False, 'divey': False, 'touristy': False, 'trendy': False, 'upscale': False, 'casual': True}"", 'BikeParking: True', 'BusinessAcceptsBitcoin: False', 'BusinessAcceptsCreditCards: False', ""BusinessParking: {'garage': False, 'street': False, 'validated': False, 'lot': True, 'valet': False}"", 'Caters: True', 'DogsAllowed: False', 'GoodForKids: True', ""GoodForMeal: {'dessert': False, 'latenight': False, 'lunch': True, 'dinner': False, 'breakfast': False, 'brunch': False}"", 'HasTV: True', 'NoiseLevel: average', 'OutdoorSeating: False', 'RestaurantsAttire: casual', 'RestaurantsDelivery: False', 'RestaurantsGoodForGroups: True', 'RestaurantsPriceRange2: 2', 'RestaurantsReservations: False', 'RestaurantsTableService: False', 'RestaurantsTakeOut: False', 'WheelchairAccessible: True', 'WiFi: free']",-88.223116,1106 W University Ave,61801,IL,0,quBiDNgMLYoWP6Q2YSgZLg,business
Duke's Pub and Pizza,Pittsburgh,15,"['Monday 11:0-2:0', 'Tuesday 11:0-2:0', 'Wednesday 11:0-2:0', 'Thursday 11:0-2:0', 'Friday 11:0-2:0', 'Saturday 11:0-2:0', 'Sunday 11:0-2:0']",,"['Restaurants', 'American (New)', 'Pizza']",40.3762608,3.0,"['Alcohol: full_bar', ""Ambience: {'romantic': False, 'intimate': False, 'classy': False, 'hipster': False, 'divey': False, 'touristy': False, 'trendy': False, 'upscale': False, 'casual': False}"", 'BusinessAcceptsCreditCards: True', ""BusinessParking: {'garage': False, 'street': True, 'validated': False, 'lot': False, 'valet': False}"", 'GoodForKids: True', ""GoodForMeal: {'dessert': False, 'latenight': False, 'lunch': False, 'dinner': False, 'breakfast': False, 'brunch': False}"", 'HasTV: True', 'NoiseLevel: average', 'OutdoorSeating: False', 'RestaurantsAttire: casual', 'RestaurantsDelivery: False', 'RestaurantsGoodForGroups: True', 'RestaurantsPriceRange2: 2', 'RestaurantsReservations: True', 'RestaurantsTableService: True', 'RestaurantsTakeOut: True', 'WiFi: free']",-80.0367425,329 Castle Shannon Blvd,15234,PA,0,LTPcaw-_IqOfTSDxe8811A,business
At My Place Cafe,Mesa,69,"['Monday 10:0-19:0', 'Tuesday 10:0-19:0', 'Wednesday 10:0-19:0', 'Thursday 10:0-19:0', 'Friday 10:0-19:0', 'Saturday 9:0-19:0', 'Sunday 9:0-19:0']",,"['Event Planning & Services', 'Caterers', 'American (New)', 'Restaurants', 'Filipino']",33.3634170632,4.5,"['Alcohol: none', ""Ambience: {'romantic': False, 'intimate': False, 'classy': False, 'hipster': False, 'divey': False, 'touristy': False, 'trendy': False, 'upscale': False, 'casual': True}"", 'BikeParking: False', 'BusinessAcceptsBitcoin: False', 'BusinessAcceptsCreditCards: True', ""BusinessParking: {'garage': False, 'street': False, 'validated': False, 'lot': True, 'valet': False}"", 'Caters: True', 'DogsAllowed: False', 'GoodForKids: True', ""GoodForMeal: {'dessert': True, 'latenight': False, 'lunch': True, 'dinner': True, 'breakfast': True, 'brunch': True}"", 'HasTV: False', 'NoiseLevel: average', 'OutdoorSeating: False', 'RestaurantsAttire: casual', 'RestaurantsDelivery: False', 'RestaurantsGoodForGroups: True', 'RestaurantsPriceRange2: 1', 'RestaurantsReservations: True', 'RestaurantsTableService: False', 'RestaurantsTakeOut: True', 'WheelchairAccessible: True', 'WiFi: free']",-111.879184387,"2121 W Guadalupe Rd, Ste 8",85202,AZ,1,wP7rb72w0SMbwQ_tVV5TBw,business
Urban Angel,Edinburgh,79,"['Monday 8:0-17:0', 'Tuesday 8:0-17:0', 'Wednesday 8:0-17:0', 'Thursday 8:0-17:0', 'Friday 8:0-17:0', 'Saturday 9:0-17:0', 'Sunday 9:0-17:0']",New Town,"['Restaurants', 'Food', 'Diners', 'Coffee & Tea']",55.9548801,4.0,"['Alcohol: beer_and_wine', ""Ambience: {'romantic': False, 'intimate': False, 'classy': False, 'hipster': False, 'touristy': False, 'trendy': False, 'upscale': False, 'casual': True}"", 'BikeParking: False', 'BusinessAcceptsCreditCards: True', ""BusinessParking: {'garage': False, 'street': True, 'lot': False, 'valet': False}"", 'GoodForKids: True', ""GoodForMeal: {'dessert': False, 'latenight': False, 'lunch': False, 'dinner': False, 'breakfast': False, 'brunch': True}"", 'HasTV: False', 'NoiseLevel: average', 'OutdoorSeating: True', 'RestaurantsAttire: casual', 'RestaurantsDelivery: False', 'RestaurantsGoodForGroups: True', 'RestaurantsPriceRange2: 2', 'RestaurantsReservations: True', 'RestaurantsTableService: True', 'RestaurantsTakeOut: True', 'WheelchairAccessible: False', 'WiFi: free']",-3.1979891,"121 Hanover Street, New Town",EH2 1DJ,EDH,1,QMySP-qHdwQNZY0gDba0ng,business
Leslieville Pumps,Toronto,76,"['Monday 7:0-21:30', 'Tuesday 7:0-21:30', 'Wednesday 7:0-21:30', 'Thursday 7:0-21:30', 'Friday 7:0-21:30', 'Saturday 7:0-21:30', 'Sunday 7:0-21:30']",Leslieville,"['Gas & Service Stations', 'Convenience Stores', 'Automotive', 'Sandwiches', 'Restaurants', 'Food']",43.6607826755,3.5,"['Alcohol: none', ""Ambience: {'romantic': False, 'intimate': False, 'classy': False, 'hipster': False, 'touristy': False, 'trendy': False, 'upscale': False, 'casual': False}"", 'BikeParking: True', 'BusinessAcceptsCreditCards: True', ""BusinessParking: {'garage': False, 'street': False, 'validated': False, 'lot': False, 'valet': False}"", 'Caters: False', 'GoodForKids: True', ""GoodForMeal: {'dessert': False, 'latenight': False, 'lunch': False, 'dinner': False, 'breakfast': False, 'brunch': False}"", 'HasTV: False', 'NoiseLevel: loud', 'OutdoorSeating: True', 'RestaurantsAttire: casual', 'RestaurantsDelivery: False', 'RestaurantsGoodForGroups: True', 'RestaurantsPriceRange2: 2', 'RestaurantsReservations: False', 'RestaurantsTableService: False', 'RestaurantsTakeOut: True', 'WiFi: no']",-79.3405198757,929 Queen Street E,M4M 1J6,ON,1,oMgDbkk0hlPYFUmwAOVjgQ,business
Gourmet Wok,Tempe,16,,,"['Restaurants', 'Chinese']",33.3771903,3.0,"['Alcohol: none', ""Ambience: {'romantic': False, 'intimate': False, 'classy': False, 'hipster': False, 'divey': False, 'touristy': False, 'trendy': False, 'upscale': False, 'casual': False}"", 'BusinessAcceptsCreditCards: True', ""BusinessParking: {'garage': False, 'street': False, 'validated': False, 'lot': True, 'valet': False}"", 'Caters: False', 'GoodForKids: True', ""GoodForMeal: {'dessert': False, 'latenight': False, 'lunch': True, 'dinner': False, 'breakfast': False, 'brunch': False}"", 'HasTV: False', 'NoiseLevel: quiet', 'OutdoorSeating: False', 'RestaurantsAttire: casual', 'RestaurantsDelivery: True', 'RestaurantsGoodForGroups: True', 'RestaurantsPriceRange2: 1', 'RestaurantsReservations: False', 'RestaurantsTableService: False', 'RestaurantsTakeOut: True', 'WheelchairAccessible: True']",-111.9520135,825 W Baseline Rd,85283,AZ,0,_V4I3DfzYbIHL77XDaVM-Q,business
Symposium Cafe Restaurant & Lounge,Markham,38,"['Monday 8:0-0:0', 'Tuesday 8:0-0:0', 'Wednesday 8:0-0:0', 'Thursday 8:0-0:0', 'Friday 8:0-1:0', 'Saturday 8:0-1:0', 'Sunday 8:0-0:0']",Langstaff,"['American (Traditional)', 'Desserts', 'Lounges', 'Restaurants', 'Nightlife', 'Cafes', 'Breakfast & Brunch', 'Food', 'Bars', 'Brazilian', 'Coffee & Tea']",43.827252,3.0,"['Alcohol: full_bar', ""Ambience: {'romantic': False, 'intimate': False, 'classy': False, 'hipster': False, 'touristy': False, 'trendy': False, 'upscale': False, 'casual': False}"", ""BestNights: {'monday': False, 'tuesday': False, 'friday': True, 'wednesday': False, 'thursday': False, 'sunday': False, 'saturday': False}"", 'BikeParking: True', 'BusinessAcceptsCreditCards: True', ""BusinessParking: {'garage': False, 'street': False, 'validated': False, 'lot': True, 'valet': False}"", 'Caters: True', 'CoatCheck: False', 'DogsAllowed: False', 'GoodForDancing: False', 'GoodForKids: True', 'HappyHour: True', 'HasTV: True', 'NoiseLevel: average', 'OutdoorSeating: True', 'RestaurantsAttire: casual', 'RestaurantsDelivery: False', 'RestaurantsGoodForGroups: True', 'RestaurantsPriceRange2: 2', 'RestaurantsReservations: True', 'RestaurantsTableService: True', 'RestaurantsTakeOut: True', 'Smoking: no', 'WheelchairAccessible: True', 'WiFi: free', ""Music: {'dj': False, 'background_music': True, 'no_music': False, 'karaoke': False, 'live': False, 'video': False, 'jukebox': False}"", ""GoodForMeal: {'dessert': True, 'latenight': False, 'lunch': True, 'dinner': False, 'breakfast': False, 'brunch': True}""]",-79.426972,8187 Yonge St,L3T 2C6,ON,1,8D0riP6OYLoQ_pPE7Q2MNQ,business
Cosmos Snack Bar,Montreal,35,"['Monday 7:0-17:0', 'Tuesday 7:0-17:0', 'Wednesday 7:0-17:0', 'Thursday 7:0-17:0', 'Friday 7:0-17:0', 'Saturday 7:0-17:0', 'Sunday 7:0-17:0']",Notre-Dame-de-Grâce,"['Breakfast & Brunch', 'Nightlife', 'Bars', 'Sandwiches', 'Restaurants']",45.4696099,4.5,"['Alcohol: none', ""Ambience: {'romantic': False, 'intimate': False, 'classy': False, 'hipster': False, 'touristy': False, 'trendy': False, 'upscale': False, 'casual': True}"", 'BikeParking: True', 'BusinessAcceptsCreditCards: False', ""BusinessParking: {'garage': False, 'street': True, 'validated': False, 'lot': False, 'valet': False}"", 'Caters: False', 'GoodForKids: True', ""GoodForMeal: {'dessert': False, 'latenight': False, 'lunch': False, 'dinner': False, 'breakfast': True, 'brunch': True}"", 'HasTV: False', 'NoiseLevel: average', 'OutdoorSeating: True', 'RestaurantsAttire: casual', 'RestaurantsDelivery: False', 'RestaurantsGoodForGroups: False', 'RestaurantsPriceRange2: 1', 'RestaurantsReservations: False', 'RestaurantsTableService: False', 'RestaurantsTakeOut: True', 'WheelchairAccessible: True', 'WiFi: no']",-73.618324,5843 Rue Sherbrooke  W,H4A 1X4,QC,1,N52YfkFdHjZpdUV_-nkJbw,business
Mariko Japanese Restaurant,Toronto,13,,Ryerson,"['Japanese', 'Restaurants']",43.6579674,2.0,"['BusinessAcceptsCreditCards: True', ""BusinessParking: {'garage': False, 'street': False, 'validated': False, 'lot': False, 'valet': False}"", 'GoodForKids: True', ""GoodForMeal: {'dessert': False, 'latenight': False, 'lunch': False, 'dinner': False, 'breakfast': False, 'brunch': False}"", 'HasTV: False', 'NoiseLevel: quiet', 'OutdoorSeating: False', 'RestaurantsAttire: casual', 'RestaurantsDelivery: True', 'RestaurantsGoodForGroups: False', 'RestaurantsPriceRange2: 2', 'RestaurantsTableService: True', 'RestaurantsTakeOut: True']",-79.3814646,355 Yonge St,M5B 1S1,ON,0,7cGiBx1s4W5GHC1SbAsmGA,business
Oakdale Inn,Oakdale,4,,,"['Restaurants', 'Karaoke', 'Chicken Wings', 'Nightlife']",40.39838,3.5,,-80.186573,5200 Noblestown Rd,15071,PA,1,j8INaXpsUvQVzU0nkTZF2g,business
Shirin Mahal Bakery & Sweets,Mississauga,11,,,"['Restaurants', 'Pakistani']",43.6349989,3.0,"['Alcohol: none', ""Ambience: {'romantic': False, 'intimate': False, 'classy': False, 'hipster': False, 'touristy': False, 'trendy': False, 'upscale': False, 'casual': False}"", 'BikeParking: False', 'BusinessAcceptsCreditCards: True', ""BusinessParking: {'garage': False, 'street': False, 'validated': False, 'lot': False, 'valet': False}"", 'Caters: True', 'GoodForKids: True', ""GoodForMeal: {'dessert': False, 'latenight': False, 'lunch': False, 'dinner': False, 'breakfast': False, 'brunch': False}"", 'HasTV: True', 'NoiseLevel: quiet', 'OutdoorSeating: False', 'RestaurantsAttire: casual', 'RestaurantsDelivery: False', 'RestaurantsGoodForGroups: True', 'RestaurantsPriceRange2: 2', 'RestaurantsReservations: False', 'RestaurantsTableService: False', 'RestaurantsTakeOut: True', 'WiFi: no']",-79.6225719,1325 Eglinton Ave E,L4W 4L9,ON,1,EXp2vn26y90_2z52Kd3Sfg,business
Sarku Japan,Pineville,5,,,['Restaurants'],35.0822,3.0,"[""Ambience: {'romantic': False, 'intimate': False, 'classy': False, 'hipster': False, 'divey': False, 'touristy': False, 'trendy': False, 'upscale': False, 'casual': False}"", 'BikeParking: True', 'BusinessAcceptsCreditCards: True', 'GoodForKids: True', ""GoodForMeal: {'dessert': False, 'latenight': False, 'lunch': False, 'dinner': False, 'breakfast': False, 'brunch': False}"", 'HasTV: False', 'OutdoorSeating: True', 'RestaurantsAttire: casual', 'RestaurantsDelivery: False', 'RestaurantsGoodForGroups: True', 'RestaurantsPriceRange2: 1', 'RestaurantsReservations: False', 'RestaurantsTableService: False', 'RestaurantsTakeOut: True']",-80.8772242,11025 Carolina Place Pkwy,28134,NC,1,O8HVCZ89WMjHD2PcyeYjXA,business
Hotel Restaurant Hirsch,Leonberg,8,"['Monday 11:30-22:30', 'Tuesday 11:30-22:30', 'Wednesday 11:30-22:30', 'Thursday 11:30-22:30', 'Friday 11:30-22:30', 'Saturday 11:30-22:30', 'Sunday 11:30-22:30']",,"['Event Planning & Services', 'Hotels', 'Hotels & Travel', 'German', 'Bars', 'Nightlife', 'Restaurants', 'Wine Bars']",48.7896,4.5,"['BusinessAcceptsCreditCards: False', ""BusinessParking: {'garage': False, 'street': False, 'validated': False, 'lot': False, 'valet': False}"", 'DogsAllowed: False', 'GoodForKids: True', ""GoodForMeal: {'dessert': False, 'latenight': False, 'lunch': False, 'dinner': False, 'breakfast': False, 'brunch': False}"", 'HappyHour: False', 'HasTV: True', 'OutdoorSeating: False', 'RestaurantsAttire: casual', 'RestaurantsDelivery: False', 'RestaurantsGoodForGroups: True', 'RestaurantsPriceRange2: 3', 'RestaurantsReservations: True', 'RestaurantsTakeOut: False', 'Smoking: no', 'WiFi: free']",9.00758,Hindenburgstr. 1,71229,BW,1,jllOTnaYflB6xCjoKXjkyg,business
Zoup!,Mississauga,8,"['Monday 11:0-20:0', 'Tuesday 11:0-20:0', 'Wednesday 11:0-20:0', 'Thursday 11:0-20:0', 'Friday 11:0-20:0', 'Saturday 11:0-17:0']",,"['Restaurants', 'Sandwiches', 'Salad', 'Soup']",43.6373422,3.0,"['Alcohol: none', ""Ambience: {'romantic': False, 'intimate': False, 'classy': False, 'hipster': False, 'touristy': False, 'trendy': False, 'upscale': False, 'casual': False}"", 'BikeParking: True', ""BusinessParking: {'garage': False, 'street': False, 'validated': False, 'lot': False, 'valet': False}"", 'Caters: True', 'GoodForKids: True', ""GoodForMeal: {'dessert': False, 'latenight': False, 'lunch': False, 'dinner': False, 'breakfast': False, 'brunch': False}"", 'HasTV: True', 'OutdoorSeating: False', 'RestaurantsAttire: casual', 'RestaurantsDelivery: True', 'RestaurantsGoodForGroups: True', 'RestaurantsPriceRange2: 2', 'RestaurantsReservations: False', 'RestaurantsTakeOut: True', 'WiFi: free']",-79.6227499,"5083 Dixie Rd, Unit D6",L4W 5K1,ON,1,kjQGl-ZpXQWPx4GcuFvHjg,business
First Choice Restaurant,Toronto,3,,Discovery District,"['Restaurants', 'Portuguese']",43.655414,1.5,"[""GoodForMeal: {'dessert': False, 'latenight': False, 'lunch': False, 'dinner': False, 'breakfast': False, 'brunch': False}"", 'OutdoorSeating: True', 'RestaurantsDelivery: False']",-79.385191,1116 Dundas Street W,M5G 1C3,ON,1,6NSltpIpF13-zQElQPWBEQ,business
Panda Express,Phoenix,34,"['Monday 9:30-21:30', 'Tuesday 9:30-21:30', 'Wednesday 9:30-21:30', 'Thursday 9:30-21:30', 'Friday 9:30-22:0', 'Saturday 9:30-22:0', 'Sunday 9:30-21:30']",,"['Fast Food', 'Chinese', 'Restaurants']",33.4950562,2.5,"['Alcohol: none', ""Ambience: {'romantic': False, 'intimate': False, 'classy': False, 'hipster': False, 'divey': False, 'touristy': False, 'trendy': False, 'upscale': False, 'casual': True}"", 'BikeParking: False', 'BusinessAcceptsCreditCards: True', ""BusinessParking: {'garage': False, 'street': False, 'validated': False, 'lot': True, 'valet': False}"", 'Caters: True', 'DriveThru: True', 'GoodForKids: True', ""GoodForMeal: {'dessert': False, 'latenight': False, 'lunch': True, 'dinner': False, 'breakfast': False, 'brunch': False}"", 'HasTV: False', 'NoiseLevel: average', 'OutdoorSeating: False', 'RestaurantsAttire: casual', 'RestaurantsDelivery: False', 'RestaurantsGoodForGroups: True', 'RestaurantsPriceRange2: 1', 'RestaurantsReservations: False', 'RestaurantsTableService: False', 'RestaurantsTakeOut: True', 'WiFi: no']",-112.0612829,998 E Indian School Rd,85014,AZ,1,LpdW1vh1AVm5QznEL5j03g,business
Mediterranean Buffet,Phoenix,27,,,"['Restaurants', 'Buffets']",33.508282,2.5,"[""Ambience: {'romantic': False, 'intimate': False, 'classy': False, 'hipster': False, 'divey': False, 'touristy': False, 'trendy': False, 'upscale': False, 'casual': True}"", 'BusinessAcceptsCreditCards: True', ""BusinessParking: {'garage': False, 'street': False, 'validated': False, 'lot': True, 'valet': False}"", 'Caters: False', 'GoodForKids: True', ""GoodForMeal: {'dessert': False, 'latenight': False, 'lunch': True, 'dinner': True, 'breakfast': False, 'brunch': False}"", 'HasTV: False', 'NoiseLevel: average', 'OutdoorSeating: False', 'RestaurantsAttire: casual', 'RestaurantsDelivery: False', 'RestaurantsGoodForGroups: True', 'RestaurantsPriceRange2: 2', 'RestaurantsReservations: True', 'RestaurantsTableService: True', 'RestaurantsTakeOut: True', 'WiFi: no']",-112.048136,1575 E Camelback  Rd,85014,AZ,0,cLL_FCIItPh1DH-h78cb4w,business
Ital Sandwiches,Brampton,6,"['Monday 10:30-19:0', 'Tuesday 10:30-19:0', 'Wednesday 10:30-19:0', 'Thursday 10:30-19:0', 'Friday 10:30-19:0', 'Saturday 10:30-16:0']",,"['Sandwiches', 'Food', 'Restaurants', 'Salad']",43.7474058,4.5,"['Alcohol: none', ""Ambience: {'romantic': False, 'intimate': False, 'classy': False, 'hipster': False, 'touristy': False, 'trendy': False, 'upscale': False, 'casual': False}"", 'BikeParking: True', ""BusinessParking: {'garage': False, 'street': False, 'validated': False, 'lot': True, 'valet': False}"", 'Caters: True', 'GoodForKids: True', ""GoodForMeal: {'dessert': False, 'latenight': False, 'lunch': False, 'dinner': False, 'breakfast': False, 'brunch': False}"", 'HasTV: True', 'NoiseLevel: average', 'OutdoorSeating: False', 'RestaurantsAttire: casual', 'RestaurantsDelivery: True', 'RestaurantsGoodForGroups: True', 'RestaurantsPriceRange2: 2', 'RestaurantsReservations: False', 'RestaurantsTableService: False', 'RestaurantsTakeOut: True']",-79.694624,"90 Maritime Ontario Boulevard, Unit 61",L6S,ON,1,BO2PgBWZpJQC8dUYAIOhPQ,business
In-N-Out Burger,Las Vegas,46,"['Monday 10:30-1:0', 'Tuesday 10:30-1:0', 'Wednesday 10:30-1:0', 'Thursday 10:30-1:0', 'Friday 10:30-1:30', 'Saturday 10:30-1:30', 'Sunday 10:30-1:0']",Sunrise,"['Burgers', 'Fast Food', 'Restaurants']",36.1608412,4.0,"['Alcohol: none', ""Ambience: {'romantic': False, 'intimate': False, 'classy': False, 'hipster': False, 'divey': False, 'touristy': False, 'trendy': False, 'upscale': False, 'casual': True}"", 'BikeParking: True', 'BusinessAcceptsCreditCards: True', ""BusinessParking: {'garage': False, 'street': False, 'validated': False, 'lot': True, 'valet': False}"", 'Caters: False', 'DriveThru: True', 'GoodForKids: True', ""GoodForMeal: {'dessert': False, 'latenight': True, 'lunch': True, 'dinner': True, 'breakfast': False, 'brunch': False}"", 'HasTV: False', 'NoiseLevel: average', 'OutdoorSeating: True', 'RestaurantsAttire: casual', 'RestaurantsDelivery: False', 'RestaurantsGoodForGroups: True', 'RestaurantsPriceRange2: 1', 'RestaurantsReservations: False', 'RestaurantsTableService: False', 'RestaurantsTakeOut: True', 'WheelchairAccessible: True', 'WiFi: no']",-115.0627204,51 N Nellis,89110,NV,1,tgXiIcCoKYfg-hm8yLxenQ,business
Royal Boonsik,Toronto,26,"['Monday 11:0-21:0', 'Tuesday 11:0-21:0', 'Wednesday 11:0-21:0', 'Thursday 11:0-21:0', 'Friday 11:0-21:0', 'Saturday 11:0-21:0']",Koreatown,"['Grocery', 'Restaurants', 'Korean', 'Food']",43.6641693,4.0,"['Alcohol: none', ""Ambience: {'romantic': False, 'intimate': False, 'classy': False, 'hipster': False, 'touristy': False, 'trendy': False, 'upscale': False, 'casual': True}"", 'BikeParking: True', 'BusinessAcceptsCreditCards: True', ""BusinessParking: {'garage': False, 'street': True, 'validated': False, 'lot': False, 'valet': False}"", 'GoodForKids: True', ""GoodForMeal: {'dessert': False, 'latenight': False, 'lunch': False, 'dinner': False, 'breakfast': False, 'brunch': False}"", 'HasTV: False', 'NoiseLevel: quiet', 'OutdoorSeating: False', 'RestaurantsAttire: casual', 'RestaurantsDelivery: False', 'RestaurantsGoodForGroups: True', 'RestaurantsPriceRange2: 1', 'RestaurantsReservations: False', 'RestaurantsTableService: True', 'RestaurantsTakeOut: True', 'WiFi: no']",-79.4151618,647 Bloor Street W,M6G 1L1,ON,1,4-YKQyhDR2bZ26AYgZ7aFg,business
Odaki,Montréal,36,"['Monday 11:30-10:30', 'Tuesday 11:30-10:30', 'Wednesday 11:30-10:30', 'Thursday 11:30-10:30', 'Friday 11:30-23:0', 'Saturday 12:0-23:0', 'Sunday 12:0-22:30']",Plateau-Mont-Royal,"['Japanese', 'Restaurants']",45.5166724,2.5,"['Alcohol: beer_and_wine', ""Ambience: {'romantic': False, 'intimate': False, 'classy': False, 'hipster': False, 'touristy': False, 'trendy': False, 'upscale': False, 'casual': True}"", 'BikeParking: True', 'BusinessAcceptsCreditCards: True', ""BusinessParking: {'garage': False, 'street': False, 'validated': False, 'lot': True, 'valet': False}"", 'Caters: False', 'GoodForKids: True', ""GoodForMeal: {'dessert': False, 'latenight': False, 'lunch': False, 'dinner': True, 'breakfast': False, 'brunch': False}"", 'HasTV: True', 'NoiseLevel: quiet', 'OutdoorSeating: False', 'RestaurantsAttire: casual', 'RestaurantsDelivery: False', 'RestaurantsGoodForGroups: True', 'RestaurantsPriceRange2: 2', 'RestaurantsReservations: True', 'RestaurantsTableService: True', 'RestaurantsTakeOut: True', 'WheelchairAccessible: True', 'WiFi: no']",-73.5784367,3977 Boulevard Saint-Laurant,H2W 1Y4,QC,0,euaPhC6BsaIEIBk2AWPZVw,business
Dallas BBQ,Montréal,5,"['Monday 10:0-22:0', 'Tuesday 10:0-22:0', 'Wednesday 10:0-22:0', 'Thursday 10:0-22:0', 'Friday 10:0-22:0', 'Saturday 10:0-23:0', 'Sunday 10:0-23:0']",Rosemont-La Petite-Patrie,"['Steakhouses', 'Restaurants', 'Barbeque']",45.5686843,2.5,"['Alcohol: beer_and_wine', ""Ambience: {'romantic': False, 'intimate': False, 'classy': False, 'hipster': False, 'touristy': False, 'trendy': False, 'upscale': False, 'casual': False}"", 'BikeParking: False', 'BusinessAcceptsCreditCards: True', ""BusinessParking: {'garage': False, 'street': False, 'validated': False, 'lot': False, 'valet': False}"", 'Caters: False', 'GoodForKids: True', 'HasTV: False', 'NoiseLevel: average', 'OutdoorSeating: True', 'RestaurantsAttire: casual', 'RestaurantsDelivery: True', 'RestaurantsGoodForGroups: True', 'RestaurantsPriceRange2: 2', 'RestaurantsReservations: True', 'RestaurantsTableService: False', 'RestaurantsTakeOut: True', 'WiFi: no']",-73.5522139,5350 Rue Sherbrooke Est,H1N 1A1,QC,0,sBxCqIgVa5QISgD10k18bQ,business
La Madeline,Phoenix,19,,,"['Airports', 'Breakfast & Brunch', 'Hotels & Travel', 'French', 'Cafes', 'Restaurants', 'Fast Food']",33.4374872784,3.0,"['Alcohol: none', ""Ambience: {'romantic': False, 'intimate': False, 'classy': False, 'hipster': False, 'divey': False, 'touristy': False, 'trendy': False, 'upscale': False, 'casual': False}"", 'BikeParking: False', 'BusinessAcceptsCreditCards: True', 'GoodForKids: True', ""GoodForMeal: {'dessert': False, 'latenight': False, 'lunch': False, 'dinner': False, 'breakfast': False, 'brunch': False}"", 'HasTV: False', 'OutdoorSeating: True', 'RestaurantsAttire: casual', 'RestaurantsDelivery: False', 'RestaurantsGoodForGroups: False', 'RestaurantsPriceRange2: 2', 'RestaurantsReservations: False', 'RestaurantsTakeOut: True']",-111.994592218,3400 E Sky Harbor Blvd,85034,AZ,1,NJ9K8tHT8YLN60FXvV7cyA,business
Panera Bread,Solon,18,"['Monday 6:30-21:0', 'Tuesday 6:30-21:0', 'Wednesday 6:30-21:0', 'Thursday 6:30-21:0', 'Friday 6:30-21:0', 'Saturday 6:30-21:0', 'Sunday 7:0-20:0']",,"['Restaurants', 'Bakeries', 'Salad', 'Breakfast & Brunch', 'Bagels', 'Sandwiches', 'Soup', 'Food']",41.392065,2.0,"['Alcohol: none', ""Ambience: {'romantic': False, 'intimate': False, 'classy': False, 'hipster': False, 'divey': False, 'touristy': False, 'trendy': False, 'upscale': False, 'casual': True}"", 'BikeParking: True', 'BusinessAcceptsCreditCards: True', ""BusinessParking: {'garage': False, 'street': False, 'validated': False, 'lot': True, 'valet': False}"", 'Caters: True', 'GoodForKids: True', ""GoodForMeal: {'dessert': False, 'latenight': False, 'lunch': True, 'dinner': False, 'breakfast': False, 'brunch': False}"", 'HasTV: False', 'NoiseLevel: loud', 'OutdoorSeating: True', 'RestaurantsAttire: casual', 'RestaurantsDelivery: False', 'RestaurantsGoodForGroups: True', 'RestaurantsPriceRange2: 1', 'RestaurantsReservations: False', 'RestaurantsTableService: False', 'RestaurantsTakeOut: True', 'WheelchairAccessible: True', 'WiFi: free']",-81.442852,6130 Kruse Dr,44139,OH,1,uAWzy09FzoEotAtbHsQcwQ,business
Subway,Toronto,3,"['Monday 0:0-0:0', 'Tuesday 0:0-0:0', 'Wednesday 0:0-0:0', 'Thursday 0:0-0:0', 'Friday 0:0-0:0', 'Saturday 0:0-0:0', 'Sunday 0:0-0:0']",Downtown Core,"['Fast Food', 'Restaurants', 'Sandwiches']",43.6613863,1.5,"['BusinessAcceptsCreditCards: False', 'RestaurantsDelivery: False', 'RestaurantsReservations: False', 'RestaurantsTakeOut: True']",-79.3806045,"45 Carlton Street, Unit 7",M5B 2H9,ON,1,JFX1lf5vxJAMzAGJV_MMjQ,business
China China Express,North York,6,,,"['Food', 'Ethnic Food', 'Restaurants', 'Chinese', 'Imported Food', 'Specialty Food']",43.7886595,2.5,"['NoiseLevel: average', 'OutdoorSeating: False', 'WiFi: no']",-79.329337,2836 Av Victoria Park,M2J 4A8,ON,1,adFNDERYHRP_Fjq9ipUXqA,business
Mr. Gao,Montréal,6,,Ville-Marie,"['Restaurants', 'Chinese']",45.4959268,4.5,"[""Ambience: {'romantic': False, 'intimate': False, 'classy': False, 'hipster': False, 'touristy': False, 'trendy': False, 'upscale': False, 'casual': False}"", 'BusinessAcceptsCreditCards: True', 'GoodForKids: True', ""GoodForMeal: {'dessert': False, 'latenight': False, 'lunch': False, 'dinner': False, 'breakfast': False, 'brunch': False}"", 'HasTV: True', 'NoiseLevel: average', 'RestaurantsAttire: casual', 'RestaurantsGoodForGroups: True', 'RestaurantsPriceRange2: 2']",-73.5788435,1550 boulevard de Maisonneuve Ouest,H3G 1N2,QC,1,GaSR7qrkR5x0ubKe0av0rQ,business
Jimmy John's,Urbana,15,"['Monday 10:0-23:0', 'Tuesday 10:0-23:0', 'Wednesday 10:0-23:0', 'Thursday 10:0-23:0', 'Friday 10:0-0:0', 'Saturday 10:0-23:0', 'Sunday 10:0-23:0']",,"['Restaurants', 'Food Delivery Services', 'Delis', 'Food', 'Sandwiches']",40.116832,2.5,"['Alcohol: none', ""Ambience: {'romantic': False, 'intimate': False, 'classy': False, 'hipster': False, 'divey': False, 'touristy': False, 'trendy': False, 'upscale': False, 'casual': False}"", 'BikeParking: True', 'BusinessAcceptsCreditCards: True', ""BusinessParking: {'garage': False, 'street': False, 'validated': False, 'lot': False, 'valet': False}"", 'Caters: True', 'GoodForKids: True', ""GoodForMeal: {'dessert': False, 'latenight': False, 'lunch': True, 'dinner': False, 'breakfast': False, 'brunch': False}"", 'HasTV: False', 'NoiseLevel: loud', 'OutdoorSeating: True', 'RestaurantsAttire: casual', 'RestaurantsDelivery: True', 'RestaurantsGoodForGroups: True', 'RestaurantsPriceRange2: 1', 'RestaurantsReservations: False', 'RestaurantsTableService: False', 'RestaurantsTakeOut: True']",-88.207131,"102 E University, Ste A",61801,IL,1,uf8WNaHKKssMUbQVg8nJ7g,business
Gourmet Pasta,Edinburgh,11,"['Monday 9:0-17:30', 'Tuesday 9:0-17:30', 'Wednesday 9:0-17:30', 'Thursday 9:0-17:30', 'Friday 9:0-18:0', 'Saturday 9:0-18:0']",,"['Restaurants', 'Delis', 'Food', 'Specialty Food']",55.9326487,4.5,"['BusinessAcceptsCreditCards: True', 'RestaurantsPriceRange2: 1', 'RestaurantsTakeOut: True']",-3.2101603,54/56 Morningside Road,EH10 4BZ,EDH,0,J6n-P8InsDe8dGf5TC1bXw,business
El Birotazo,Las Vegas,38,"['Monday 9:0-19:0', 'Tuesday 9:0-19:0', 'Wednesday 9:0-19:0', 'Thursday 9:0-19:0', 'Friday 9:0-19:0', 'Saturday 9:0-19:0', 'Sunday 9:0-19:0']",Sunrise,"['Restaurants', 'Mexican']",36.1593088,4.0,"['Alcohol: beer_and_wine', ""Ambience: {'romantic': False, 'intimate': False, 'classy': False, 'hipster': False, 'divey': False, 'touristy': False, 'trendy': False, 'upscale': False, 'casual': True}"", 'BikeParking: False', 'BusinessAcceptsCreditCards: True', ""BusinessParking: {'garage': False, 'street': False, 'validated': False, 'lot': True, 'valet': False}"", 'Caters: False', 'GoodForKids: True', ""GoodForMeal: {'dessert': False, 'latenight': False, 'lunch': True, 'dinner': True, 'breakfast': False, 'brunch': False}"", 'HasTV: True', 'NoiseLevel: average', 'OutdoorSeating: False', 'RestaurantsAttire: casual', 'RestaurantsDelivery: False', 'RestaurantsGoodForGroups: False', 'RestaurantsPriceRange2: 1', 'RestaurantsReservations: False', 'RestaurantsTableService: True', 'RestaurantsTakeOut: True', 'WiFi: no']",-115.0823087,4262 E Charleston Blvd,89104,NV,1,8zh9Uts1H32Cqfbar44TLw,business
Bottles & Burgers By Double Helix,Las Vegas,82,"['Monday 11:0-23:0', 'Tuesday 11:0-23:0', 'Wednesday 11:0-23:0', 'Thursday 11:0-23:0', 'Friday 11:0-23:0', 'Saturday 11:0-23:0', 'Sunday 11:0-23:0']",Westside,"['Burgers', 'Beer', 'Wine & Spirits', 'Food', 'Restaurants']",36.1672912,3.0,"['Alcohol: full_bar', ""Ambience: {'romantic': False, 'intimate': False, 'classy': False, 'hipster': False, 'divey': False, 'touristy': False, 'trendy': False, 'upscale': False, 'casual': True}"", 'BusinessAcceptsCreditCards: True', ""BusinessParking: {'garage': False, 'street': False, 'validated': False, 'lot': True, 'valet': False}"", 'DogsAllowed: True', 'DriveThru: False', 'GoodForKids: False', ""GoodForMeal: {'dessert': False, 'latenight': False, 'lunch': True, 'dinner': True, 'breakfast': False, 'brunch': False}"", 'HasTV: True', 'NoiseLevel: average', 'OutdoorSeating: True', 'RestaurantsAttire: casual', 'RestaurantsDelivery: False', 'RestaurantsGoodForGroups: True', 'RestaurantsPriceRange2: 2', 'RestaurantsReservations: True', 'RestaurantsTableService: True', 'RestaurantsTakeOut: True', 'WheelchairAccessible: True', 'WiFi: free']",-115.2869529,"450 S Rampart Blvd, Ste 120",89145,NV,0,eDn45jTzYgCXhG4a_1wykQ,business
The Willeyville,Cleveland,106,"['Monday 11:30-21:30', 'Tuesday 11:30-21:30', 'Wednesday 11:30-21:30', 'Thursday 11:30-21:30', 'Friday 11:30-22:0', 'Saturday 17:0-22:0']",East Bank,"['Chicken Wings', 'Restaurants', 'American (New)']",41.5010085456,4.0,"['Alcohol: full_bar', ""Ambience: {'romantic': False, 'intimate': False, 'classy': False, 'hipster': False, 'divey': False, 'touristy': False, 'trendy': True, 'upscale': False, 'casual': False}"", 'BikeParking: True', 'BusinessAcceptsCreditCards: True', ""BusinessParking: {'garage': True, 'street': False, 'validated': False, 'lot': False, 'valet': True}"", 'Caters: True', 'GoodForKids: False', ""GoodForMeal: {'dessert': False, 'latenight': False, 'lunch': False, 'dinner': True, 'breakfast': False, 'brunch': False}"", 'HasTV: True', 'NoiseLevel: average', 'OutdoorSeating: True', 'RestaurantsAttire: casual', 'RestaurantsDelivery: False', 'RestaurantsGoodForGroups: True', 'RestaurantsPriceRange2: 2', 'RestaurantsReservations: True', 'RestaurantsTableService: True', 'RestaurantsTakeOut: True', 'WheelchairAccessible: True', 'WiFi: free']",-81.7043595079,1051 W 10th St,44113,OH,0,ZLPAP1YKL56ODigLn4wd3w,business
Payless Pizza,Las Vegas,8,,Westside,"['Restaurants', 'Pizza']",36.1669449,2.0,"['GoodForKids: False', ""GoodForMeal: {'dessert': False, 'latenight': False, 'lunch': False, 'dinner': False, 'breakfast': False, 'brunch': False}"", 'NoiseLevel: quiet', 'RestaurantsDelivery: True']",-115.205034,463 S Decatur Blvd,89107,NV,1,GtrKMt4SFqh7eBl2CKeOIQ,business
Salsa's Mexican Restaurant,Stallings,11,,,"['Mexican', 'Restaurants']",35.1415282,2.5,"['Alcohol: full_bar', ""Ambience: {'romantic': False, 'intimate': False, 'classy': False, 'hipster': False, 'divey': False, 'touristy': False, 'trendy': False, 'upscale': False, 'casual': False}"", 'BusinessAcceptsCreditCards: True', ""BusinessParking: {'garage': False, 'street': False, 'validated': False, 'lot': False, 'valet': False}"", 'Caters: True', 'GoodForKids: True', ""GoodForMeal: {'dessert': False, 'latenight': False, 'lunch': False, 'dinner': False, 'breakfast': False, 'brunch': False}"", 'HasTV: True', 'NoiseLevel: average', 'OutdoorSeating: True', 'RestaurantsAttire: casual', 'RestaurantsDelivery: False', 'RestaurantsGoodForGroups: True', 'RestaurantsPriceRange2: 1', 'RestaurantsReservations: True', 'RestaurantsTableService: True', 'RestaurantsTakeOut: True']",-80.6251282,7900 Stevens Mill Rd,28104,NC,0,NMHyFtEj-AX0FuG3CaAzpA,business
Earls Kitchen + Bar,Toronto,285,"['Monday 11:30-2:0', 'Tuesday 11:30-2:0', 'Wednesday 11:30-2:0', 'Thursday 11:30-2:0', 'Friday 11:30-2:0', 'Saturday 11:0-2:0', 'Sunday 11:0-2:0']",Financial District,"['Bars', 'American (Traditional)', 'Comfort Food', 'Cocktail Bars', 'Nightlife', 'American (New)', 'Canadian (New)', 'Restaurants']",43.6480134621,3.5,"['Alcohol: full_bar', ""Ambience: {'romantic': False, 'intimate': False, 'classy': False, 'hipster': False, 'touristy': False, 'trendy': True, 'upscale': False, 'casual': False}"", ""BestNights: {'monday': False, 'tuesday': False, 'friday': True, 'wednesday': False, 'thursday': True, 'sunday': False, 'saturday': True}"", 'BikeParking: True', 'BusinessAcceptsCreditCards: True', ""BusinessParking: {'garage': False, 'street': True, 'validated': False, 'lot': False, 'valet': False}"", 'Caters: False', 'CoatCheck: False', 'GoodForDancing: False', 'GoodForKids: False', ""GoodForMeal: {'dessert': False, 'latenight': False, 'lunch': True, 'dinner': True, 'breakfast': False, 'brunch': False}"", 'HappyHour: True', 'HasTV: True', ""Music: {'dj': False, 'background_music': True, 'no_music': False, 'karaoke': False, 'live': False, 'video': False, 'jukebox': False}"", 'NoiseLevel: loud', 'OutdoorSeating: True', 'RestaurantsAttire: casual', 'RestaurantsDelivery: False', 'RestaurantsGoodForGroups: True', 'RestaurantsPriceRange2: 2', 'RestaurantsReservations: True', 'RestaurantsTableService: True', 'RestaurantsTakeOut: True', 'Smoking: no', 'WiFi: free']",-79.3839246431,"150 King Street West, Unit 100",V5H 1J9,ON,1,QFPS9JBNdOOHVP0C3pSslw,business
Pittsburgh Poultry Company,Pittsburgh,8,"['Monday 5:0-16:30', 'Tuesday 5:0-16:30', 'Wednesday 5:0-16:30', 'Thursday 5:0-16:30', 'Friday 5:0-16:30']",Downtown,"['Restaurants', 'Comfort Food', 'American (Traditional)']",40.4386855,4.0,"['BusinessAcceptsCreditCards: False', 'GoodForKids: True', 'RestaurantsDelivery: False', 'RestaurantsGoodForGroups: False', 'RestaurantsReservations: False', 'RestaurantsTakeOut: True']",-79.9985136,411 Cherry Way,15219,PA,0,zV-MIXhL1atiHTc1P1HRRA,business
Chez Doval,Montréal,37,"['Monday 11:0-0:0', 'Tuesday 11:0-0:0', 'Wednesday 11:0-0:0', 'Thursday 11:0-0:0', 'Friday 11:0-0:0', 'Saturday 11:0-0:0', 'Sunday 11:0-0:0']",Plateau-Mont-Royal,"['Portuguese', 'Seafood', 'Restaurants']",45.5205155,3.5,"['Alcohol: full_bar', ""Ambience: {'romantic': False, 'intimate': False, 'classy': False, 'hipster': False, 'touristy': False, 'trendy': False, 'upscale': False, 'casual': True}"", 'BikeParking: False', 'BusinessAcceptsCreditCards: True', ""BusinessParking: {'garage': False, 'street': True, 'validated': False, 'lot': False, 'valet': False}"", 'GoodForKids: True', ""GoodForMeal: {'dessert': False, 'latenight': False, 'lunch': True, 'dinner': True, 'breakfast': False, 'brunch': False}"", 'HasTV: True', 'NoiseLevel: loud', 'OutdoorSeating: False', 'RestaurantsAttire: casual', 'RestaurantsDelivery: False', 'RestaurantsGoodForGroups: True', 'RestaurantsPriceRange2: 2', 'RestaurantsReservations: True', 'RestaurantsTableService: True', 'RestaurantsTakeOut: True', 'WiFi: no']",-73.5826312,150 Rue Marie-Anne E,H2W 1A5,QC,1,noW4Uc5c_clw-A96UBcUyA,business
Starbucks,Toronto,12,"['Monday 9:0-21:0', 'Tuesday 9:0-21:0', 'Wednesday 9:0-21:0', 'Thursday 9:0-21:0', 'Friday 9:0-21:0', 'Saturday 8:0-20:0', 'Sunday 8:0-20:0']",Downtown Core,"['Coffee & Tea', 'Restaurants', 'Cafes', 'Food']",43.6449201,3.5,"[""Ambience: {'romantic': False, 'intimate': False, 'classy': False, 'hipster': False, 'touristy': False, 'trendy': False, 'upscale': False, 'casual': False}"", 'BikeParking: True', 'BusinessAcceptsCreditCards: True', ""BusinessParking: {'garage': False, 'street': False, 'validated': False, 'lot': False, 'valet': False}"", 'ByAppointmentOnly: False', 'Caters: False', ""GoodForMeal: {'dessert': False, 'latenight': False, 'lunch': False, 'dinner': False, 'breakfast': False, 'brunch': False}"", 'HasTV: False', 'NoiseLevel: average', 'OutdoorSeating: True', 'RestaurantsAttire: casual', 'RestaurantsDelivery: False', 'RestaurantsPriceRange2: 1', 'RestaurantsReservations: False', 'RestaurantsTakeOut: True', 'WiFi: free', 'GoodForKids: False', 'RestaurantsGoodForGroups: False']",-79.3833328,"123 Front Street W, Unit 1",M5J 2M2,ON,1,qpum_dXomddWLPKTZ5tPkg,business
Three Monkeys Tavern and Grill,Harrisburg,28,"['Monday 11:0-2:0', 'Tuesday 11:0-2:0', 'Wednesday 11:0-2:0', 'Thursday 11:0-2:0', 'Friday 11:0-2:0', 'Saturday 11:0-2:0', 'Sunday 0:0-2:0']",,"['Nightlife', 'Bars', 'Sports Bars', 'Restaurants', 'Burgers', 'American (Traditional)']",35.32706,3.5,"['Alcohol: full_bar', ""Ambience: {'romantic': False, 'intimate': False, 'classy': False, 'hipster': False, 'divey': False, 'touristy': False, 'trendy': False, 'upscale': False, 'casual': True}"", 'BikeParking: True', 'BusinessAcceptsBitcoin: False', 'BusinessAcceptsCreditCards: True', ""BusinessParking: {'garage': False, 'street': False, 'validated': False, 'lot': True, 'valet': False}"", 'Caters: True', 'CoatCheck: False', 'DogsAllowed: False', 'DriveThru: False', 'GoodForKids: True', 'HappyHour: False', 'HasTV: True', ""Music: {'dj': False, 'background_music': False, 'no_music': False, 'karaoke': False, 'live': False, 'video': False, 'jukebox': False}"", 'NoiseLevel: loud', 'OutdoorSeating: False', 'RestaurantsAttire: casual', 'RestaurantsDelivery: True', 'RestaurantsGoodForGroups: True', 'RestaurantsPriceRange2: 1', 'RestaurantsReservations: False', 'RestaurantsTableService: True', 'RestaurantsTakeOut: True', 'Smoking: outdoor', 'WheelchairAccessible: True', 'WiFi: free', 'GoodForDancing: False', ""GoodForMeal: {'dessert': False, 'latenight': True, 'lunch': False, 'dinner': True, 'breakfast': False, 'brunch': False}""]",-80.648073,4350 Main St,28075,NC,1,7wJmtqPXXfK3NB_E8oOUGg,business
Touhenboku Ramen Restaurant,Toronto,86,"['Monday 11:30-22:0', 'Tuesday 11:30-22:0', 'Wednesday 11:30-22:0', 'Thursday 11:30-22:0', 'Friday 11:30-22:0', 'Saturday 11:30-22:0', 'Sunday 11:30-21:30']",Mount Pleasant and Davisville,"['Ramen', 'Japanese', 'Restaurants', 'Noodles']",43.7114087,3.5,"['Alcohol: beer_and_wine', ""Ambience: {'romantic': False, 'intimate': False, 'classy': False, 'hipster': False, 'touristy': False, 'trendy': False, 'upscale': False, 'casual': True}"", 'BikeParking: True', 'BusinessAcceptsCreditCards: True', ""BusinessParking: {'garage': False, 'street': True, 'validated': False, 'lot': False, 'valet': False}"", 'Caters: False', 'GoodForKids: True', ""GoodForMeal: {'dessert': False, 'latenight': False, 'lunch': True, 'dinner': False, 'breakfast': False, 'brunch': False}"", 'HasTV: False', 'NoiseLevel: average', 'OutdoorSeating: False', 'RestaurantsAttire: casual', 'RestaurantsDelivery: False', 'RestaurantsGoodForGroups: True', 'RestaurantsPriceRange2: 2', 'RestaurantsReservations: True', 'RestaurantsTableService: True', 'RestaurantsTakeOut: True', 'WiFi: no']",-79.3993231,2459 Yonge Street,M4P,ON,1,0mGYvAFGxH9bGRqYHxS0BQ,business
Le Milsa,Laval,11,"['Monday 17:30-23:30', 'Tuesday 17:30-23:30', 'Wednesday 17:30-23:30', 'Thursday 17:30-23:30', 'Friday 17:30-0:0', 'Saturday 17:30-0:0', 'Sunday 17:30-23:30']",Laval,"['Restaurants', 'Buffets', 'Brazilian', 'Barbeque']",45.5764889499,2.5,"['Alcohol: full_bar', ""Ambience: {'romantic': False, 'intimate': False, 'classy': False, 'hipster': False, 'touristy': True, 'trendy': False, 'upscale': False, 'casual': False}"", 'BikeParking: False', 'BusinessAcceptsCreditCards: True', ""BusinessParking: {'garage': False, 'street': False, 'validated': False, 'lot': True, 'valet': False}"", 'Caters: False', 'DogsAllowed: False', 'GoodForKids: True', ""GoodForMeal: {'dessert': False, 'latenight': False, 'lunch': False, 'dinner': True, 'breakfast': False, 'brunch': False}"", 'HasTV: True', 'NoiseLevel: loud', 'OutdoorSeating: True', 'RestaurantsAttire: casual', 'RestaurantsDelivery: False', 'RestaurantsGoodForGroups: True', 'RestaurantsPriceRange2: 3', 'RestaurantsReservations: True', 'RestaurantsTableService: True', 'RestaurantsTakeOut: False', 'WheelchairAccessible: True', 'WiFi: no']",-73.7137208907,579 Boulevard Saint-Martin Ouest,H7M 1Y9,QC,1,ZKkCYsyUVGJvNdraHSc1_Q,business
Yu Seafood,Richmond Hill,86,"['Monday 10:0-0:0', 'Tuesday 10:0-0:0', 'Wednesday 10:0-0:0', 'Thursday 10:0-0:0', 'Friday 10:0-0:0', 'Saturday 9:0-0:0', 'Sunday 9:0-0:0']",,"['Dim Sum', 'Seafood Markets', 'Food', 'Specialty Food', 'Chinese', 'Restaurants', 'Seafood']",43.8444463655,3.0,"['Alcohol: full_bar', 'BikeParking: False', 'BusinessAcceptsCreditCards: True', ""BusinessParking: {'garage': False, 'street': False, 'validated': False, 'lot': True, 'valet': False}"", 'Caters: False', 'GoodForKids: True', ""GoodForMeal: {'dessert': False, 'latenight': False, 'lunch': True, 'dinner': True, 'breakfast': False, 'brunch': True}"", 'HasTV: False', 'NoiseLevel: average', 'OutdoorSeating: False', 'RestaurantsAttire: casual', 'RestaurantsDelivery: False', 'RestaurantsGoodForGroups: True', 'RestaurantsPriceRange2: 2', 'RestaurantsReservations: True', 'RestaurantsTableService: True', 'RestaurantsTakeOut: True', 'WheelchairAccessible: True', 'WiFi: free', ""Ambience: {'romantic': False, 'intimate': False, 'classy': False, 'hipster': False, 'touristy': False, 'trendy': False, 'upscale': True, 'casual': False}""]",-79.3873978034,270 W Beaver Creek Road,L4B 3Z1,ON,1,eNFubUPJR7yIQah-NxZN_g,business
Goldstar Cafe,Oakville,9,"['Monday 8:0-21:0', 'Tuesday 8:0-21:0', 'Wednesday 8:0-21:0', 'Thursday 8:0-21:0', 'Friday 8:0-21:0', 'Saturday 8:0-21:0', 'Sunday 8:0-21:0']",,"['Food', 'Coffee & Tea', 'Restaurants', 'Bakeries', 'Sandwiches', 'Salad', 'Breakfast & Brunch']",43.4487151,4.5,"[""Ambience: {'romantic': False, 'intimate': False, 'classy': False, 'hipster': False, 'touristy': False, 'trendy': False, 'upscale': False, 'casual': False}"", 'BikeParking: False', 'BusinessAcceptsCreditCards: True', ""BusinessParking: {'garage': False, 'street': True, 'validated': False, 'lot': False, 'valet': False}"", 'Caters: False', 'DogsAllowed: False', 'GoodForKids: True', ""GoodForMeal: {'dessert': False, 'latenight': False, 'lunch': False, 'dinner': False, 'breakfast': False, 'brunch': False}"", 'HasTV: False', 'NoiseLevel: quiet', 'OutdoorSeating: True', 'RestaurantsAttire: casual', 'RestaurantsDelivery: False', 'RestaurantsGoodForGroups: True', 'RestaurantsPriceRange2: 1', 'RestaurantsReservations: True', 'RestaurantsTableService: True', 'RestaurantsTakeOut: True', 'WheelchairAccessible: True', 'WiFi: free', 'Alcohol: beer_and_wine']",-79.6647301,350 Lakeshore Road E,L6J 1J6,ON,1,gcKRFgpf8j9l1lNrE6u31w,business
That's Greek Cuisine,Etobicoke,7,,Etobicoke,"['Greek', 'Restaurants', 'Mediterranean']",43.6228202,3.0,"[""Ambience: {'romantic': False, 'intimate': False, 'classy': False, 'hipster': False, 'touristy': False, 'trendy': False, 'upscale': False, 'casual': False}"", 'BusinessAcceptsCreditCards: True', ""BusinessParking: {'garage': False, 'street': False, 'validated': False, 'lot': False, 'valet': False}"", 'Caters: True', 'GoodForKids: True', ""GoodForMeal: {'dessert': False, 'latenight': False, 'lunch': False, 'dinner': False, 'breakfast': False, 'brunch': False}"", 'OutdoorSeating: True', 'RestaurantsAttire: casual', 'RestaurantsGoodForGroups: True', 'RestaurantsPriceRange2: 2', 'RestaurantsTableService: True', 'RestaurantsTakeOut: True', 'WiFi: no']",-79.5179787,1045 the Queensway,M8Z 1R1,ON,0,xSCuXYDIRvwSnnCUHLQNzw,business
May Garden Restaurant,Phoenix,45,"['Monday 11:0-21:0', 'Tuesday 11:0-21:0', 'Wednesday 11:0-21:0', 'Thursday 11:0-21:0', 'Friday 11:0-21:0', 'Saturday 11:0-21:0', 'Sunday 11:0-21:0']",,"['Restaurants', 'Chinese', 'Buffets']",33.4954125,3.5,"['Alcohol: none', ""Ambience: {'romantic': False, 'intimate': False, 'classy': False, 'hipster': False, 'divey': False, 'touristy': False, 'trendy': False, 'upscale': False, 'casual': True}"", 'BikeParking: True', 'BusinessAcceptsCreditCards: True', ""BusinessParking: {'garage': False, 'street': False, 'validated': False, 'lot': True, 'valet': False}"", 'Caters: False', 'GoodForKids: True', 'HasTV: False', 'NoiseLevel: average', 'OutdoorSeating: False', 'RestaurantsAttire: casual', 'RestaurantsDelivery: False', 'RestaurantsGoodForGroups: True', 'RestaurantsPriceRange2: 1', 'RestaurantsReservations: False', 'RestaurantsTableService: True', 'RestaurantsTakeOut: True', 'WheelchairAccessible: True', 'WiFi: no', ""GoodForMeal: {'dessert': False, 'latenight': False, 'lunch': True, 'dinner': True, 'breakfast': False, 'brunch': False}""]",-112.1852187,5814 W Indian School Rd,85031,AZ,1,C5bmtDRAtl5iMGmBCF5prw,business
Café Des Alizés,Montréal,9,"['Monday 6:30-21:0', 'Tuesday 6:30-21:0', 'Wednesday 6:30-21:0', 'Thursday 6:30-21:0', 'Friday 6:30-21:0', 'Saturday 8:0-21:0', 'Sunday 8:0-21:0']",Mercier-Hochelaga-Maisonneuve,"['Cafes', 'Food', 'Restaurants', 'Sandwiches', 'Desserts', 'Coffee & Tea', 'Juice Bars & Smoothies', 'Internet Cafes']",45.5470875108,4.0,"['Alcohol: none', ""Ambience: {'romantic': False, 'intimate': False, 'classy': False, 'hipster': False, 'touristy': False, 'trendy': False, 'upscale': False, 'casual': False}"", 'BikeParking: True', 'BusinessAcceptsCreditCards: True', ""BusinessParking: {'garage': False, 'street': True, 'validated': False, 'lot': False, 'valet': False}"", 'Caters: True', 'DogsAllowed: True', 'GoodForKids: True', ""GoodForMeal: {'dessert': False, 'latenight': False, 'lunch': False, 'dinner': False, 'breakfast': False, 'brunch': False}"", 'HasTV: False', 'OutdoorSeating: True', 'RestaurantsAttire: casual', 'RestaurantsDelivery: False', 'RestaurantsGoodForGroups: True', 'RestaurantsPriceRange2: 1', 'RestaurantsReservations: True', 'RestaurantsTableService: True', 'RestaurantsTakeOut: True', 'WheelchairAccessible: True', 'WiFi: free']",-73.5435587168,3776 Ontario E,H1W,QC,1,0FeAiSKw6CnqZoLgMsfZGQ,business
Rooster's Uptown,Charlotte,290,"['Monday 11:0-22:0', 'Tuesday 11:0-22:0', 'Wednesday 11:0-22:0', 'Thursday 11:0-22:0', 'Friday 11:0-22:0', 'Saturday 16:0-23:0']",First Ward,"['Restaurants', 'American (New)', 'Italian', 'French']",35.2270713962,4.0,"['Alcohol: full_bar', ""Ambience: {'romantic': False, 'intimate': False, 'classy': False, 'hipster': False, 'divey': False, 'touristy': False, 'trendy': True, 'upscale': False, 'casual': False}"", 'BikeParking: True', 'BusinessAcceptsCreditCards: True', ""BusinessParking: {'garage': True, 'street': False, 'validated': True, 'lot': False, 'valet': False}"", 'Caters: True', 'GoodForKids: False', ""GoodForMeal: {'dessert': False, 'latenight': False, 'lunch': False, 'dinner': True, 'breakfast': False, 'brunch': False}"", 'HasTV: False', 'NoiseLevel: average', 'OutdoorSeating: False', 'RestaurantsAttire: casual', 'RestaurantsDelivery: False', 'RestaurantsGoodForGroups: True', 'RestaurantsPriceRange2: 2', 'RestaurantsReservations: True', 'RestaurantsTableService: True', 'RestaurantsTakeOut: True', 'WheelchairAccessible: True', 'WiFi: free']",-80.8412452111,150 N College St,28202,NC,1,5fquJHY2hMX9tPRD5s0t5g,business
Pizza Nova,Scarborough,5,,Scarborough,"['Pizza', 'Restaurants']",43.7753394,5.0,"['BusinessAcceptsCreditCards: True', 'GoodForKids: True', 'RestaurantsGoodForGroups: True', 'RestaurantsPriceRange2: 2', 'RestaurantsReservations: False', 'RestaurantsTakeOut: True']",-79.2728636,2247 Midland Ave,M1P 4R1,ON,1,JpBx7K0z5P0wZz6Lj92HYw,business
McDonald's,Lower Burrell,7,,,"['Fast Food', 'Restaurants', 'Burgers']",40.5909883,1.5,"['BusinessAcceptsCreditCards: True', 'GoodForKids: True', 'RestaurantsDelivery: False', 'RestaurantsReservations: False', 'RestaurantsTakeOut: True']",-79.735668,2741 Leechburg Rd,15068,PA,1,oqVcCVbwjcA1LXzGfR2z9w,business
241 Pizza,Toronto,11,,Dovercourt,"['Pizza', 'Restaurants']",43.660492,3.0,"['Alcohol: none', 'BusinessAcceptsCreditCards: True', ""BusinessParking: {'garage': False, 'street': False, 'validated': False, 'lot': False, 'valet': False}"", 'GoodForKids: True', ""GoodForMeal: {'dessert': False, 'latenight': False, 'lunch': False, 'dinner': False, 'breakfast': False, 'brunch': False}"", 'HasTV: False', 'OutdoorSeating: False', 'RestaurantsAttire: casual', 'RestaurantsDelivery: True', 'RestaurantsGoodForGroups: False', 'RestaurantsPriceRange2: 1', 'RestaurantsReservations: False', 'RestaurantsTableService: False', 'RestaurantsTakeOut: True', 'WiFi: no']",-79.4324156,1055 Bloor Street W,M6H 1M4,ON,1,ng93vMQLaUwLCvsz5t06tQ,business
Heaven's Grill,Toronto,10,,,"['Diners', 'Restaurants']",43.7356183,3.5,"['Alcohol: none', ""Ambience: {'romantic': False, 'intimate': False, 'classy': False, 'hipster': False, 'touristy': False, 'trendy': False, 'upscale': False, 'casual': False}"", 'BikeParking: True', 'BusinessAcceptsCreditCards: True', ""BusinessParking: {'garage': False, 'street': False, 'validated': False, 'lot': False, 'valet': False}"", 'Caters: True', 'GoodForKids: True', ""GoodForMeal: {'dessert': False, 'latenight': False, 'lunch': True, 'dinner': False, 'breakfast': False, 'brunch': False}"", 'HasTV: True', 'NoiseLevel: average', 'OutdoorSeating: False', 'RestaurantsAttire: casual', 'RestaurantsDelivery: False', 'RestaurantsGoodForGroups: True', 'RestaurantsPriceRange2: 1', 'RestaurantsReservations: False', 'RestaurantsTableService: True', 'RestaurantsTakeOut: True']",-79.442373,424 Wilson Avenue,M3H 1S9,ON,1,vUczj8SVTJ8bKIjZ7yKsvQ,business
Tacos Jalisco,Phoenix,4,,,['Restaurants'],33.5752609,3.0,"['BusinessAcceptsCreditCards: True', ""BusinessParking: {'garage': False, 'street': False, 'validated': False, 'lot': True, 'valet': False}"", 'GoodForKids: True', ""GoodForMeal: {'dessert': False, 'latenight': False, 'lunch': False, 'dinner': False, 'breakfast': False, 'brunch': False}"", 'RestaurantsAttire: casual', 'RestaurantsDelivery: False', 'RestaurantsGoodForGroups: True', 'RestaurantsPriceRange2: 1', 'RestaurantsReservations: False', 'RestaurantsTableService: False', 'RestaurantsTakeOut: True', 'WheelchairAccessible: True']",-112.0655777,9802 N 7th Street,85020,AZ,0,he-JIuJSUxnrr04iyycH6A,business
Safari Bar & Grill,Ajax,19,"['Monday 11:30-2:0', 'Tuesday 11:30-2:0', 'Wednesday 11:30-2:0', 'Thursday 11:30-2:0', 'Friday 11:30-2:0', 'Saturday 11:0-2:0', 'Sunday 11:0-2:0']",,"['American (New)', 'Bars', 'Canadian (New)', 'Restaurants', 'Nightlife']",43.8536353,3.0,"['Alcohol: full_bar', ""Ambience: {'romantic': False, 'intimate': False, 'classy': False, 'hipster': False, 'touristy': False, 'trendy': False, 'upscale': False, 'casual': True}"", ""BestNights: {'monday': False, 'tuesday': False, 'friday': False, 'wednesday': False, 'thursday': False, 'sunday': False, 'saturday': True}"", 'BusinessAcceptsCreditCards: True', ""BusinessParking: {'garage': False, 'street': True, 'validated': False, 'lot': False, 'valet': False}"", 'CoatCheck: True', 'GoodForDancing: True', 'GoodForKids: False', ""GoodForMeal: {'dessert': False, 'latenight': False, 'lunch': False, 'dinner': True, 'breakfast': False, 'brunch': False}"", 'HasTV: True', ""Music: {'dj': True, 'background_music': False, 'no_music': False, 'karaoke': False, 'live': False, 'video': False, 'jukebox': False}"", 'NoiseLevel: loud', 'OutdoorSeating: True', 'RestaurantsAttire: casual', 'RestaurantsDelivery: False', 'RestaurantsGoodForGroups: True', 'RestaurantsPriceRange2: 2', 'RestaurantsReservations: True', 'RestaurantsTableService: True', 'RestaurantsTakeOut: True', 'Smoking: no', 'WheelchairAccessible: True', 'WiFi: free']",-79.0576643,60 Randall Dr,L1S 6L3,ON,1,StSjdqBbR8cybOGfB8QF1A,business
Sinbad's Restaurant,Phoenix,60,,,"['Restaurants', 'Middle Eastern']",33.5389032,4.0,"['Alcohol: none', ""Ambience: {'romantic': False, 'intimate': False, 'classy': False, 'hipster': False, 'divey': True, 'touristy': False, 'trendy': False, 'upscale': False, 'casual': False}"", 'BikeParking: True', 'BusinessAcceptsCreditCards: True', ""BusinessParking: {'garage': False, 'street': False, 'validated': False, 'lot': True, 'valet': False}"", 'Caters: True', 'GoodForKids: True', ""GoodForMeal: {'dessert': False, 'latenight': False, 'lunch': True, 'dinner': True, 'breakfast': False, 'brunch': False}"", 'HasTV: True', 'NoiseLevel: average', 'OutdoorSeating: False', 'RestaurantsAttire: casual', 'RestaurantsDelivery: False', 'RestaurantsGoodForGroups: True', 'RestaurantsPriceRange2: 1', 'RestaurantsReservations: False', 'RestaurantsTableService: True', 'RestaurantsTakeOut: True', 'WiFi: no']",-112.1366941,3544 W Glendale Ave,85051,AZ,1,v91eTDokcNCHzRvmamWVog,business
Burger King,Las Vegas,7,,Northwest,"['Food', 'Burgers', 'Fast Food', 'Restaurants']",36.2395583768,1.0,"['BusinessAcceptsCreditCards: True', 'DriveThru: True', 'GoodForKids: True', ""GoodForMeal: {'dessert': False, 'latenight': False, 'lunch': False, 'dinner': False, 'breakfast': False, 'brunch': False}"", 'HasTV: False', 'OutdoorSeating: False', 'RestaurantsAttire: casual', 'RestaurantsDelivery: False', 'RestaurantsGoodForGroups: True', 'RestaurantsPriceRange2: 1', 'RestaurantsReservations: False', 'RestaurantsTakeOut: True', 'WiFi: free']",-115.228460634,6080 W Craig Rd,89130,NV,1,7SLZwNRhc2bpUXQXLypTTg,business
Chef @ Your Home,Las Vegas,21,,Summerlin,"['Restaurants', 'Event Planning & Services', 'Caterers', 'Personal Chefs']",36.179696,5.0,['BusinessAcceptsCreditCards: True'],-115.345235,,89118,NV,1,prIta4agQiDpUQVY3MliFA,business
Golden City Chinese Restruant,Chandler,4,,,"['Restaurants', 'Chinese']",33.3210736,4.0,"['Alcohol: none', 'BusinessAcceptsCreditCards: True', ""BusinessParking: {'garage': False, 'street': False, 'validated': False, 'lot': False, 'valet': False}"", 'GoodForKids: True', ""GoodForMeal: {'dessert': False, 'latenight': False, 'lunch': False, 'dinner': True, 'breakfast': False, 'brunch': False}"", 'OutdoorSeating: False', 'RestaurantsAttire: casual', 'RestaurantsDelivery: True', 'RestaurantsGoodForGroups: True', 'RestaurantsPriceRange2: 1', 'RestaurantsReservations: False', 'RestaurantsTableService: False', 'RestaurantsTakeOut: True', 'WheelchairAccessible: True']",-111.8426558,1018 N Arizona Ave,85225,AZ,0,VQDl9gM4PBMRnPMipFycrQ,business
King Tandoori,Vaughan,4,"['Monday 11:0-23:0', 'Tuesday 11:0-23:0', 'Wednesday 11:0-23:0', 'Thursday 11:0-23:0', 'Friday 11:0-0:0', 'Saturday 11:0-0:0']",,"['Restaurants', 'Indian']",43.7711356707,4.0,['NoiseLevel: quiet'],-79.6219527913,"7600 Highway 27, Unit 16",L4H 0P8,ON,1,hXB72crkUuzBH9CDONTmew,business
Sin City Wings,Las Vegas,44,,Westside,"['Food Stands', 'Street Vendors', 'Chicken Wings', 'Restaurants', 'Food Trucks', 'Food']",36.135635,3.5,"['Alcohol: none', ""Ambience: {'romantic': False, 'intimate': False, 'classy': False, 'hipster': False, 'divey': False, 'touristy': False, 'trendy': False, 'upscale': False, 'casual': True}"", 'BikeParking: True', 'BusinessAcceptsCreditCards: True', ""BusinessParking: {'garage': False, 'street': True, 'validated': False, 'lot': False, 'valet': False}"", 'Caters: True', 'DogsAllowed: True', 'GoodForKids: True', ""GoodForMeal: {'dessert': False, 'latenight': True, 'lunch': True, 'dinner': True, 'breakfast': False, 'brunch': False}"", 'HasTV: False', 'NoiseLevel: quiet', 'OutdoorSeating: True', 'RestaurantsAttire: casual', 'RestaurantsDelivery: True', 'RestaurantsGoodForGroups: True', 'RestaurantsPriceRange2: 1', 'RestaurantsReservations: False', 'RestaurantsTableService: False', 'RestaurantsTakeOut: True', 'WheelchairAccessible: True', 'WiFi: no']",-115.2304131,2025 E Sahara Ave,89119,NV,1,qYf3gGP4PYZlV5CcQlorwA,business
Grillades Torino,Montréal,6,"['Monday 10:30-21:30', 'Tuesday 10:30-21:30', 'Wednesday 10:30-21:30', 'Thursday 10:30-21:30', 'Friday 10:30-21:30', 'Saturday 10:30-20:0', 'Sunday 10:30-17:0']",Ville-Marie,"['Barbeque', 'Restaurants', 'Steakhouses']",45.5012661,3.0,"['GoodForKids: True', 'RestaurantsDelivery: False', 'RestaurantsGoodForGroups: True', 'RestaurantsPriceRange2: 2', 'RestaurantsTakeOut: False']",-73.57239,977 Rue Sainte-Catherine O,H3B 4W3,QC,1,arxIgHEVLJ5jhuVEzljFsQ,business
Tatami Sushi,Dorval,3,,Saint-Laurent,"['Restaurants', 'Japanese']",45.4610116,3.5,"['BusinessAcceptsCreditCards: True', 'GoodForKids: False', 'RestaurantsAttire: casual', 'RestaurantsDelivery: False', 'RestaurantsGoodForGroups: True', 'RestaurantsReservations: False', 'RestaurantsTakeOut: True']",-73.7488171,Gate 79 Pierre Trudeau Airport,H4Y 1H2,QC,1,GCntBMnXK1nHHwbaRJ3DOg,business
Maryln's Fish & Chips,Phoenix,93,"['Monday 11:0-21:0', 'Tuesday 11:0-21:0', 'Wednesday 11:0-21:0', 'Thursday 11:0-21:0', 'Friday 11:0-21:0', 'Saturday 11:0-21:0', 'Sunday 11:0-20:0']",,"['Restaurants', 'Burgers', 'Chicken Wings', 'Fish & Chips', 'Seafood', 'Sandwiches']",33.396343,4.5,"['Alcohol: none', ""Ambience: {'romantic': False, 'intimate': False, 'classy': False, 'hipster': False, 'divey': False, 'touristy': False, 'trendy': False, 'upscale': False, 'casual': True}"", 'BikeParking: True', 'BusinessAcceptsCreditCards: True', ""BusinessParking: {'garage': False, 'street': False, 'validated': False, 'lot': True, 'valet': False}"", 'Caters: True', 'DriveThru: True', 'GoodForKids: True', ""GoodForMeal: {'dessert': False, 'latenight': False, 'lunch': True, 'dinner': True, 'breakfast': False, 'brunch': False}"", 'HasTV: True', 'NoiseLevel: average', 'OutdoorSeating: True', 'RestaurantsAttire: casual', 'RestaurantsDelivery: True', 'RestaurantsGoodForGroups: True', 'RestaurantsPriceRange2: 1', 'RestaurantsReservations: False', 'RestaurantsTableService: False', 'RestaurantsTakeOut: True', 'WheelchairAccessible: True', 'WiFi: no']",-112.073687,5436 S Central Ave,85041,AZ,1,najluTSbgZEpCdLIbpvnxQ,business
The Wise,Madison,27,"['Monday 7:0-10:30', 'Monday 16:0-21:0', 'Tuesday 7:0-10:30', 'Tuesday 16:0-21:0', 'Wednesday 7:0-10:30', 'Wednesday 16:0-21:0', 'Thursday 7:0-10:30', 'Thursday 16:0-21:0', 'Friday 7:0-10:30', 'Friday 16:0-22:0', 'Saturday 7:0-10:30', 'Saturday 16:0-22:0', 'Sunday 7:0-14:0', 'Sunday 16:0-21:0']",Vilas,"['Restaurants', 'Gastropubs', 'Breakfast & Brunch', 'Brasseries', 'Spanish', 'Tapas/Small Plates']",43.067587,3.0,"['Alcohol: full_bar', ""Ambience: {'romantic': False, 'intimate': False, 'classy': True, 'hipster': False, 'divey': False, 'touristy': False, 'trendy': False, 'upscale': False, 'casual': False}"", 'BikeParking: False', 'BusinessAcceptsCreditCards: True', ""BusinessParking: {'garage': True, 'street': True, 'validated': True, 'lot': True, 'valet': True}"", 'Caters: False', 'DogsAllowed: False', 'GoodForKids: False', ""GoodForMeal: {'dessert': False, 'latenight': False, 'lunch': False, 'dinner': False, 'breakfast': True, 'brunch': False}"", 'HasTV: True', 'NoiseLevel: quiet', 'OutdoorSeating: True', 'RestaurantsAttire: casual', 'RestaurantsDelivery: False', 'RestaurantsGoodForGroups: True', 'RestaurantsPriceRange2: 2', 'RestaurantsReservations: False', 'RestaurantsTableService: True', 'RestaurantsTakeOut: True', 'WheelchairAccessible: True', 'WiFi: free']",-89.41251,"Hotel Red, 1501 Monroe St",53711,WI,1,fH-udnxBjJ0ldqMeaMAoSw,business
Amelios Pizza & More,Phoenix,43,"['Monday 10:0-22:0', 'Tuesday 10:0-22:0', 'Wednesday 10:0-22:0', 'Thursday 10:0-22:0', 'Friday 10:0-23:0', 'Saturday 10:0-23:0', 'Sunday 11:0-21:0']",,"['Pizza', 'Restaurants']",33.6403155,3.0,"['Alcohol: none', ""Ambience: {'romantic': False, 'intimate': False, 'classy': False, 'hipster': False, 'divey': True, 'touristy': False, 'trendy': False, 'upscale': False, 'casual': False}"", 'BikeParking: True', 'BusinessAcceptsCreditCards: True', ""BusinessParking: {'garage': False, 'street': False, 'validated': False, 'lot': False, 'valet': False}"", 'Caters: True', 'GoodForKids: False', ""GoodForMeal: {'dessert': False, 'latenight': False, 'lunch': True, 'dinner': True, 'breakfast': False, 'brunch': False}"", 'HasTV: True', 'NoiseLevel: average', 'OutdoorSeating: False', 'RestaurantsAttire: casual', 'RestaurantsDelivery: True', 'RestaurantsGoodForGroups: False', 'RestaurantsPriceRange2: 1', 'RestaurantsReservations: False', 'RestaurantsTableService: False', 'RestaurantsTakeOut: True', 'WiFi: no']",-112.0966147,1726 W Bell Rd,85023,AZ,1,8oVyhkGvcFd_pXwvxOzOxQ,business
Tara Thai,Phoenix,23,,,"['Buffets', 'Restaurants', 'Thai']",33.631458,3.5,"['Alcohol: full_bar', ""Ambience: {'romantic': False, 'intimate': False, 'classy': False, 'hipster': False, 'divey': False, 'touristy': False, 'trendy': False, 'upscale': False, 'casual': False}"", 'BusinessAcceptsCreditCards: True', ""BusinessParking: {'garage': False, 'street': False, 'validated': False, 'lot': True, 'valet': False}"", 'GoodForKids: True', ""GoodForMeal: {'dessert': False, 'latenight': False, 'lunch': True, 'dinner': True, 'breakfast': False, 'brunch': False}"", 'HasTV: True', 'NoiseLevel: average', 'OutdoorSeating: False', 'RestaurantsAttire: casual', 'RestaurantsDelivery: False', 'RestaurantsGoodForGroups: True', 'RestaurantsPriceRange2: 2', 'RestaurantsReservations: True', 'RestaurantsTableService: True', 'RestaurantsTakeOut: True', 'WheelchairAccessible: True']",-112.11195,"245 E Bell Rd, Ste 9",85023,AZ,0,M8Co6Z9U7bPke7Xq9fFRBg,business
United Brothers Cafe,Markham,5,,Brown's Corners,"['Chinese', 'Restaurants']",43.8487652,2.0,"[""Ambience: {'romantic': False, 'intimate': False, 'classy': False, 'hipster': False, 'touristy': False, 'trendy': False, 'upscale': False, 'casual': False}"", ""GoodForMeal: {'dessert': False, 'latenight': False, 'lunch': False, 'dinner': False, 'breakfast': False, 'brunch': False}"", 'NoiseLevel: quiet', 'RestaurantsTableService: True', 'WiFi: free']",-79.3486476,"3235 Highway 7 E, Unit 18",L3R 3P9,ON,0,NQEN9FoxUrUPWtmTjBRvcA,business
Ledger Bar,Cleveland,4,,Gateway District,"['American (Traditional)', 'Nightlife', 'Restaurants', 'Bars']",41.4997677,4.0,"['Alcohol: full_bar', ""Ambience: {'romantic': False, 'intimate': False, 'classy': False, 'hipster': False, 'divey': False, 'touristy': False, 'trendy': False, 'upscale': False, 'casual': False}"", 'BusinessAcceptsCreditCards: True', 'Caters: False', 'GoodForDancing: False', 'GoodForKids: False', 'NoiseLevel: quiet', 'OutdoorSeating: False', 'RestaurantsAttire: casual', 'RestaurantsDelivery: False', 'RestaurantsGoodForGroups: False', 'RestaurantsPriceRange2: 1', 'RestaurantsReservations: False', 'RestaurantsTableService: True', 'Smoking: no']",-81.6858769,2017 E 9th St,44115,OH,1,8pftLQ9OT2VKbco_lf7vbQ,business
The Side Door Corner Store,Scottsdale,97,"['Monday 11:0-21:0', 'Tuesday 11:0-21:0', 'Wednesday 11:0-21:0', 'Thursday 11:0-21:0', 'Friday 11:0-22:0', 'Saturday 12:0-22:0']",,"['Nightlife', 'Italian', 'Wine Bars', 'Pizza', 'Restaurants', 'Bars']",33.4864,4.0,"['Alcohol: beer_and_wine', ""Ambience: {'romantic': False, 'intimate': False, 'classy': False, 'hipster': False, 'divey': False, 'touristy': False, 'trendy': False, 'upscale': False, 'casual': True}"", ""BestNights: {'monday': False, 'tuesday': False, 'friday': False, 'wednesday': False, 'thursday': False, 'sunday': False, 'saturday': False}"", 'BikeParking: True', 'BusinessAcceptsCreditCards: True', ""BusinessParking: {'garage': False, 'street': False, 'validated': False, 'lot': True, 'valet': False}"", 'Caters: False', 'CoatCheck: False', 'GoodForDancing: False', 'GoodForKids: True', ""GoodForMeal: {'dessert': False, 'latenight': False, 'lunch': False, 'dinner': True, 'breakfast': False, 'brunch': False}"", 'HappyHour: True', 'HasTV: True', ""Music: {'dj': False, 'background_music': True, 'no_music': False, 'karaoke': False, 'live': False, 'video': False, 'jukebox': False}"", 'NoiseLevel: quiet', 'OutdoorSeating: True', 'RestaurantsAttire: casual', 'RestaurantsDelivery: False', 'RestaurantsGoodForGroups: True', 'RestaurantsPriceRange2: 2', 'RestaurantsReservations: False', 'RestaurantsTableService: True', 'RestaurantsTakeOut: True', 'Smoking: no', 'WheelchairAccessible: True', 'WiFi: no']",-111.9101646,"3370 N Hayden Rd, Ste 126",85251,AZ,1,0VOh4VIq13oFburRU9gddw,business
Best of Italy - Pizza & Subs,Scottsdale,54,"['Monday 10:0-20:0', 'Tuesday 10:0-20:0', 'Wednesday 10:0-20:0', 'Thursday 10:0-20:0', 'Friday 10:0-3:0', 'Saturday 11:0-3:0']",,"['Italian', 'Pizza', 'Restaurants']",33.4980414,2.5,"['Alcohol: none', ""Ambience: {'romantic': False, 'intimate': False, 'classy': False, 'hipster': False, 'divey': True, 'touristy': False, 'trendy': False, 'upscale': False, 'casual': False}"", 'BikeParking: True', 'BusinessAcceptsCreditCards: True', ""BusinessParking: {'garage': True, 'street': True, 'validated': False, 'lot': False, 'valet': False}"", 'Caters: False', 'GoodForKids: True', ""GoodForMeal: {'dessert': False, 'latenight': False, 'lunch': True, 'dinner': False, 'breakfast': False, 'brunch': False}"", 'HasTV: True', 'NoiseLevel: average', 'OutdoorSeating: True', 'RestaurantsAttire: casual', 'RestaurantsDelivery: True', 'RestaurantsGoodForGroups: True', 'RestaurantsPriceRange2: 1', 'RestaurantsReservations: False', 'RestaurantsTableService: False', 'RestaurantsTakeOut: True', 'WheelchairAccessible: True', 'WiFi: no']",-111.9280435,7111 E 5th Ave,85251,AZ,1,5CeizAHfOQJOI6sSh0kJmw,business
Life Cafe,Las Vegas,4,,Summerlin,"['Restaurants', 'Cafes']",36.1581511387,3.0,"['Alcohol: none', ""Ambience: {'romantic': False, 'intimate': False, 'classy': False, 'hipster': False, 'divey': False, 'touristy': False, 'trendy': False, 'upscale': False, 'casual': False}"", 'BikeParking: True', 'BusinessAcceptsCreditCards: True', ""BusinessParking: {'garage': False, 'street': False, 'validated': False, 'lot': False, 'valet': False}"", 'Caters: False', 'GoodForKids: True', ""GoodForMeal: {'dessert': False, 'latenight': False, 'lunch': False, 'dinner': False, 'breakfast': False, 'brunch': False}"", 'HasTV: False', 'NoiseLevel: quiet', 'OutdoorSeating: True', 'RestaurantsAttire: casual', 'RestaurantsDelivery: False', 'RestaurantsGoodForGroups: False', 'RestaurantsPriceRange2: 2', 'RestaurantsReservations: False', 'RestaurantsTableService: True', 'RestaurantsTakeOut: True', 'WiFi: free']",-115.327772485,10721 W Charleston Blvd,89135,NV,1,ayT30_GPYHqnrDhBe3IySQ,business
Tony Sacco's Coal Oven Pizza,Mentor,50,"['Monday 11:0-21:0', 'Tuesday 11:0-21:0', 'Wednesday 11:0-21:0', 'Thursday 11:0-22:0', 'Friday 11:0-22:0', 'Saturday 11:0-22:0', 'Sunday 11:0-20:0']",,"['Restaurants', 'Pizza']",41.6572311,4.0,"['Alcohol: full_bar', ""Ambience: {'romantic': False, 'intimate': False, 'classy': False, 'hipster': False, 'divey': False, 'touristy': False, 'trendy': False, 'upscale': False, 'casual': True}"", 'BikeParking: True', 'BusinessAcceptsCreditCards: True', ""BusinessParking: {'garage': False, 'street': False, 'validated': False, 'lot': True, 'valet': False}"", 'Caters: True', 'DogsAllowed: False', 'GoodForKids: True', ""GoodForMeal: {'dessert': False, 'latenight': False, 'lunch': True, 'dinner': True, 'breakfast': False, 'brunch': False}"", 'HasTV: True', 'NoiseLevel: average', 'OutdoorSeating: True', 'RestaurantsAttire: casual', 'RestaurantsDelivery: False', 'RestaurantsGoodForGroups: True', 'RestaurantsPriceRange2: 2', 'RestaurantsReservations: False', 'RestaurantsTableService: True', 'RestaurantsTakeOut: True', 'WheelchairAccessible: True', 'WiFi: free']",-81.3613228,7850 Mentor Ave,44060,OH,1,rPL1gw_0Afm8nOAfLW53MQ,business
Restaurant La Popessa,Pointe-Aux-Trembles,4,"['Monday 11:0-21:0', 'Tuesday 11:0-21:0', 'Wednesday 11:0-21:0', 'Thursday 11:0-21:0', 'Friday 11:0-21:0', 'Saturday 11:0-21:0', 'Sunday 11:0-21:0']",Rivière-des-Prairies–Pointe-aux-Trembles,"['Restaurants', 'Italian']",45.6564251,4.0,"['Alcohol: none', ""Ambience: {'romantic': False, 'intimate': False, 'classy': False, 'hipster': False, 'touristy': False, 'trendy': False, 'upscale': False, 'casual': False}"", 'BikeParking: False', ""BusinessParking: {'garage': False, 'street': False, 'validated': False, 'lot': False, 'valet': False}"", 'Caters: False', 'GoodForKids: True', ""GoodForMeal: {'dessert': False, 'latenight': False, 'lunch': False, 'dinner': False, 'breakfast': False, 'brunch': False}"", 'HasTV: True', 'NoiseLevel: average', 'OutdoorSeating: False', 'RestaurantsAttire: casual', 'RestaurantsGoodForGroups: True', 'RestaurantsPriceRange2: 2', 'RestaurantsTableService: True', 'RestaurantsTakeOut: True', 'WiFi: no']",-73.5096455,12910 Sherbrooke Rue E,H1A 4Y3,QC,1,X6ek-toL9X89qE0nZLWSqw,business
Swiss Chalet Rotisserie & Grill,Toronto,5,"['Monday 11:30-22:0', 'Tuesday 11:30-22:0', 'Wednesday 11:30-22:0', 'Thursday 11:30-22:0', 'Friday 11:30-22:0', 'Saturday 11:30-22:0', 'Sunday 11:0-21:30']",,"['American (Traditional)', 'Restaurants', 'Canadian (New)', 'Comfort Food']",43.7077858,3.0,"[""Ambience: {'romantic': False, 'intimate': False, 'classy': False, 'hipster': False, 'touristy': False, 'trendy': False, 'upscale': False, 'casual': False}"", 'BusinessAcceptsCreditCards: True', ""BusinessParking: {'garage': False, 'street': False, 'validated': False, 'lot': False, 'valet': False}"", 'Caters: False', 'GoodForKids: True', ""GoodForMeal: {'dessert': False, 'latenight': False, 'lunch': False, 'dinner': False, 'breakfast': False, 'brunch': False}"", 'HasTV: False', 'NoiseLevel: quiet', 'OutdoorSeating: False', 'RestaurantsAttire: casual', 'RestaurantsDelivery: True', 'RestaurantsGoodForGroups: True', 'RestaurantsPriceRange2: 2', 'RestaurantsReservations: True', 'RestaurantsTableService: True', 'RestaurantsTakeOut: True', 'WiFi: no']",-79.3443554,60 Overlea Blvd,M4H 1B6,ON,1,ra65zNEvp9skoxr9wSydTw,business
Kuni Sushi Ya,Toronto,19,"['Monday 11:0-23:0', 'Tuesday 11:0-23:0', 'Wednesday 11:0-23:0', 'Thursday 11:0-23:0', 'Friday 11:0-23:0', 'Saturday 11:0-23:0', 'Sunday 11:0-23:0']",Alexandra Park,"['Japanese', 'Restaurants']",43.6523296,2.0,"['Alcohol: full_bar', ""Ambience: {'romantic': False, 'intimate': False, 'classy': False, 'hipster': False, 'touristy': False, 'trendy': False, 'upscale': False, 'casual': True}"", 'BusinessAcceptsCreditCards: True', 'GoodForKids: True', ""GoodForMeal: {'dessert': False, 'latenight': False, 'lunch': False, 'dinner': False, 'breakfast': False, 'brunch': False}"", 'HasTV: True', 'NoiseLevel: quiet', 'OutdoorSeating: False', 'RestaurantsAttire: casual', 'RestaurantsGoodForGroups: False', 'RestaurantsPriceRange2: 2', 'RestaurantsTableService: True', 'RestaurantsTakeOut: True', 'WiFi: no']",-79.3976742,263 Spadina Avenue,M5T 1H1,ON,0,_1wZ4ZbxWA_Qsm1-0UCreA,business
Red Rocks Cafe - Birkdale,Huntersville,133,"['Monday 11:0-23:30', 'Tuesday 11:0-23:30', 'Wednesday 11:0-23:30', 'Thursday 11:0-23:30', 'Friday 11:0-0:0', 'Saturday 11:0-0:0', 'Sunday 10:30-23:0']",,"['Restaurants', 'American (Traditional)', 'Cafes', 'Soup']",35.445088,3.5,"['Alcohol: full_bar', ""Ambience: {'romantic': False, 'intimate': False, 'classy': False, 'hipster': False, 'divey': False, 'touristy': False, 'trendy': False, 'upscale': False, 'casual': True}"", 'BikeParking: True', 'BusinessAcceptsCreditCards: True', ""BusinessParking: {'garage': False, 'street': True, 'validated': False, 'lot': False, 'valet': False}"", 'Caters: True', 'GoodForKids: True', ""GoodForMeal: {'dessert': False, 'latenight': False, 'lunch': False, 'dinner': True, 'breakfast': False, 'brunch': True}"", 'HasTV: True', 'NoiseLevel: average', 'OutdoorSeating: True', 'RestaurantsAttire: casual', 'RestaurantsDelivery: False', 'RestaurantsGoodForGroups: True', 'RestaurantsPriceRange2: 2', 'RestaurantsReservations: True', 'RestaurantsTableService: True', 'RestaurantsTakeOut: True', 'WheelchairAccessible: True', 'WiFi: free']",-80.8793759,8712 Lindholm Dr,28078,NC,1,-8iwcXhLnyqbLgvcrJGgaw,business
Kebab de Ville,Verdun,5,"['Monday 10:0-21:0', 'Tuesday 10:0-21:0', 'Wednesday 10:0-21:0', 'Thursday 10:0-21:0', 'Friday 10:0-22:0', 'Saturday 10:0-22:0', 'Sunday 16:0-22:0']",Verdun,"['Persian/Iranian', 'Restaurants']",45.4574334,4.0,"['Alcohol: beer_and_wine', ""Ambience: {'romantic': False, 'intimate': False, 'classy': False, 'hipster': False, 'touristy': False, 'trendy': False, 'upscale': False, 'casual': False}"", 'BusinessAcceptsCreditCards: True', ""BusinessParking: {'garage': False, 'street': False, 'validated': False, 'lot': False, 'valet': False}"", 'Caters: False', 'GoodForKids: True', ""GoodForMeal: {'dessert': False, 'latenight': False, 'lunch': False, 'dinner': False, 'breakfast': False, 'brunch': False}"", 'HasTV: False', 'NoiseLevel: average', 'OutdoorSeating: False', 'RestaurantsAttire: casual', 'RestaurantsDelivery: False', 'RestaurantsGoodForGroups: True', 'RestaurantsPriceRange2: 2', 'RestaurantsReservations: True', 'RestaurantsTableService: True', 'RestaurantsTakeOut: True', 'WiFi: no']",-73.5718549,4801 Vedun Avenue,H4G 1N2,QC,0,P3HeJLohh0ZbQqT72bg2OQ,business
STK Toronto,Toronto,21,"['Monday 17:0-23:0', 'Tuesday 17:0-23:0', 'Wednesday 17:0-23:0', 'Thursday 17:0-0:0', 'Friday 17:0-0:0', 'Saturday 17:0-0:0', 'Sunday 17:0-23:0']",The Annex,"['American (Traditional)', 'Restaurants', 'Steakhouses']",43.6703999,3.0,"['Alcohol: full_bar', ""BusinessParking: {'garage': False, 'street': False, 'validated': False, 'lot': False, 'valet': True}"", 'Caters: True', 'DogsAllowed: False', 'HasTV: False', 'OutdoorSeating: False', 'RestaurantsDelivery: False', 'RestaurantsReservations: True', 'RestaurantsTableService: True', 'RestaurantsTakeOut: True', 'WheelchairAccessible: True', 'WiFi: free', 'GoodForKids: False', 'RestaurantsAttire: dressy', 'RestaurantsGoodForGroups: True', ""Ambience: {'romantic': False, 'intimate': False, 'classy': False, 'hipster': False, 'touristy': False, 'trendy': False, 'upscale': False, 'casual': False}"", ""GoodForMeal: {'dessert': False, 'latenight': False, 'lunch': False, 'dinner': False, 'breakfast': False, 'brunch': False}"", 'RestaurantsPriceRange2: 4']",-79.3946157,153 Yorkville Avenue,M5R 1C4,ON,1,KT2E2HQtb0HA0zsjbVp2BQ,business
EL-Sombrero,Ludwigsburg,10,,,"['Mexican', 'Restaurants']",48.8926416,3.0,"['Alcohol: full_bar', ""GoodForMeal: {'dessert': False, 'latenight': False, 'lunch': False, 'dinner': False, 'breakfast': False, 'brunch': False}"", 'OutdoorSeating: True', 'RestaurantsAttire: casual', 'RestaurantsGoodForGroups: True', 'RestaurantsPriceRange2: 3', 'WheelchairAccessible: False']",9.1861439,Myliusstr. 15,71638,BW,0,eMaU4zgVsM0tUPOm68s81Q,business
Hapa Izakaya,Toronto,139,"['Monday 16:0-2:0', 'Tuesday 16:0-2:0', 'Wednesday 16:0-2:0', 'Thursday 16:0-2:0', 'Friday 16:0-2:0', 'Saturday 16:0-2:0', 'Sunday 16:0-2:0']",Little Italy,"['Restaurants', 'Japanese']",43.655264,3.5,"['Alcohol: full_bar', ""Ambience: {'romantic': False, 'intimate': False, 'classy': False, 'hipster': False, 'touristy': False, 'trendy': True, 'upscale': False, 'casual': False}"", 'BikeParking: True', 'BusinessAcceptsCreditCards: True', ""BusinessParking: {'garage': False, 'street': True, 'validated': False, 'lot': False, 'valet': False}"", 'Caters: False', 'GoodForKids: False', ""GoodForMeal: {'dessert': False, 'latenight': False, 'lunch': False, 'dinner': True, 'breakfast': False, 'brunch': False}"", 'HasTV: True', 'NoiseLevel: loud', 'OutdoorSeating: True', 'RestaurantsAttire: casual', 'RestaurantsDelivery: False', 'RestaurantsGoodForGroups: True', 'RestaurantsPriceRange2: 3', 'RestaurantsReservations: True', 'RestaurantsTableService: True', 'RestaurantsTakeOut: True', 'WiFi: no']",-79.4142419,602 College Street,M6G 1B4,ON,1,g6GXqg-QdDiQGLYMVqNOUw,business
Panda Express,Higley,13,"['Monday 10:0-21:30', 'Tuesday 10:0-21:30', 'Wednesday 10:0-21:30', 'Thursday 10:0-21:30', 'Friday 10:0-22:0', 'Saturday 10:0-22:0', 'Sunday 10:30-20:30']",,"['Japanese', 'Restaurants', 'Chinese', 'Fast Food']",33.3498347814,2.0,"[""Ambience: {'romantic': False, 'intimate': False, 'classy': False, 'hipster': False, 'divey': False, 'touristy': False, 'trendy': False, 'upscale': False, 'casual': False}"", 'BikeParking: True', 'BusinessAcceptsCreditCards: True', 'GoodForKids: True', 'HasTV: False', 'NoiseLevel: average', 'OutdoorSeating: False', 'RestaurantsAttire: casual', 'RestaurantsDelivery: True', 'RestaurantsGoodForGroups: True', 'RestaurantsPriceRange2: 2', 'RestaurantsReservations: False', 'RestaurantsTakeOut: True', 'WiFi: no', 'DriveThru: True']",-111.720432043,31 S Higley Rd,85236,AZ,1,0k5W44XU4uSEsPA163LKjQ,business
Texas Roadhouse,Phoenix,42,"['Monday 15:0-22:0', 'Tuesday 15:0-22:0', 'Wednesday 15:0-22:0', 'Thursday 15:0-22:0', 'Friday 11:0-23:0', 'Saturday 11:0-23:0', 'Sunday 11:0-22:0']",,"['Food', 'Beer', 'Wine & Spirits', 'Restaurants', 'Sandwiches', 'Steakhouses']",33.7149105285,3.5,"['Alcohol: full_bar', ""Ambience: {'romantic': False, 'intimate': False, 'classy': False, 'hipster': False, 'divey': False, 'touristy': False, 'trendy': False, 'upscale': False, 'casual': True}"", 'BikeParking: True', 'BusinessAcceptsCreditCards: True', 'Caters: False', 'GoodForKids: True', 'HasTV: True', 'NoiseLevel: very_loud', 'OutdoorSeating: True', 'RestaurantsAttire: casual', 'RestaurantsDelivery: False', 'RestaurantsGoodForGroups: True', 'RestaurantsPriceRange2: 2', 'RestaurantsReservations: True', 'RestaurantsTableService: True', 'RestaurantsTakeOut: True', 'WiFi: no', ""GoodForMeal: {'dessert': False, 'latenight': False, 'lunch': False, 'dinner': True, 'breakfast': False, 'brunch': False}"", ""BusinessParking: {'garage': False, 'street': True, 'validated': False, 'lot': False, 'valet': False}""]",-112.116085261,2600 W Happy Valley Rd,85085,AZ,1,mAryfEwdr7Lby2CzmLFbow,business
Pasha Cafe,Cleveland,12,"['Monday 10:0-0:0', 'Tuesday 10:0-0:0', 'Wednesday 10:0-0:0', 'Thursday 10:0-0:0', 'Friday 10:0-2:0', 'Saturday 12:0-0:0', 'Sunday 17:0-0:0']",Quadrangle,"['Hookah Bars', 'Mediterranean', 'Restaurants', 'Bars', 'Middle Eastern', 'Nightlife']",41.502052,4.0,"['Alcohol: none', ""Ambience: {'romantic': False, 'intimate': False, 'classy': False, 'hipster': False, 'divey': False, 'touristy': False, 'trendy': False, 'upscale': False, 'casual': False}"", 'BikeParking: True', 'BusinessAcceptsCreditCards: True', ""BusinessParking: {'garage': False, 'street': False, 'validated': False, 'lot': False, 'valet': False}"", 'Caters: False', 'CoatCheck: False', 'GoodForDancing: False', 'GoodForKids: False', ""GoodForMeal: {'dessert': False, 'latenight': True, 'lunch': False, 'dinner': False, 'breakfast': False, 'brunch': False}"", 'HappyHour: False', 'HasTV: True', ""Music: {'dj': False, 'background_music': False, 'no_music': False, 'karaoke': False, 'live': False, 'video': False, 'jukebox': False}"", 'NoiseLevel: average', 'OutdoorSeating: False', 'RestaurantsAttire: casual', 'RestaurantsDelivery: False', 'RestaurantsGoodForGroups: True', 'RestaurantsPriceRange2: 2', 'RestaurantsReservations: False', 'RestaurantsTableService: True', 'RestaurantsTakeOut: True', 'WiFi: free']",-81.667954,2912 Euclid Ave,44115,OH,1,nI36UCs4cQUNxbMO5BxrUg,business
Moldova Restaurant,North York,10,"['Monday 11:0-23:0', 'Tuesday 11:0-23:0', 'Wednesday 11:0-23:0', 'Thursday 11:0-23:0', 'Friday 11:0-23:0', 'Saturday 12:0-23:0', 'Sunday 12:0-23:0']",,"['Restaurants', 'Modern European', 'Russian', 'Ukrainian']",43.7820442,3.0,"['Alcohol: full_bar', ""Ambience: {'romantic': False, 'intimate': False, 'classy': False, 'hipster': False, 'touristy': False, 'trendy': False, 'upscale': False, 'casual': False}"", 'BusinessAcceptsCreditCards: True', ""BusinessParking: {'garage': False, 'street': False, 'validated': False, 'lot': False, 'valet': False}"", 'GoodForKids: False', ""GoodForMeal: {'dessert': False, 'latenight': False, 'lunch': False, 'dinner': False, 'breakfast': False, 'brunch': False}"", 'HasTV: True', 'NoiseLevel: average', 'OutdoorSeating: False', 'RestaurantsAttire: casual', 'RestaurantsDelivery: True', 'RestaurantsGoodForGroups: True', 'RestaurantsPriceRange2: 2', 'RestaurantsReservations: True', 'RestaurantsTableService: True', 'RestaurantsTakeOut: True', 'WiFi: free']",-79.4712324,5000 Dufferin Street,M3H 5T5,ON,1,DN41zEsg2Nem0vK_j1gjTw,business
Suzie's Family Style Restaurant,Cleveland,11,,Old Brooklyn,"['Performing Arts', 'Restaurants', 'Arts & Entertainment', 'Food', 'Cafeteria', 'Coffee & Tea']",41.440235,4.0,"['Alcohol: none', ""Ambience: {'romantic': False, 'intimate': False, 'classy': False, 'hipster': False, 'divey': True, 'touristy': False, 'trendy': False, 'upscale': False, 'casual': False}"", 'BusinessAcceptsCreditCards: True', ""BusinessParking: {'garage': False, 'street': False, 'validated': False, 'lot': False, 'valet': False}"", 'Caters: False', 'GoodForKids: True', ""GoodForMeal: {'dessert': False, 'latenight': False, 'lunch': False, 'dinner': False, 'breakfast': True, 'brunch': False}"", 'HasTV: True', 'NoiseLevel: average', 'OutdoorSeating: False', 'RestaurantsAttire: casual', 'RestaurantsDelivery: False', 'RestaurantsGoodForGroups: True', 'RestaurantsPriceRange2: 1', 'RestaurantsReservations: False', 'RestaurantsTableService: True', 'RestaurantsTakeOut: True', 'WiFi: no']",-81.73012,6212 Memphis Ave,44144,OH,1,2VUhmFkIvARpEP9B5dZo9w,business
Hungry Brew Hops,Newmarket,102,"['Monday 11:0-0:0', 'Tuesday 11:0-0:0', 'Wednesday 11:0-0:0', 'Thursday 11:0-1:0', 'Friday 11:0-2:0', 'Saturday 11:0-2:0', 'Sunday 11:0-0:0']",,"['Bars', 'Nightlife', 'Restaurants', 'Gastropubs', 'Pubs']",44.052965,4.0,"['Alcohol: full_bar', ""Ambience: {'romantic': False, 'intimate': False, 'classy': False, 'hipster': True, 'touristy': False, 'trendy': False, 'upscale': False, 'casual': False}"", ""BestNights: {'monday': False, 'tuesday': False, 'friday': True, 'wednesday': True, 'thursday': False, 'sunday': False, 'saturday': True}"", 'BikeParking: True', 'BusinessAcceptsCreditCards: True', ""BusinessParking: {'garage': False, 'street': True, 'validated': False, 'lot': False, 'valet': False}"", 'Caters: False', 'CoatCheck: False', 'GoodForDancing: False', 'GoodForKids: False', ""GoodForMeal: {'dessert': False, 'latenight': False, 'lunch': False, 'dinner': True, 'breakfast': False, 'brunch': False}"", 'HappyHour: True', 'HasTV: True', ""Music: {'dj': False, 'background_music': False, 'no_music': False, 'karaoke': False, 'live': False, 'video': False, 'jukebox': False}"", 'NoiseLevel: average', 'OutdoorSeating: False', 'RestaurantsAttire: casual', 'RestaurantsDelivery: False', 'RestaurantsGoodForGroups: True', 'RestaurantsPriceRange2: 2', 'RestaurantsReservations: True', 'RestaurantsTableService: True', 'RestaurantsTakeOut: True', 'Smoking: outdoor', 'WiFi: no']",-79.456937,211 Main Street,L3Y 3Z3,ON,1,PAZC7ENEmDDgNMZngJSxxg,business
Piada Italian Street Food,Pittsburgh,12,"['Monday 10:45-22:0', 'Tuesday 10:45-22:0', 'Wednesday 10:45-22:0', 'Thursday 10:45-22:0', 'Friday 10:45-22:0', 'Saturday 10:45-22:0', 'Sunday 10:45-22:0']",Oakland,"['Restaurants', 'Salad', 'Italian']",40.4405566,4.5,"['Caters: True', 'BusinessAcceptsCreditCards: True', ""BusinessParking: {'garage': False, 'street': False, 'validated': False, 'lot': False, 'valet': False}"", 'GoodForKids: True', ""GoodForMeal: {'dessert': False, 'latenight': False, 'lunch': False, 'dinner': False, 'breakfast': False, 'brunch': False}"", 'RestaurantsAttire: casual', 'RestaurantsGoodForGroups: True', 'RestaurantsPriceRange2: 2', 'RestaurantsReservations: False', 'RestaurantsTakeOut: True', 'BikeParking: False', 'HasTV: False', 'OutdoorSeating: False', 'RestaurantsDelivery: False', 'WiFi: free', ""Ambience: {'romantic': False, 'intimate': False, 'classy': False, 'hipster': False, 'divey': False, 'touristy': False, 'trendy': False, 'upscale': False, 'casual': True}"", 'NoiseLevel: average', 'RestaurantsTableService: False']",-79.9580515,3600 Forbes Ave,15213,PA,1,hHgSUnDB9yIrxUEMSmsdoQ,business
Mr Spicy,Pointe-Claire,7,"['Monday 11:0-22:0', 'Tuesday 12:0-22:0', 'Wednesday 12:0-22:0', 'Thursday 12:0-22:0', 'Friday 12:0-22:0', 'Saturday 16:0-23:0', 'Sunday 16:0-23:0']",Pointe-Claire,"['Thai', 'Chinese', 'Restaurants']",45.4632625,4.0,"['BikeParking: False', 'GoodForKids: True', 'RestaurantsAttire: casual', 'RestaurantsDelivery: True', 'RestaurantsPriceRange2: 2', 'RestaurantsReservations: True', 'RestaurantsTakeOut: True', ""Ambience: {'romantic': False, 'intimate': False, 'classy': False, 'hipster': False, 'touristy': False, 'trendy': False, 'upscale': False, 'casual': False}"", 'OutdoorSeating: False', 'RestaurantsGoodForGroups: True']",-73.7833731,1701 Boulevard des Sources,H9R 5A2,QC,1,1SWHrS6JVc5yLuJtBTds-g,business
My Big Fat Greek Gyro,Wexford,30,,,"['Mexican', 'Greek', 'Restaurants']",40.6319168,4.5,"['Alcohol: none', ""Ambience: {'romantic': False, 'intimate': False, 'classy': False, 'hipster': False, 'divey': False, 'touristy': False, 'trendy': False, 'upscale': False, 'casual': True}"", 'BusinessAcceptsCreditCards: True', ""BusinessParking: {'garage': False, 'street': False, 'validated': False, 'lot': True, 'valet': False}"", 'Caters: True', 'GoodForKids: True', ""GoodForMeal: {'dessert': False, 'latenight': False, 'lunch': True, 'dinner': False, 'breakfast': False, 'brunch': False}"", 'HasTV: True', 'NoiseLevel: average', 'OutdoorSeating: False', 'RestaurantsAttire: casual', 'RestaurantsDelivery: False', 'RestaurantsGoodForGroups: True', 'RestaurantsPriceRange2: 1', 'RestaurantsReservations: False', 'RestaurantsTableService: False', 'RestaurantsTakeOut: True', 'WheelchairAccessible: True', 'BikeParking: False', 'WiFi: free']",-80.0584404,"Pine Tree Shoppes, 12027 Perry Hwy",15090,PA,1,0Ge4hEQ8HYnrkfm8UHj2BQ,business
Eathai,Toronto,7,"['Tuesday 11:0-21:30', 'Wednesday 11:0-21:30', 'Thursday 11:0-21:30', 'Friday 11:0-22:0', 'Saturday 16:0-22:0', 'Sunday 16:0-21:30']",East York,"['Asian Fusion', 'Restaurants', 'Thai']",43.6960113154,2.5,"['Alcohol: full_bar', ""Ambience: {'romantic': False, 'intimate': False, 'classy': False, 'hipster': False, 'touristy': False, 'trendy': False, 'upscale': False, 'casual': False}"", 'BikeParking: True', 'BusinessAcceptsCreditCards: True', ""BusinessParking: {'garage': False, 'street': False, 'validated': False, 'lot': False, 'valet': False}"", 'Caters: True', 'GoodForKids: True', ""GoodForMeal: {'dessert': False, 'latenight': False, 'lunch': False, 'dinner': False, 'breakfast': False, 'brunch': False}"", 'HasTV: True', 'NoiseLevel: quiet', 'OutdoorSeating: True', 'RestaurantsAttire: casual', 'RestaurantsDelivery: True', 'RestaurantsGoodForGroups: True', 'RestaurantsPriceRange2: 2', 'RestaurantsReservations: True', 'RestaurantsTableService: True', 'RestaurantsTakeOut: True', 'WiFi: no']",-79.3287539855,969 Coxwell Avenue,M4C 3G4,ON,0,C9xw2AkDMtWMQ3sIDo98aA,business
K&W Cafeteria,Charlotte,25,,,"['Restaurants', 'Cafes', 'Sandwiches']",35.088675,3.0,"['Alcohol: none', ""Ambience: {'romantic': False, 'intimate': False, 'classy': False, 'hipster': False, 'divey': False, 'touristy': False, 'trendy': False, 'upscale': False, 'casual': True}"", 'BikeParking: False', 'BusinessAcceptsCreditCards: True', ""BusinessParking: {'garage': False, 'street': False, 'validated': False, 'lot': True, 'valet': False}"", 'Caters: True', 'GoodForKids: True', ""GoodForMeal: {'dessert': False, 'latenight': False, 'lunch': True, 'dinner': False, 'breakfast': False, 'brunch': False}"", 'HasTV: False', 'NoiseLevel: average', 'OutdoorSeating: False', 'RestaurantsAttire: casual', 'RestaurantsDelivery: False', 'RestaurantsGoodForGroups: True', 'RestaurantsPriceRange2: 1', 'RestaurantsReservations: False', 'RestaurantsTableService: False', 'RestaurantsTakeOut: True', 'WiFi: no']",-80.865605,8652 Pineville-Matthews Rd,28210,NC,1,gIIEgpdUPm1IMs-yKl-91A,business
Dave's Cosmic Subs,Mentor,27,"['Monday 11:0-21:0', 'Tuesday 11:0-21:0', 'Wednesday 11:0-21:0', 'Thursday 11:0-21:0', 'Friday 11:0-21:0', 'Saturday 11:0-21:0', 'Sunday 11:0-17:0']",,"['Sandwiches', 'Caterers', 'Event Planning & Services', 'Restaurants']",41.6838983,4.0,"['Alcohol: none', ""Ambience: {'romantic': False, 'intimate': False, 'classy': False, 'hipster': False, 'divey': False, 'touristy': False, 'trendy': False, 'upscale': False, 'casual': True}"", 'BikeParking: False', 'BusinessAcceptsCreditCards: True', ""BusinessParking: {'garage': False, 'street': False, 'validated': False, 'lot': True, 'valet': False}"", 'Caters: True', 'GoodForKids: True', ""GoodForMeal: {'dessert': False, 'latenight': False, 'lunch': True, 'dinner': True, 'breakfast': False, 'brunch': False}"", 'HasTV: True', 'NoiseLevel: average', 'OutdoorSeating: False', 'RestaurantsAttire: casual', 'RestaurantsDelivery: True', 'RestaurantsGoodForGroups: True', 'RestaurantsPriceRange2: 1', 'RestaurantsReservations: False', 'RestaurantsTableService: False', 'RestaurantsTakeOut: True', 'WheelchairAccessible: True', 'WiFi: no']",-81.2940776,9664 Mentor Ave,44060,OH,1,06X34OSshQJPDiyUDHtS0A,business
Tang Dynasty,Urbana,24,"['Monday 11:0-21:30', 'Tuesday 11:0-21:30', 'Wednesday 11:0-21:30', 'Thursday 11:0-21:30', 'Friday 11:0-22:0', 'Saturday 11:0-22:0', 'Sunday 12:0-21:0']",,"['Desserts', 'Restaurants', 'Food', 'Chinese', 'Barbeque']",40.111024,3.0,"['Alcohol: beer_and_wine', ""Ambience: {'romantic': False, 'intimate': False, 'classy': False, 'hipster': False, 'divey': False, 'touristy': False, 'trendy': False, 'upscale': False, 'casual': True}"", 'BikeParking: True', 'BusinessAcceptsCreditCards: True', ""BusinessParking: {'garage': False, 'street': False, 'validated': False, 'lot': False, 'valet': False}"", 'Caters: True', 'GoodForKids: True', ""GoodForMeal: {'dessert': False, 'latenight': False, 'lunch': True, 'dinner': False, 'breakfast': False, 'brunch': False}"", 'HasTV: False', 'NoiseLevel: average', 'OutdoorSeating: False', 'RestaurantsAttire: casual', 'RestaurantsDelivery: True', 'RestaurantsGoodForGroups: True', 'RestaurantsPriceRange2: 2', 'RestaurantsReservations: True', 'RestaurantsTableService: True', 'RestaurantsTakeOut: True', 'WiFi: no']",-88.197063,140 Lincoln Sq Mall,61801,IL,1,BLtzUCwmGOSVgPJ78N3ORA,business
Michael's Catering & Cafe,Twinsburg,6,"['Monday 11:0-14:0', 'Tuesday 11:0-14:0', 'Wednesday 11:0-15:0', 'Thursday 11:0-15:0', 'Friday 11:0-15:0']",,"['Beer', 'Wine & Spirits', 'Burgers', 'Cafes', 'Restaurants', 'Event Planning & Services', 'Sandwiches', 'Food', 'Venues & Event Spaces']",41.3399408,4.0,"['Alcohol: beer_and_wine', 'BikeParking: True', 'BusinessAcceptsCreditCards: True', ""BusinessParking: {'garage': False, 'street': False, 'validated': False, 'lot': False, 'valet': False}"", 'GoodForKids: True', ""GoodForMeal: {'dessert': False, 'latenight': False, 'lunch': False, 'dinner': False, 'breakfast': False, 'brunch': False}"", 'OutdoorSeating: True', 'RestaurantsAttire: casual', 'RestaurantsDelivery: True', 'RestaurantsGoodForGroups: True', 'RestaurantsPriceRange2: 2', 'RestaurantsReservations: True', 'RestaurantsTableService: False', 'RestaurantsTakeOut: True', 'WheelchairAccessible: True', 'WiFi: free', ""Ambience: {'romantic': False, 'intimate': False, 'classy': False, 'hipster': False, 'divey': False, 'touristy': False, 'trendy': False, 'upscale': False, 'casual': False}"", 'HasTV: False', 'NoiseLevel: quiet', 'Caters: True']",-81.4390425,"10071 Darrow Rd, Ste B",44087,OH,1,uS6Y0NyYvTA9lBStLVrbHQ,business
Hero Certified Burgers - Bovaird & Hurontario,Brampton,14,"['Monday 11:0-23:0', 'Tuesday 11:0-23:0', 'Wednesday 11:0-23:0', 'Thursday 11:0-23:0', 'Friday 11:0-0:0', 'Saturday 11:0-0:0', 'Sunday 11:0-23:0']",,"['Burgers', 'Restaurants']",43.7059599,3.0,"['Alcohol: none', ""Ambience: {'romantic': False, 'intimate': False, 'classy': False, 'hipster': False, 'touristy': False, 'trendy': False, 'upscale': False, 'casual': False}"", 'BikeParking: True', 'BusinessAcceptsCreditCards: True', ""BusinessParking: {'garage': False, 'street': False, 'validated': False, 'lot': False, 'valet': False}"", 'Caters: False', 'DriveThru: False', 'GoodForKids: True', ""GoodForMeal: {'dessert': False, 'latenight': False, 'lunch': False, 'dinner': False, 'breakfast': False, 'brunch': False}"", 'HasTV: False', 'NoiseLevel: quiet', 'OutdoorSeating: False', 'RestaurantsAttire: casual', 'RestaurantsDelivery: False', 'RestaurantsGoodForGroups: True', 'RestaurantsPriceRange2: 1', 'RestaurantsReservations: False', 'RestaurantsTableService: True', 'RestaurantsTakeOut: True', 'WiFi: free']",-79.7868696,"10025 Hurontario St., Unit 1",L6Z 0E6,ON,1,bn-6beZwTvxVtlx8TrQpww,business
Aroma Coffee Bar,Edinburgh,7,,Old Town,"['Food', 'Restaurants', 'Fast Food', 'Coffee & Tea']",55.9489418,3.5,"['Alcohol: none', 'RestaurantsPriceRange2: 1', 'RestaurantsReservations: False', 'RestaurantsTableService: True', 'RestaurantsTakeOut: True']",-3.1872091,75 South Bridge,EH1 1HN,EDH,0,iqQKB-JSd_s-My4IfjUCvg,business
Iron Chef Japanese Steak House Asian Cuisine,Mississauga,49,"['Monday 17:0-22:0', 'Tuesday 11:30-15:0', 'Tuesday 17:0-22:0', 'Wednesday 11:30-15:0', 'Wednesday 17:0-22:0', 'Thursday 17:0-22:0', 'Friday 11:30-15:0', 'Saturday 16:0-23:0', 'Sunday 17:0-23:0']",,"['Japanese', 'Restaurants']",43.6256380337,3.5,"['Alcohol: full_bar', ""Ambience: {'romantic': False, 'intimate': False, 'classy': False, 'hipster': False, 'touristy': False, 'trendy': False, 'upscale': False, 'casual': True}"", 'BikeParking: True', 'BusinessAcceptsCreditCards: True', ""BusinessParking: {'garage': False, 'street': False, 'validated': False, 'lot': True, 'valet': False}"", 'Caters: True', 'GoodForKids: True', ""GoodForMeal: {'dessert': False, 'latenight': False, 'lunch': True, 'dinner': True, 'breakfast': False, 'brunch': False}"", 'HasTV: False', 'NoiseLevel: average', 'OutdoorSeating: False', 'RestaurantsAttire: casual', 'RestaurantsDelivery: True', 'RestaurantsGoodForGroups: True', 'RestaurantsPriceRange2: 2', 'RestaurantsReservations: True', 'RestaurantsTableService: True', 'RestaurantsTakeOut: True', 'WheelchairAccessible: True', 'WiFi: free']",-79.6307837963,4920 Tomken Road,L4W 1J8,ON,1,TxOjL5plaQ1803ad4O7WSw,business
Franks Pizza  and Chicken,Glenshaw,17,"['Monday 11:0-23:0', 'Tuesday 11:0-23:0', 'Wednesday 11:0-23:0', 'Thursday 11:0-23:0', 'Friday 11:0-0:0', 'Saturday 11:0-0:0', 'Sunday 11:0-22:0']",,"['Restaurants', 'Pizza', 'Chicken Wings', 'Italian']",40.5263857,3.0,"['Alcohol: none', ""Ambience: {'romantic': False, 'intimate': False, 'classy': False, 'hipster': False, 'divey': True, 'touristy': False, 'trendy': False, 'upscale': False, 'casual': False}"", 'BikeParking: True', 'BusinessAcceptsBitcoin: False', 'BusinessAcceptsCreditCards: True', ""BusinessParking: {'garage': False, 'street': False, 'validated': False, 'lot': True, 'valet': False}"", 'Caters: True', 'DogsAllowed: False', 'GoodForKids: True', ""GoodForMeal: {'dessert': False, 'latenight': False, 'lunch': True, 'dinner': True, 'breakfast': False, 'brunch': False}"", 'HasTV: True', 'NoiseLevel: average', 'OutdoorSeating: False', 'RestaurantsAttire: casual', 'RestaurantsDelivery: True', 'RestaurantsGoodForGroups: True', 'RestaurantsPriceRange2: 2', 'RestaurantsReservations: True', 'RestaurantsTableService: True', 'RestaurantsTakeOut: True', 'WheelchairAccessible: True', 'WiFi: free']",-79.9633474,1722 Mt Royal Blvd,15116,PA,1,yhT2iTPtvQttZxYS9cNF0A,business
Löwenstube,Stuttgart,4,"['Monday 11:30-23:0', 'Tuesday 11:30-23:0', 'Wednesday 11:30-23:0', 'Thursday 11:30-23:0', 'Friday 11:30-23:0', 'Saturday 17:0-23:0']",,"['Restaurants', 'International']",48.7732689,5.0,"['Alcohol: full_bar', ""Ambience: {'romantic': False, 'intimate': False, 'classy': False, 'hipster': False, 'touristy': False, 'trendy': False, 'upscale': False, 'casual': False}"", 'BusinessAcceptsCreditCards: True', ""BusinessParking: {'garage': False, 'street': False, 'validated': False, 'lot': False, 'valet': False}"", ""DietaryRestrictions: {'dairy-free': False, 'gluten-free': False, 'vegan': False, 'kosher': False, 'halal': False, 'soy-free': False, 'vegetarian': False}"", 'DogsAllowed: True', ""GoodForMeal: {'dessert': False, 'latenight': False, 'lunch': False, 'dinner': False, 'breakfast': False, 'brunch': False}"", 'HasTV: True', 'NoiseLevel: average', 'OutdoorSeating: True', 'RestaurantsAttire: dressy', 'RestaurantsDelivery: False', 'RestaurantsGoodForGroups: True', 'RestaurantsPriceRange2: 2', 'RestaurantsReservations: True', 'RestaurantsTableService: True', 'RestaurantsTakeOut: True', 'WiFi: paid']",9.2422814,Ulmer Str. 333,70327,BW,1,Qj_Jl73q9Fa0owhLYh77Rw,business
The Host,Toronto,70,"['Monday 12:0-22:0', 'Tuesday 12:0-22:0', 'Wednesday 12:0-22:0', 'Thursday 12:0-22:0', 'Friday 12:0-23:0', 'Saturday 12:0-23:0', 'Sunday 12:0-22:0']",The Annex,"['Indian', 'Middle Eastern', 'Caterers', 'Restaurants', 'Pakistani', 'Event Planning & Services']",43.669935,3.5,"['Alcohol: full_bar', ""Ambience: {'romantic': False, 'intimate': True, 'classy': False, 'hipster': False, 'touristy': False, 'trendy': False, 'upscale': False, 'casual': False}"", 'BikeParking: True', 'BusinessAcceptsCreditCards: True', ""BusinessParking: {'garage': False, 'street': True, 'validated': False, 'lot': False, 'valet': False}"", 'Caters: True', 'GoodForKids: True', ""GoodForMeal: {'dessert': False, 'latenight': False, 'lunch': True, 'dinner': True, 'breakfast': False, 'brunch': False}"", 'HasTV: False', 'NoiseLevel: quiet', 'OutdoorSeating: True', 'RestaurantsAttire: casual', 'RestaurantsDelivery: True', 'RestaurantsGoodForGroups: True', 'RestaurantsPriceRange2: 2', 'RestaurantsReservations: True', 'RestaurantsTableService: True', 'RestaurantsTakeOut: True', 'WheelchairAccessible: True', 'WiFi: no']",-79.3958579,14 Prince Arthur Avenue,M5R 1A9,ON,1,OFAiA6En2HD0CqLkFDCNpg,business
Casa Amiga,Edinburgh,10,"['Monday 8:0-18:0', 'Tuesday 8:0-18:0', 'Wednesday 8:0-18:0', 'Thursday 8:0-18:0', 'Friday 8:0-18:0', 'Saturday 8:0-18:0', 'Sunday 9:0-18:0']",Leith,"['Coffee & Tea', 'Restaurants', 'Bakeries', 'Patisserie/Cake Shop', 'Cafes', 'Food']",55.9653718596,4.5,"['Alcohol: beer_and_wine', ""Ambience: {'romantic': False, 'intimate': False, 'classy': False, 'hipster': False, 'touristy': False, 'trendy': False, 'upscale': False, 'casual': False}"", 'BikeParking: True', 'BusinessAcceptsCreditCards: True', ""BusinessParking: {'garage': False, 'street': True, 'lot': False, 'valet': False}"", 'Caters: True', 'DogsAllowed: False', 'GoodForKids: True', ""GoodForMeal: {'dessert': False, 'latenight': False, 'lunch': False, 'dinner': False, 'breakfast': False, 'brunch': True}"", 'HasTV: False', 'NoiseLevel: average', 'OutdoorSeating: True', 'RestaurantsAttire: casual', 'RestaurantsDelivery: False', 'RestaurantsGoodForGroups: True', 'RestaurantsPriceRange2: 1', 'RestaurantsReservations: False', 'RestaurantsTableService: True', 'RestaurantsTakeOut: True', 'WheelchairAccessible: True', 'WiFi: free']",-3.1765733287,294 Leith Walk,EH6 5BX,EDH,1,vIaWHg-nbg4r1O-83NKRHQ,business
Boston Pizza,Scarborough,18,,Scarborough,"['Restaurants', 'Pizza']",43.7291685,3.5,"['Alcohol: full_bar', ""Ambience: {'romantic': False, 'intimate': False, 'classy': False, 'hipster': False, 'touristy': False, 'trendy': False, 'upscale': False, 'casual': True}"", 'BikeParking: False', 'BusinessAcceptsCreditCards: True', ""BusinessParking: {'garage': False, 'street': False, 'validated': False, 'lot': True, 'valet': False}"", 'Caters: False', 'GoodForKids: True', ""GoodForMeal: {'dessert': False, 'latenight': True, 'lunch': True, 'dinner': False, 'breakfast': False, 'brunch': False}"", 'HasTV: True', 'NoiseLevel: average', 'OutdoorSeating: True', 'RestaurantsAttire: casual', 'RestaurantsDelivery: True', 'RestaurantsGoodForGroups: True', 'RestaurantsPriceRange2: 2', 'RestaurantsReservations: True', 'RestaurantsTableService: True', 'RestaurantsTakeOut: True', 'WiFi: no']",-79.2885446,890 Warden Avenue,M1L 4W6,ON,1,wOqglJjthfVmD5M2Pwtjgg,business
Togoshi Ramen,Las Vegas,28,,Eastside,"['Restaurants', 'Japanese']",36.1214322,4.0,"['Alcohol: beer_and_wine', 'BYOB: False', 'BYOBCorkage: yes_free', 'BusinessAcceptsCreditCards: True', ""BusinessParking: {'garage': False, 'street': False, 'validated': False, 'lot': True, 'valet': False}"", 'Corkage: False', 'GoodForKids: True', ""GoodForMeal: {'dessert': False, 'latenight': False, 'lunch': False, 'dinner': True, 'breakfast': False, 'brunch': False}"", 'OutdoorSeating: False', 'RestaurantsAttire: casual', 'RestaurantsCounterService: False', 'RestaurantsDelivery: False', 'RestaurantsGoodForGroups: True', 'RestaurantsPriceRange2: 1', 'RestaurantsReservations: False', 'RestaurantsTableService: True', 'RestaurantsTakeOut: True', 'WheelchairAccessible: True']",-115.1445783,"855 E Twain Ave, Ste 107",89169,NV,0,BFZ4mqQ3hRKxzbdOU2Nrqw,business
Domino's Pizza,Mesa,18,"['Monday 10:0-1:0', 'Tuesday 10:0-1:0', 'Wednesday 10:0-1:0', 'Thursday 10:0-1:0', 'Friday 10:0-3:0', 'Saturday 10:0-3:0', 'Sunday 10:0-1:0']",,"['Pizza', 'Restaurants', 'Sandwiches', 'Chicken Wings']",33.4054213,4.0,"['Alcohol: none', ""Ambience: {'romantic': False, 'intimate': False, 'classy': False, 'hipster': False, 'divey': False, 'touristy': False, 'trendy': False, 'upscale': False, 'casual': False}"", 'BikeParking: False', 'BusinessAcceptsCreditCards: True', ""BusinessParking: {'garage': False, 'street': False, 'validated': False, 'lot': True, 'valet': False}"", 'GoodForKids: True', ""GoodForMeal: {'dessert': False, 'latenight': False, 'lunch': False, 'dinner': False, 'breakfast': False, 'brunch': False}"", 'HasTV: True', 'OutdoorSeating: False', 'RestaurantsAttire: casual', 'RestaurantsDelivery: True', 'RestaurantsGoodForGroups: True', 'RestaurantsPriceRange2: 1', 'RestaurantsReservations: False', 'RestaurantsTableService: False', 'RestaurantsTakeOut: True', 'WheelchairAccessible: True', 'WiFi: no']",-111.8750455,510 S Dobson Rd,85202,AZ,1,c8DO25hR5lNWOwQmz1hhpQ,business
Copper Kettle-Salads Balti & Taandoori Grill,Mesa,31,"['Monday 11:0-21:30', 'Tuesday 11:0-21:30', 'Wednesday 11:0-21:30', 'Thursday 11:0-21:30', 'Friday 11:0-21:30', 'Saturday 11:0-21:30', 'Sunday 11:0-21:30']",,"['Buffets', 'Pakistani', 'Restaurants', 'Indian']",33.362719,3.5,"['Alcohol: none', ""Ambience: {'romantic': False, 'intimate': False, 'classy': False, 'hipster': False, 'divey': False, 'touristy': False, 'trendy': False, 'upscale': False, 'casual': False}"", 'BusinessAcceptsCreditCards: True', ""BusinessParking: {'garage': False, 'street': False, 'validated': False, 'lot': True, 'valet': False}"", 'GoodForKids: False', ""GoodForMeal: {'dessert': False, 'latenight': False, 'lunch': True, 'dinner': True, 'breakfast': False, 'brunch': False}"", 'HasTV: True', 'NoiseLevel: quiet', 'OutdoorSeating: False', 'RestaurantsAttire: casual', 'RestaurantsDelivery: False', 'RestaurantsGoodForGroups: True', 'RestaurantsPriceRange2: 2', 'RestaurantsReservations: True', 'RestaurantsTableService: True', 'RestaurantsTakeOut: True', 'WheelchairAccessible: True', 'WiFi: free']",-111.8761389,"1941 W Guadalupe Rd, Ste 102",85202,AZ,0,ezDMJGONUEy1DyGSJ3vUJw,business
Szechuan Express,Mesa,36,"['Monday 16:0-21:45', 'Tuesday 11:0-21:45', 'Wednesday 11:0-21:45', 'Thursday 11:0-21:45', 'Friday 11:0-21:45', 'Saturday 11:0-21:45', 'Sunday 16:0-21:45']",,"['Chinese', 'Thai', 'Restaurants']",33.3948018,4.0,"['Alcohol: none', ""Ambience: {'romantic': False, 'intimate': False, 'classy': False, 'hipster': False, 'divey': False, 'touristy': False, 'trendy': False, 'upscale': False, 'casual': True}"", 'BikeParking: True', 'BusinessAcceptsCreditCards: True', ""BusinessParking: {'garage': False, 'street': False, 'validated': False, 'lot': True, 'valet': False}"", 'Caters: True', 'DogsAllowed: False', 'GoodForKids: True', ""GoodForMeal: {'dessert': False, 'latenight': False, 'lunch': True, 'dinner': True, 'breakfast': False, 'brunch': False}"", 'HasTV: False', 'NoiseLevel: quiet', 'OutdoorSeating: False', 'RestaurantsAttire: casual', 'RestaurantsDelivery: True', 'RestaurantsPriceRange2: 1', 'RestaurantsReservations: False', 'RestaurantsTableService: True', 'RestaurantsTakeOut: True', 'WheelchairAccessible: True', 'WiFi: no', 'RestaurantsGoodForGroups: True']",-111.8751042,"1116 S Dobson Rd, Ste  132",85202,AZ,1,fBmyj1okdO1p-GUzfQQohg,business
Grandpa's Pizza,Phoenix,15,"['Monday 11:0-21:0', 'Tuesday 11:0-21:0', 'Wednesday 11:0-21:0', 'Thursday 11:0-21:0', 'Friday 11:0-22:0', 'Saturday 12:0-22:0', 'Sunday 12:0-21:0']",,"['Pizza', 'Restaurants']",33.4792484,3.5,"['Alcohol: none', ""Ambience: {'romantic': False, 'intimate': False, 'classy': False, 'hipster': False, 'divey': False, 'touristy': False, 'trendy': False, 'upscale': False, 'casual': False}"", 'BikeParking: True', 'BusinessAcceptsCreditCards: True', ""BusinessParking: {'garage': False, 'street': False, 'validated': False, 'lot': False, 'valet': False}"", 'GoodForKids: True', ""GoodForMeal: {'dessert': False, 'latenight': False, 'lunch': True, 'dinner': False, 'breakfast': False, 'brunch': False}"", 'HasTV: True', 'NoiseLevel: average', 'OutdoorSeating: False', 'RestaurantsAttire: casual', 'RestaurantsDelivery: False', 'RestaurantsGoodForGroups: False', 'RestaurantsPriceRange2: 2', 'RestaurantsReservations: False', 'RestaurantsTakeOut: True', 'WiFi: no']",-112.2183881,7333 W Thomas Road,85033,AZ,1,BAbRAGFnht4BM0QG_OM1Og,business
Chae Chester Fried Chicken Express,Toronto,3,,,['Restaurants'],43.6711057,4.0,['RestaurantsPriceRange2: 1'],-79.3751345,23 Howard Street,M4X 1J6,ON,1,9DLBwCS4hu_xaiENCbYXbQ,business
Chick-fil-A,Charlotte,10,"['Monday 9:0-21:0', 'Tuesday 9:0-21:0', 'Wednesday 9:0-21:0', 'Thursday 9:0-21:0', 'Friday 9:0-21:0', 'Saturday 9:0-21:0']",,"['Fast Food', 'Chicken Wings', 'Restaurants']",35.352234,3.5,"['Alcohol: none', ""Ambience: {'romantic': False, 'intimate': False, 'classy': False, 'hipster': False, 'divey': False, 'touristy': False, 'trendy': False, 'upscale': False, 'casual': False}"", 'BikeParking: True', 'BusinessAcceptsCreditCards: True', ""BusinessParking: {'garage': False, 'street': False, 'validated': False, 'lot': False, 'valet': False}"", 'Caters: True', 'DriveThru: True', 'GoodForKids: True', ""GoodForMeal: {'dessert': False, 'latenight': False, 'lunch': False, 'dinner': False, 'breakfast': False, 'brunch': False}"", 'HasTV: False', 'NoiseLevel: average', 'OutdoorSeating: False', 'RestaurantsAttire: casual', 'RestaurantsDelivery: False', 'RestaurantsGoodForGroups: True', 'RestaurantsPriceRange2: 1', 'RestaurantsReservations: False', 'RestaurantsTableService: True', 'RestaurantsTakeOut: False', 'WiFi: free']",-80.850743,6801 Northlake Mall Dr,28216,NC,1,YM0PtCoW9-j-0kc_PVn-wQ,business
Federick Chinese Restaurant Hakka Indian Cuisine,Mississauga,21,"['Monday 11:30-22:0', 'Tuesday 11:30-22:0', 'Wednesday 11:30-22:0', 'Thursday 11:30-22:0', 'Friday 11:30-23:0', 'Saturday 11:30-23:0', 'Sunday 13:0-22:0']",Cooksville,"['Restaurants', 'Chinese']",43.579018,3.0,"['Alcohol: full_bar', ""Ambience: {'romantic': False, 'intimate': False, 'classy': False, 'hipster': False, 'touristy': False, 'trendy': False, 'upscale': False, 'casual': False}"", 'BikeParking: True', 'BusinessAcceptsCreditCards: True', ""BusinessParking: {'garage': False, 'street': False, 'validated': False, 'lot': False, 'valet': False}"", 'Caters: False', 'GoodForKids: True', ""GoodForMeal: {'dessert': False, 'latenight': False, 'lunch': False, 'dinner': False, 'breakfast': False, 'brunch': False}"", 'HasTV: False', 'NoiseLevel: quiet', 'OutdoorSeating: False', 'RestaurantsAttire: casual', 'RestaurantsDelivery: False', 'RestaurantsGoodForGroups: True', 'RestaurantsPriceRange2: 2', 'RestaurantsReservations: False', 'RestaurantsTableService: True', 'RestaurantsTakeOut: True', 'WiFi: no']",-79.614297,"Unit 112, 2515 Hurontario Street",L5A 4C8,ON,1,Yo_cFLv1Kf92LP1JSwjDmw,business
A Taste of Philly,Charlotte,3,,University City,"['Restaurants', 'Cheesesteaks']",35.3106099,3.0,"['BusinessAcceptsCreditCards: True', ""GoodForMeal: {'dessert': False, 'latenight': False, 'lunch': False, 'dinner': False, 'breakfast': False, 'brunch': False}"", 'RestaurantsDelivery: False', 'RestaurantsGoodForGroups: False', 'RestaurantsReservations: False']",-80.748385,9015-5B JM Keynes Dr,28262,NC,0,wcBxjK5CdOuVOQCRMfd6Hw,business
Cafe Monarch,Scottsdale,478,"['Tuesday 17:30-20:30', 'Wednesday 17:30-20:30', 'Thursday 17:30-20:30', 'Friday 17:0-21:30', 'Saturday 17:0-21:30', 'Sunday 17:30-19:30']",,"['Restaurants', 'American (New)', 'Desserts', 'Food', 'American (Traditional)', 'Nightlife', 'Wine Bars', 'Bars']",33.494225,4.5,"['Alcohol: full_bar', ""Ambience: {'romantic': True, 'intimate': True, 'classy': False, 'hipster': False, 'divey': False, 'touristy': False, 'trendy': False, 'upscale': False, 'casual': False}"", 'BYOBCorkage: no', 'BikeParking: True', 'BusinessAcceptsBitcoin: False', 'BusinessAcceptsCreditCards: True', ""BusinessParking: {'garage': False, 'street': True, 'validated': False, 'lot': True, 'valet': False}"", 'Caters: False', 'DogsAllowed: False', 'GoodForDancing: False', 'GoodForKids: False', ""GoodForMeal: {'dessert': False, 'latenight': False, 'lunch': False, 'dinner': True, 'breakfast': False, 'brunch': False}"", 'HappyHour: False', 'HasTV: False', 'NoiseLevel: quiet', 'OutdoorSeating: True', 'RestaurantsAttire: casual', 'RestaurantsDelivery: False', 'RestaurantsGoodForGroups: True', 'RestaurantsPriceRange2: 3', 'RestaurantsReservations: True', 'RestaurantsTableService: True', 'RestaurantsTakeOut: True', 'Smoking: no', 'WheelchairAccessible: False', 'WiFi: free', ""BestNights: {'monday': False, 'tuesday': False, 'friday': True, 'wednesday': False, 'thursday': False, 'sunday': False, 'saturday': False}"", ""Music: {'dj': False, 'background_music': False, 'no_music': False, 'karaoke': False, 'live': True, 'video': False, 'jukebox': False}""]",-111.931461,"6934 E 1st Ave, Ste 102",85251,AZ,1,PNTyiqS7R-0c1ofxOfDijQ,business
The Cooking Pot,Charlotte,10,"['Monday 11:0-21:0', 'Tuesday 11:0-21:0', 'Wednesday 11:0-21:0', 'Thursday 11:0-21:0', 'Friday 11:0-21:0', 'Saturday 11:0-21:0', 'Sunday 12:0-19:0']",Arboretum,"['Restaurants', 'African']",35.1817769,4.5,"['Alcohol: beer_and_wine', ""Ambience: {'romantic': False, 'intimate': False, 'classy': False, 'hipster': False, 'divey': False, 'touristy': False, 'trendy': False, 'upscale': False, 'casual': True}"", 'BikeParking: False', 'BusinessAcceptsCreditCards: True', ""BusinessParking: {'garage': False, 'street': False, 'validated': False, 'lot': False, 'valet': False}"", 'GoodForKids: True', ""GoodForMeal: {'dessert': False, 'latenight': False, 'lunch': True, 'dinner': False, 'breakfast': False, 'brunch': False}"", 'HasTV: True', 'NoiseLevel: average', 'OutdoorSeating: False', 'RestaurantsAttire: casual', 'RestaurantsDelivery: False', 'RestaurantsGoodForGroups: True', 'RestaurantsPriceRange2: 1', 'RestaurantsReservations: True', 'RestaurantsTableService: False', 'RestaurantsTakeOut: True', 'WiFi: no']",-80.756373,"5622 E Independence Blvd, Ste 129",28212,NC,1,kSBsGa6sUd9sBf1WPFHn-A,business
Mr. Falafel,Dollard-Des-Ormeaux,5,"['Monday 11:0-23:0', 'Tuesday 11:0-23:0', 'Wednesday 11:0-23:0', 'Thursday 11:0-23:0', 'Friday 11:0-23:0', 'Saturday 11:0-23:0', 'Sunday 11:0-23:0']",Pierrefonds-Roxboro,"['Middle Eastern', 'Lebanese', 'Mediterranean', 'Falafel', 'Restaurants']",45.4876626995,4.5,"['Alcohol: none', 'BikeParking: True', 'BusinessAcceptsCreditCards: True', ""BusinessParking: {'garage': False, 'street': False, 'validated': False, 'lot': True, 'valet': False}"", 'Caters: True', 'DogsAllowed: False', 'GoodForKids: True', ""GoodForMeal: {'dessert': False, 'latenight': False, 'lunch': False, 'dinner': False, 'breakfast': False, 'brunch': False}"", 'HasTV: True', 'NoiseLevel: quiet', 'OutdoorSeating: False', 'RestaurantsAttire: casual', 'RestaurantsDelivery: True', 'RestaurantsGoodForGroups: True', 'RestaurantsPriceRange2: 1', 'RestaurantsReservations: False', 'RestaurantsTableService: False', 'RestaurantsTakeOut: True', 'WheelchairAccessible: False']",-73.8480900959,4701 Boulevard Saint-Jean,H9H 2A7,QC,1,3iyQGSZSmUWLXIe3CkBsjg,business
Fung Lam Court Chinese Restaurant,Markham,18,,Milliken,"['Chinese', 'Restaurants']",43.8294503,3.5,"['Alcohol: none', ""Ambience: {'romantic': False, 'intimate': False, 'classy': False, 'hipster': False, 'touristy': False, 'trendy': False, 'upscale': False, 'casual': False}"", 'BikeParking: True', 'BusinessAcceptsCreditCards: True', ""BusinessParking: {'garage': False, 'street': False, 'validated': False, 'lot': False, 'valet': False}"", 'Caters: False', 'GoodForKids: True', ""GoodForMeal: {'dessert': False, 'latenight': False, 'lunch': False, 'dinner': False, 'breakfast': False, 'brunch': True}"", 'HasTV: False', 'NoiseLevel: average', 'OutdoorSeating: False', 'RestaurantsAttire: casual', 'RestaurantsDelivery: False', 'RestaurantsGoodForGroups: True', 'RestaurantsPriceRange2: 2', 'RestaurantsReservations: True', 'RestaurantsTableService: True', 'RestaurantsTakeOut: True', 'WiFi: no']",-79.3070466,7220 Kennedy Road,L3R 0N4,ON,0,EZUhUW3S8qG9kEfnkWlZxg,business
K2 Bistro,Montréal,28,"['Monday 11:30-22:30', 'Tuesday 11:30-22:30', 'Wednesday 11:30-22:30', 'Thursday 11:30-22:30', 'Friday 11:30-23:0', 'Saturday 12:0-23:0', 'Sunday 12:0-22:30']",Ville-Marie,"['Restaurants', 'Sushi Bars', 'Japanese']",45.4977251,3.0,"[""Ambience: {'romantic': False, 'intimate': False, 'classy': False, 'hipster': False, 'touristy': False, 'trendy': False, 'upscale': False, 'casual': False}"", 'BikeParking: True', 'BusinessAcceptsCreditCards: True', ""BusinessParking: {'garage': False, 'street': False, 'validated': False, 'lot': False, 'valet': False}"", 'Caters: False', ""GoodForMeal: {'dessert': False, 'latenight': False, 'lunch': True, 'dinner': False, 'breakfast': False, 'brunch': False}"", 'HasTV: False', 'NoiseLevel: loud', 'OutdoorSeating: False', 'RestaurantsAttire: casual', 'RestaurantsDelivery: True', 'RestaurantsGoodForGroups: True', 'RestaurantsPriceRange2: 2', 'RestaurantsReservations: True', 'RestaurantsTableService: True', 'RestaurantsTakeOut: True', 'WiFi: no', 'GoodForKids: True']",-73.5773111,1468 Rue Crescent,H3G 2B6,QC,1,En02RzaPS_5Exp8_LbJOdA,business
CLE Urban Winery,Cleveland Heights,27,"['Monday 17:0-21:0', 'Tuesday 14:0-22:0', 'Wednesday 14:0-22:0', 'Thursday 14:0-22:0', 'Friday 14:0-23:0', 'Saturday 14:0-23:0']",,"['Arts & Entertainment', 'Wine Tasting Room', 'Wineries', 'Vegan', 'Food', 'Restaurants']",41.5002436,4.5,"['Alcohol: beer_and_wine', ""Ambience: {'romantic': False, 'intimate': False, 'classy': False, 'hipster': False, 'divey': False, 'touristy': False, 'trendy': False, 'upscale': False, 'casual': False}"", 'BikeParking: True', 'BusinessAcceptsBitcoin: False', 'BusinessAcceptsCreditCards: True', ""BusinessParking: {'garage': True, 'street': True, 'validated': False, 'lot': False, 'valet': True}"", 'ByAppointmentOnly: False', 'GoodForKids: False', ""GoodForMeal: {'dessert': False, 'latenight': False, 'lunch': False, 'dinner': False, 'breakfast': False, 'brunch': False}"", 'HasTV: False', 'NoiseLevel: average', 'OutdoorSeating: False', 'RestaurantsAttire: casual', 'RestaurantsDelivery: True', 'RestaurantsGoodForGroups: True', 'RestaurantsPriceRange2: 2', 'RestaurantsReservations: False', 'RestaurantsTableService: False', 'RestaurantsTakeOut: True', 'WheelchairAccessible: True']",-81.5657519,2180B Lee Rd,44118,OH,1,l-TaawqI-mlN4z_N9WdW9Q,business
La Bodega,Cleveland,75,"['Monday 10:0-17:0', 'Tuesday 10:0-17:0', 'Wednesday 10:0-17:0', 'Thursday 10:0-17:0', 'Friday 10:0-17:0', 'Saturday 10:0-16:0', 'Sunday 10:0-16:0']",Tremont,"['Soup', 'Restaurants', 'Sandwiches', 'Salad']",41.4786647,4.0,"['Alcohol: none', ""Ambience: {'romantic': False, 'intimate': False, 'classy': False, 'hipster': True, 'divey': False, 'touristy': False, 'trendy': False, 'upscale': False, 'casual': False}"", 'BikeParking: True', 'BusinessAcceptsCreditCards: True', ""BusinessParking: {'garage': False, 'street': True, 'validated': False, 'lot': False, 'valet': False}"", 'Caters: True', 'GoodForKids: True', ""GoodForMeal: {'dessert': False, 'latenight': False, 'lunch': True, 'dinner': False, 'breakfast': False, 'brunch': False}"", 'HasTV: False', 'NoiseLevel: average', 'OutdoorSeating: True', 'RestaurantsAttire: casual', 'RestaurantsDelivery: False', 'RestaurantsGoodForGroups: True', 'RestaurantsPriceRange2: 2', 'RestaurantsReservations: False', 'RestaurantsTableService: False', 'RestaurantsTakeOut: True', 'WheelchairAccessible: True', 'WiFi: free']",-81.6856774,869 Jefferson Ave,44113,OH,1,5mJlO3oCw_4vvbq1qM6OEg,business
Hokkaido Seafood Buffet,Pittsburgh,169,"['Monday 11:0-22:0', 'Tuesday 11:0-22:0', 'Wednesday 11:0-22:0', 'Thursday 11:0-22:0', 'Friday 11:0-22:30', 'Saturday 11:0-22:30', 'Sunday 11:0-22:0']",Squirrel Hill,"['Japanese', 'Sushi Bars', 'Restaurants', 'Buffets']",40.4154710864,3.5,"['Alcohol: none', ""Ambience: {'romantic': False, 'intimate': False, 'classy': False, 'hipster': False, 'divey': False, 'touristy': False, 'trendy': False, 'upscale': False, 'casual': True}"", 'BikeParking: True', 'BusinessAcceptsCreditCards: True', ""BusinessParking: {'garage': False, 'street': False, 'validated': False, 'lot': True, 'valet': False}"", 'Caters: False', 'GoodForKids: True', ""GoodForMeal: {'dessert': False, 'latenight': False, 'lunch': True, 'dinner': True, 'breakfast': False, 'brunch': False}"", 'HasTV: False', 'NoiseLevel: average', 'OutdoorSeating: False', 'RestaurantsAttire: casual', 'RestaurantsDelivery: False', 'RestaurantsGoodForGroups: True', 'RestaurantsPriceRange2: 2', 'RestaurantsReservations: True', 'RestaurantsTableService: True', 'RestaurantsTakeOut: True', 'WheelchairAccessible: True', 'WiFi: no']",-79.924143279,4612 Browns Hill Rd,15217,PA,1,X2f2s37_cFKo4xpzGFqk1w,business
Ichi Sushi,Montréal,5,,Ahunstic-Cartierville,"['Sushi Bars', 'Restaurants']",45.5582331,4.5,"['GoodForKids: True', 'RestaurantsDelivery: True', 'RestaurantsGoodForGroups: False', 'RestaurantsPriceRange2: 2', 'RestaurantsReservations: False', 'RestaurantsTakeOut: True']",-73.6592727,1037 Fleury Rue E,H2C 1P8,QC,1,vC_ut3jLGD08nX1dBov5mw,business
Jersey Mike's Subs,Phoenix,25,"['Monday 10:0-22:0', 'Tuesday 10:0-22:0', 'Wednesday 10:0-22:0', 'Thursday 10:0-22:0', 'Friday 10:0-22:0', 'Saturday 10:0-22:0', 'Sunday 10:0-21:0']",,"['Restaurants', 'Sandwiches', 'Delis', 'Fast Food']",33.3771936,3.5,"['Alcohol: none', ""Ambience: {'romantic': False, 'intimate': False, 'classy': False, 'hipster': False, 'divey': False, 'touristy': False, 'trendy': False, 'upscale': False, 'casual': True}"", 'BikeParking: True', 'BusinessAcceptsCreditCards: True', ""BusinessParking: {'garage': False, 'street': True, 'validated': False, 'lot': False, 'valet': False}"", 'Caters: True', 'DriveThru: False', 'GoodForKids: True', 'HasTV: True', 'NoiseLevel: average', 'OutdoorSeating: True', 'RestaurantsAttire: casual', 'RestaurantsDelivery: False', 'RestaurantsGoodForGroups: True', 'RestaurantsPriceRange2: 1', 'RestaurantsReservations: False', 'RestaurantsTableService: False', 'RestaurantsTakeOut: True', 'WiFi: free', ""GoodForMeal: {'dessert': False, 'latenight': False, 'lunch': True, 'dinner': True, 'breakfast': False, 'brunch': False}""]",-112.0297881,"2415 E. Baseline Road, Ste 117",85042,AZ,1,J--MCCcCmgJ5xLCzX6ev_g,business
Pizzeria Centrale,Sindelfingen,3,"['Tuesday 11:30-14:30', 'Tuesday 17:0-22:30', 'Wednesday 11:30-14:30', 'Wednesday 17:0-22:30', 'Thursday 11:30-14:30', 'Thursday 17:0-22:30', 'Friday 11:30-14:30', 'Friday 17:0-22:30', 'Saturday 11:30-14:30', 'Saturday 17:0-22:30', 'Sunday 11:30-14:30', 'Sunday 17:0-22:30']",,"['Pizza', 'Italian', 'Restaurants']",48.7234,4.0,"['BusinessAcceptsCreditCards: False', ""BusinessParking: {'garage': False, 'street': False, 'validated': False, 'lot': False, 'valet': False}"", 'DogsAllowed: False', 'OutdoorSeating: False', 'RestaurantsDelivery: False', 'RestaurantsTakeOut: False']",8.96431,Laurentiusstr. 30,71069,BW,1,qpiC2gGz5OHKAeDoTd5ikw,business
Eastern Twist,Toronto,36,"['Monday 11:0-22:0', 'Tuesday 11:0-22:0', 'Wednesday 11:0-22:0', 'Thursday 11:0-22:0', 'Friday 11:0-22:0', 'Saturday 11:30-22:0', 'Sunday 11:30-22:0']",Casa Loma,"['Restaurants', 'Pakistani', 'Indian']",43.6829397,4.0,"['Alcohol: none', ""Ambience: {'romantic': False, 'intimate': False, 'classy': False, 'hipster': False, 'touristy': False, 'trendy': False, 'upscale': False, 'casual': True}"", 'BikeParking: True', 'BusinessAcceptsCreditCards: True', ""BusinessParking: {'garage': False, 'street': True, 'validated': False, 'lot': False, 'valet': False}"", 'Caters: True', 'GoodForKids: True', ""GoodForMeal: {'dessert': False, 'latenight': False, 'lunch': False, 'dinner': True, 'breakfast': False, 'brunch': False}"", 'HasTV: False', 'NoiseLevel: quiet', 'OutdoorSeating: False', 'RestaurantsAttire: casual', 'RestaurantsDelivery: False', 'RestaurantsGoodForGroups: False', 'RestaurantsPriceRange2: 1', 'RestaurantsReservations: False', 'RestaurantsTableService: False', 'RestaurantsTakeOut: True', 'WiFi: no']",-79.418491,505 St Clair Avenue W,M6C 1A1,ON,1,8PZGCtgG5MZKvz9i3B9gCA,business
Jong Wah Chinese Restaurant,Mesa,12,,,"['Restaurants', 'Chinese']",33.3639455,3.0,"['Alcohol: full_bar', ""Ambience: {'romantic': False, 'intimate': False, 'classy': False, 'hipster': False, 'divey': False, 'touristy': False, 'trendy': False, 'upscale': False, 'casual': False}"", 'BusinessAcceptsCreditCards: True', ""BusinessParking: {'garage': False, 'street': False, 'validated': False, 'lot': False, 'valet': False}"", 'Caters: True', 'GoodForKids: True', ""GoodForMeal: {'dessert': False, 'latenight': False, 'lunch': False, 'dinner': False, 'breakfast': False, 'brunch': False}"", 'NoiseLevel: quiet', 'OutdoorSeating: True', 'RestaurantsAttire: casual', 'RestaurantsDelivery: True', 'RestaurantsGoodForGroups: True', 'RestaurantsPriceRange2: 1', 'RestaurantsReservations: True', 'RestaurantsTableService: True', 'RestaurantsTakeOut: True', 'WiFi: no']",-111.8614077,1309 W Guadalupe Rd,85202,AZ,0,By3eFOzWO9Mo0HivLhN8Sg,business
Gerok Stüble,Fellbach,8,,,"['German', 'Restaurants']",48.8127,4.5,"['BusinessAcceptsCreditCards: False', ""BusinessParking: {'garage': False, 'street': False, 'validated': False, 'lot': False, 'valet': False}"", 'DogsAllowed: False', 'OutdoorSeating: True', 'RestaurantsDelivery: False', 'RestaurantsTakeOut: False']",9.27782,Bruckstr. 7,70734,BW,1,wUKP52vqvSvbXhWaABv9cQ,business
Riliberto's Fresh Mexican Food,Mesa,7,"['Monday 0:0-0:0', 'Tuesday 0:0-0:0', 'Wednesday 0:0-0:0', 'Thursday 0:0-0:0', 'Friday 0:0-0:0', 'Saturday 0:0-0:0', 'Sunday 0:0-0:0']",,"['Fast Food', 'Restaurants', 'Tacos', 'Mexican']",33.3932215965,4.0,"['Alcohol: none', ""Ambience: {'romantic': False, 'intimate': False, 'classy': False, 'hipster': False, 'divey': False, 'touristy': False, 'trendy': False, 'upscale': False, 'casual': False}"", 'BusinessAcceptsCreditCards: True', ""BusinessParking: {'garage': False, 'street': False, 'validated': False, 'lot': False, 'valet': False}"", 'GoodForKids: True', ""GoodForMeal: {'dessert': False, 'latenight': True, 'lunch': True, 'dinner': True, 'breakfast': True, 'brunch': False}"", 'HasTV: True', 'NoiseLevel: quiet', 'OutdoorSeating: True', 'RestaurantsAttire: casual', 'RestaurantsDelivery: False', 'RestaurantsGoodForGroups: True', 'RestaurantsPriceRange2: 1', 'RestaurantsReservations: False', 'RestaurantsTableService: False', 'RestaurantsTakeOut: True', 'WiFi: no', 'BikeParking: True']",-111.787217036,2033 E Southern Ave,85204,AZ,1,WNXO0rPugvgE5ljccYL7MQ,business
Elite Restaurant & Banquet Hall,Toronto,4,,,"['Russian', 'Restaurants']",43.7672739,4.0,"['Alcohol: full_bar', 'BusinessAcceptsCreditCards: True', 'GoodForKids: False', ""GoodForMeal: {'dessert': False, 'latenight': False, 'lunch': False, 'dinner': False, 'breakfast': False, 'brunch': False}"", 'HasTV: False', 'NoiseLevel: loud', 'OutdoorSeating: False', 'RestaurantsAttire: dressy', 'RestaurantsDelivery: False', 'RestaurantsGoodForGroups: True', 'RestaurantsPriceRange2: 4', 'RestaurantsReservations: True', 'RestaurantsTableService: True', 'RestaurantsTakeOut: False']",-79.4747079,1118 Finch Avenue W,M3J 3J4,ON,0,VADsDteqi8ac5-egcloI3w,business
Hotel Ochsen,Leonberg,5,,,"['Event Planning & Services', 'Restaurants', 'Hotels', 'Hotels & Travel', 'German', 'Greek']",48.8009,4.0,"['BusinessAcceptsCreditCards: True', ""BusinessParking: {'garage': False, 'street': False, 'validated': False, 'lot': False, 'valet': False}"", 'DogsAllowed: False', 'OutdoorSeating: False', 'RestaurantsDelivery: False', 'RestaurantsGoodForGroups: True', 'RestaurantsReservations: True', 'RestaurantsTakeOut: False']",9.01404,Schloßstr. 11,71229,BW,1,K2gFytwAmi4ceulBLQixrw,business
Reishaus,Leonberg,36,"['Monday 18:0-22:0', 'Tuesday 18:0-22:0', 'Wednesday 18:0-22:0', 'Thursday 18:0-22:0', 'Friday 18:0-22:0', 'Saturday 18:0-22:0', 'Sunday 18:0-22:0']",,"['Restaurants', 'Asian Fusion']",48.79712336,4.0,"['Alcohol: beer_and_wine', 'BusinessAcceptsCreditCards: True', ""BusinessParking: {'garage': False, 'street': False, 'validated': False, 'lot': False, 'valet': False}"", 'Caters: False', 'DogsAllowed: False', 'GoodForKids: True', ""GoodForMeal: {'dessert': False, 'latenight': False, 'lunch': False, 'dinner': False, 'breakfast': False, 'brunch': False}"", 'HasTV: False', 'NoiseLevel: average', 'OutdoorSeating: False', 'RestaurantsAttire: casual', 'RestaurantsDelivery: False', 'RestaurantsGoodForGroups: True', 'RestaurantsPriceRange2: 2', 'RestaurantsReservations: True', 'RestaurantsTableService: True', 'RestaurantsTakeOut: False', 'WheelchairAccessible: True', ""Ambience: {'romantic': False, 'intimate': False, 'classy': False, 'hipster': False, 'touristy': False, 'trendy': False, 'upscale': False, 'casual': False}""]",9.0118908976,Eltinger Str. 56,71229,BW,1,wLbnOb0qFAYKVz8tC-RQ_A,business
Sonic,Wexford,9,,,"['Restaurants', 'Fast Food']",40.6320806,3.0,"['Alcohol: none', ""Ambience: {'romantic': False, 'intimate': False, 'classy': False, 'hipster': False, 'divey': False, 'touristy': False, 'trendy': False, 'upscale': False, 'casual': False}"", 'BikeParking: True', 'BusinessAcceptsCreditCards: True', ""BusinessParking: {'garage': False, 'street': False, 'validated': False, 'lot': False, 'valet': False}"", 'Caters: False', 'DriveThru: True', 'GoodForKids: True', ""GoodForMeal: {'dessert': False, 'latenight': False, 'lunch': False, 'dinner': False, 'breakfast': False, 'brunch': False}"", 'HasTV: False', 'NoiseLevel: average', 'OutdoorSeating: True', 'RestaurantsAttire: casual', 'RestaurantsDelivery: False', 'RestaurantsGoodForGroups: True', 'RestaurantsPriceRange2: 1', 'RestaurantsReservations: False', 'RestaurantsTableService: False', 'RestaurantsTakeOut: True', 'WiFi: no']",-80.0567207,120 Towne Ctr Dr,15090,PA,1,C1gj-EqhSZ1BcCejDyV-fQ,business
Marché Bacchus,Las Vegas,509,"['Monday 11:0-21:0', 'Tuesday 11:0-21:0', 'Wednesday 11:0-21:0', 'Thursday 11:0-21:0', 'Friday 11:0-22:0', 'Saturday 11:0-22:0', 'Sunday 10:0-21:0']",Summerlin,"['Wine Bars', 'Nightlife', 'Bars', 'Restaurants', 'French']",36.2075183,4.0,"['Alcohol: beer_and_wine', ""Ambience: {'romantic': True, 'intimate': False, 'classy': False, 'hipster': False, 'divey': False, 'touristy': False, 'trendy': False, 'upscale': False, 'casual': False}"", 'BYOBCorkage: yes_corkage', ""BestNights: {'monday': False, 'tuesday': False, 'friday': True, 'wednesday': False, 'thursday': True, 'sunday': False, 'saturday': True}"", 'BikeParking: True', 'BusinessAcceptsCreditCards: True', ""BusinessParking: {'garage': False, 'street': False, 'validated': False, 'lot': True, 'valet': False}"", 'Caters: False', 'CoatCheck: False', 'Corkage: True', 'GoodForDancing: False', 'GoodForKids: False', ""GoodForMeal: {'dessert': False, 'latenight': False, 'lunch': True, 'dinner': True, 'breakfast': False, 'brunch': False}"", 'HappyHour: False', 'HasTV: False', ""Music: {'dj': False, 'background_music': False, 'no_music': False, 'karaoke': False, 'live': True, 'video': False, 'jukebox': False}"", 'NoiseLevel: average', 'OutdoorSeating: True', 'RestaurantsAttire: casual', 'RestaurantsDelivery: False', 'RestaurantsGoodForGroups: True', 'RestaurantsPriceRange2: 3', 'RestaurantsReservations: True', 'RestaurantsTableService: True', 'RestaurantsTakeOut: True', 'Smoking: no', 'WheelchairAccessible: True', 'WiFi: no']",-115.2681365,"2620 Regatta Dr, Ste 106",89128,NV,1,KalAJyO0Zpg3K1wVwYXBHA,business
Souper Salad,Mesa,4,,,"['Buffets', 'Restaurants']",33.3830888,1.0,"['Alcohol: none', 'BusinessAcceptsCreditCards: True', ""BusinessParking: {'garage': False, 'street': False, 'validated': False, 'lot': True, 'valet': False}"", 'GoodForKids: False', 'OutdoorSeating: False', 'RestaurantsAttire: casual', 'RestaurantsDelivery: False', 'RestaurantsGoodForGroups: True', 'RestaurantsPriceRange2: 1', 'RestaurantsReservations: False', 'RestaurantsTableService: True', 'WheelchairAccessible: True']",-111.8026577,1649 S Stapley Dr,85204,AZ,0,pw-NzXGzwYkRfL6n2zk5IQ,business
Luna Bakery Cafe,Cleveland,207,"['Monday 7:0-19:0', 'Tuesday 7:0-19:0', 'Wednesday 7:0-19:0', 'Thursday 7:0-19:0', 'Friday 7:0-19:0', 'Saturday 8:0-17:0', 'Sunday 8:0-17:0']",,"['Restaurants', 'Food', 'Bakeries', 'Breakfast & Brunch', 'Cafes']",41.5005333,4.0,"['Alcohol: none', ""Ambience: {'romantic': False, 'intimate': False, 'classy': False, 'hipster': False, 'divey': False, 'touristy': False, 'trendy': False, 'upscale': False, 'casual': True}"", 'BikeParking: True', 'BusinessAcceptsCreditCards: True', ""BusinessParking: {'garage': False, 'street': True, 'validated': False, 'lot': True, 'valet': False}"", 'Caters: True', 'GoodForKids: True', ""GoodForMeal: {'dessert': False, 'latenight': False, 'lunch': True, 'dinner': False, 'breakfast': True, 'brunch': True}"", 'HasTV: False', 'NoiseLevel: average', 'OutdoorSeating: True', 'RestaurantsAttire: casual', 'RestaurantsDelivery: False', 'RestaurantsGoodForGroups: True', 'RestaurantsPriceRange2: 2', 'RestaurantsReservations: False', 'RestaurantsTableService: False', 'RestaurantsTakeOut: True', 'WiFi: free']",-81.5921431,2482 Fairmount Blvd,44106,OH,1,Kuv-QSWUtOm5IjAxcFMl8A,business
Miller & Kasper,Gastonia,23,"['Monday 11:0-18:0', 'Tuesday 11:0-18:0', 'Wednesday 11:0-18:0', 'Thursday 11:0-18:0', 'Friday 11:0-18:0', 'Saturday 11:0-15:0']",,"['Sandwiches', 'Diners', 'Hot Dogs', 'Restaurants']",35.2637329102,4.5,"['Alcohol: none', ""Ambience: {'romantic': False, 'intimate': False, 'classy': False, 'hipster': False, 'divey': False, 'touristy': False, 'trendy': False, 'upscale': False, 'casual': True}"", 'BikeParking: False', 'BusinessAcceptsBitcoin: False', 'BusinessAcceptsCreditCards: True', ""BusinessParking: {'garage': True, 'street': True, 'validated': False, 'lot': False, 'valet': False}"", 'Caters: True', 'DogsAllowed: True', 'GoodForKids: True', ""GoodForMeal: {'dessert': False, 'latenight': False, 'lunch': True, 'dinner': False, 'breakfast': False, 'brunch': False}"", 'HasTV: True', 'NoiseLevel: average', 'OutdoorSeating: True', 'RestaurantsAttire: casual', 'RestaurantsDelivery: True', 'RestaurantsGoodForGroups: True', 'RestaurantsPriceRange2: 1', 'RestaurantsReservations: False', 'RestaurantsTableService: True', 'RestaurantsTakeOut: True', 'WheelchairAccessible: True', 'WiFi: free']",-81.1819915771,101 W Main Ave,28052,NC,0,-aaFTZvFYT_aw6B3Ch2mYg,business
Arizona Roadhouse 66,Phoenix,21,,,"['Restaurants', 'American (New)']",33.4501432285,2.0,"['Alcohol: full_bar', ""Ambience: {'romantic': False, 'intimate': False, 'classy': False, 'hipster': False, 'divey': False, 'touristy': False, 'trendy': False, 'upscale': False, 'casual': False}"", 'BusinessAcceptsCreditCards: True', 'Caters: False', 'GoodForKids: False', 'OutdoorSeating: False', 'RestaurantsAttire: casual', 'RestaurantsDelivery: False', 'RestaurantsGoodForGroups: False', 'RestaurantsPriceRange2: 2', 'RestaurantsReservations: False', 'RestaurantsTableService: True', 'RestaurantsTakeOut: False', 'WheelchairAccessible: True', 'WiFi: no']",-112.07,"Sky Harbor International Airport, B Terminal, Gates 1-14",85073,AZ,0,I3s2O5sWde89hTK5wLEsUw,business
Big Horn Restaurant,Boulder City,11,,,"['American (Traditional)', 'Restaurants', 'Moroccan']",35.9782674,3.0,"['Alcohol: beer_and_wine', ""Ambience: {'romantic': False, 'intimate': False, 'classy': False, 'hipster': False, 'divey': False, 'touristy': False, 'trendy': False, 'upscale': False, 'casual': False}"", 'BusinessAcceptsCreditCards: True', ""BusinessParking: {'garage': False, 'street': True, 'validated': False, 'lot': False, 'valet': False}"", 'Caters: True', 'GoodForKids: True', ""GoodForMeal: {'dessert': False, 'latenight': False, 'lunch': False, 'dinner': False, 'breakfast': False, 'brunch': False}"", 'HasTV: False', 'NoiseLevel: quiet', 'OutdoorSeating: True', 'RestaurantsAttire: casual', 'RestaurantsDelivery: False', 'RestaurantsGoodForGroups: True', 'RestaurantsPriceRange2: 2', 'RestaurantsReservations: True', 'RestaurantsTableService: True', 'RestaurantsTakeOut: True', 'WheelchairAccessible: True', 'WiFi: no']",-114.8364718,1300 Arizona St,89005,NV,0,ZpjAltpV8mq-HGqsipocsA,business
Whiskey Dogg,North Olmsted,34,"['Monday 15:0-0:0', 'Tuesday 15:0-0:0', 'Wednesday 15:0-0:0', 'Thursday 15:0-0:0', 'Friday 11:0-1:0', 'Saturday 11:0-1:0', 'Sunday 11:0-23:0']",,"['Bars', 'Restaurants', 'Hot Dogs', 'Nightlife']",41.4272746224,4.0,"['Alcohol: full_bar', ""Ambience: {'romantic': False, 'intimate': False, 'classy': False, 'hipster': True, 'divey': False, 'touristy': False, 'trendy': False, 'upscale': False, 'casual': False}"", ""BestNights: {'monday': True, 'tuesday': False, 'friday': False, 'wednesday': False, 'thursday': False, 'sunday': False, 'saturday': False}"", 'BikeParking: True', 'BusinessAcceptsCreditCards: True', ""BusinessParking: {'garage': False, 'street': False, 'validated': False, 'lot': False, 'valet': False}"", 'CoatCheck: False', 'GoodForDancing: False', 'GoodForKids: True', ""GoodForMeal: {'dessert': False, 'latenight': False, 'lunch': False, 'dinner': True, 'breakfast': False, 'brunch': False}"", 'HappyHour: True', 'HasTV: True', ""Music: {'dj': True, 'background_music': False, 'no_music': False, 'karaoke': False, 'live': False, 'video': False, 'jukebox': False}"", 'NoiseLevel: average', 'OutdoorSeating: True', 'RestaurantsAttire: casual', 'RestaurantsDelivery: False', 'RestaurantsGoodForGroups: True', 'RestaurantsPriceRange2: 1', 'RestaurantsReservations: False', 'RestaurantsTableService: True', 'RestaurantsTakeOut: True', 'Smoking: outdoor', 'WiFi: free']",-81.8944282626,24532 Lorain Rd,44070,OH,0,s1k42BjFaV47wXzh1Ub5ZA,business
Morazán Restaurante,Charlotte,22,"['Monday 8:0-0:0', 'Tuesday 8:0-0:0', 'Wednesday 8:0-0:0', 'Thursday 8:0-0:0', 'Friday 8:0-0:0', 'Saturday 8:0-0:0', 'Sunday 8:0-0:0']",Starmount,"['Salvadoran', 'Spanish', 'Latin American', 'Restaurants', 'Mexican']",35.160745,3.5,"['Alcohol: full_bar', ""Ambience: {'romantic': False, 'intimate': False, 'classy': False, 'hipster': False, 'divey': False, 'touristy': False, 'trendy': False, 'upscale': False, 'casual': False}"", 'BikeParking: False', 'BusinessAcceptsCreditCards: True', ""BusinessParking: {'garage': False, 'street': False, 'validated': False, 'lot': False, 'valet': False}"", 'GoodForKids: True', ""GoodForMeal: {'dessert': False, 'latenight': False, 'lunch': True, 'dinner': False, 'breakfast': False, 'brunch': False}"", 'HasTV: True', 'NoiseLevel: average', 'OutdoorSeating: False', 'RestaurantsAttire: casual', 'RestaurantsDelivery: False', 'RestaurantsGoodForGroups: True', 'RestaurantsPriceRange2: 1', 'RestaurantsReservations: False', 'RestaurantsTableService: True', 'RestaurantsTakeOut: True', 'WheelchairAccessible: True']",-80.875674,5421 South Blvd,28217,NC,1,wYSWgZMiMJxfusnxeWKYXg,business
Sugar Factory,Las Vegas,324,"['Monday 10:30-22:0', 'Tuesday 10:30-22:0', 'Wednesday 10:30-22:0', 'Thursday 10:30-22:0', 'Friday 10:30-23:0', 'Saturday 10:30-23:0', 'Sunday 10:30-22:0']",Southeast,"['Brasseries', 'Candy Stores', 'Pizza', 'Restaurants', 'Specialty Food', 'Food', 'Burgers', 'American (New)']",36.0687779,3.5,"['BikeParking: True', 'BusinessAcceptsCreditCards: True', ""BusinessParking: {'garage': False, 'street': True, 'validated': False, 'lot': False, 'valet': False}"", 'RestaurantsPriceRange2: 2']",-115.1768402,"6605 S Las Vegas Blvd, Ste 145",89119,NV,0,WDKTg468bkRPW0LqbAZfmg,business
Ray's Pizza,Peoria,92,"['Monday 10:30-22:0', 'Tuesday 10:30-22:0', 'Wednesday 10:30-22:0', 'Thursday 10:30-23:0', 'Friday 10:30-23:0', 'Saturday 10:30-23:0', 'Sunday 10:30-22:0']",,"['Pizza', 'Restaurants']",33.6804949,4.5,"['Alcohol: beer_and_wine', ""Ambience: {'romantic': False, 'intimate': False, 'classy': False, 'hipster': False, 'divey': False, 'touristy': False, 'trendy': False, 'upscale': False, 'casual': True}"", 'BikeParking: True', 'BusinessAcceptsCreditCards: True', ""BusinessParking: {'garage': False, 'street': False, 'validated': False, 'lot': True, 'valet': False}"", 'Caters: False', 'GoodForKids: True', ""GoodForMeal: {'dessert': False, 'latenight': False, 'lunch': True, 'dinner': True, 'breakfast': False, 'brunch': False}"", 'HasTV: True', 'NoiseLevel: average', 'OutdoorSeating: False', 'RestaurantsAttire: casual', 'RestaurantsDelivery: False', 'RestaurantsGoodForGroups: True', 'RestaurantsPriceRange2: 1', 'RestaurantsReservations: False', 'RestaurantsTableService: False', 'RestaurantsTakeOut: True', 'WheelchairAccessible: True', 'WiFi: free']",-112.239922,8385 W Deer Valley Rd,85382,AZ,1,l1EzeGkWmLzAf9F1bAlFRQ,business
Mcalister's Deli,Charlotte,7,"['Monday 10:0-17:0', 'Tuesday 10:0-17:0', 'Wednesday 10:0-17:0', 'Thursday 10:0-17:0', 'Friday 10:0-17:0']",Uptown,"['Restaurants', 'Food', 'American (Traditional)']",35.2261580284,3.0,"['BusinessAcceptsCreditCards: True', 'Caters: True', ""GoodForMeal: {'dessert': False, 'latenight': False, 'lunch': False, 'dinner': False, 'breakfast': False, 'brunch': False}"", 'HasTV: False', 'NoiseLevel: very_loud', 'OutdoorSeating: False', 'RestaurantsAttire: casual', 'RestaurantsDelivery: False', 'RestaurantsGoodForGroups: False', 'RestaurantsPriceRange2: 2', 'RestaurantsReservations: False', 'RestaurantsTableService: False', 'RestaurantsTakeOut: True', 'WiFi: free', 'GoodForKids: False']",-80.8435039451,101 South Tryon St,28280,NC,1,6XN7DP9PD3e_FLmCZiG0Gg,business
Chick-fil-A,Indian Land,8,"['Monday 6:30-22:0', 'Tuesday 6:30-22:0', 'Wednesday 6:30-22:0', 'Thursday 6:30-22:0', 'Friday 6:30-22:0', 'Saturday 6:30-22:0']",,"['Fast Food', 'Restaurants']",35.010355,3.5,"['Alcohol: none', ""Ambience: {'romantic': False, 'intimate': False, 'classy': False, 'hipster': False, 'divey': False, 'touristy': False, 'trendy': False, 'upscale': False, 'casual': False}"", 'BikeParking: False', 'BusinessAcceptsCreditCards: True', 'Caters: True', 'DriveThru: True', 'GoodForKids: True', ""GoodForMeal: {'dessert': False, 'latenight': False, 'lunch': False, 'dinner': False, 'breakfast': False, 'brunch': False}"", 'HasTV: False', 'NoiseLevel: loud', 'OutdoorSeating: True', 'RestaurantsAttire: casual', 'RestaurantsDelivery: False', 'RestaurantsGoodForGroups: True', 'RestaurantsPriceRange2: 1', 'RestaurantsReservations: False', 'RestaurantsTakeOut: True', 'WiFi: free']",-80.852176,10032 Charlotte Hwy,29707,SC,1,HMaxzaWhRg4d9g4e_gDtFg,business
Famous BBQ Express,Toronto,18,,Entertainment District,"['Restaurants', 'Barbeque']",43.6491857,4.0,"['Alcohol: none', ""Ambience: {'romantic': False, 'intimate': False, 'classy': False, 'hipster': False, 'touristy': False, 'trendy': False, 'upscale': False, 'casual': False}"", 'BusinessAcceptsCreditCards: True', ""BusinessParking: {'garage': False, 'street': True, 'validated': False, 'lot': False, 'valet': False}"", 'GoodForKids: True', ""GoodForMeal: {'dessert': False, 'latenight': False, 'lunch': True, 'dinner': False, 'breakfast': False, 'brunch': False}"", 'HasTV: False', 'NoiseLevel: average', 'OutdoorSeating: False', 'RestaurantsAttire: casual', 'RestaurantsDelivery: False', 'RestaurantsGoodForGroups: True', 'RestaurantsPriceRange2: 1', 'RestaurantsReservations: False', 'RestaurantsTableService: False', 'RestaurantsTakeOut: True', 'WheelchairAccessible: True', 'WiFi: no']",-79.39415,385 Queen Street W,M5V 2A5,ON,0,xs83mUKES48MPasGXwg-Rg,business
Streat Burger,Lakewood,64,"['Tuesday 16:0-21:30', 'Wednesday 16:0-21:30', 'Thursday 16:0-21:30', 'Friday 16:0-22:0', 'Saturday 16:0-22:0', 'Sunday 16:0-21:0']",,"['Burgers', 'Restaurants']",41.485548,3.5,"['Alcohol: beer_and_wine', ""Ambience: {'romantic': False, 'intimate': False, 'classy': False, 'hipster': False, 'divey': False, 'touristy': False, 'trendy': False, 'upscale': False, 'casual': True}"", 'BikeParking: True', 'BusinessAcceptsCreditCards: True', ""BusinessParking: {'garage': False, 'street': True, 'validated': False, 'lot': True, 'valet': False}"", 'Caters: False', 'DriveThru: False', 'GoodForKids: True', ""GoodForMeal: {'dessert': False, 'latenight': False, 'lunch': True, 'dinner': True, 'breakfast': False, 'brunch': False}"", 'HasTV: True', 'NoiseLevel: average', 'OutdoorSeating: True', 'RestaurantsAttire: casual', 'RestaurantsDelivery: False', 'RestaurantsGoodForGroups: True', 'RestaurantsPriceRange2: 2', 'RestaurantsReservations: False', 'RestaurantsTableService: True', 'RestaurantsTakeOut: True', 'WiFi: free']",-81.811176,16300 Detroit  Ave,44107,OH,0,fULc9W1Zm96taeRudD1Fqg,business
Boston Market,Lakewood,11,"['Monday 10:30-22:0', 'Tuesday 10:30-22:0', 'Wednesday 10:30-22:0', 'Thursday 10:30-22:0', 'Friday 10:30-22:0', 'Saturday 10:30-22:0', 'Sunday 10:30-21:0']",,"['American (Traditional)', 'Event Planning & Services', 'Restaurants', 'Comfort Food', 'Caterers']",41.4839185,3.0,"['BikeParking: True', 'BusinessAcceptsCreditCards: True', 'GoodForKids: True', 'HasTV: False', 'NoiseLevel: average', 'OutdoorSeating: False', 'RestaurantsAttire: casual', 'RestaurantsDelivery: False', 'RestaurantsGoodForGroups: True', 'RestaurantsPriceRange2: 2', 'RestaurantsReservations: False', 'RestaurantsTakeOut: True']",-81.799899,14833 Detroit Ave,44107,OH,1,E1fDJWS5x_uVVbPGfCnogQ,business
Los Tarascos Tacos,Las Vegas,4,,Westside,"['Mexican', 'Restaurants']",36.1693002284,4.0,"[""Ambience: {'romantic': False, 'intimate': False, 'classy': False, 'hipster': False, 'divey': False, 'touristy': False, 'trendy': False, 'upscale': False, 'casual': False}"", 'BusinessAcceptsCreditCards: True', ""BusinessParking: {'garage': False, 'street': False, 'validated': False, 'lot': False, 'valet': False}"", 'Caters: True', 'GoodForKids: True', 'HasTV: True', 'NoiseLevel: average', 'OutdoorSeating: False', 'RestaurantsAttire: casual', 'RestaurantsGoodForGroups: True', 'RestaurantsPriceRange2: 1', 'RestaurantsReservations: False', 'RestaurantsTableService: False', 'RestaurantsTakeOut: True']",-115.206191316,342 S Decatur Blvd,89107,NV,0,_HU30V8E6vuENIDsb0r82A,business
Restaurant La Maison Verte,Sainte-Genevieve,7,,Pierrefonds-Roxboro,"['Venues & Event Spaces', 'Event Planning & Services', 'Restaurants', 'French']",45.4711977,4.5,"['Alcohol: full_bar', ""Ambience: {'romantic': False, 'intimate': False, 'classy': False, 'hipster': False, 'touristy': False, 'trendy': False, 'upscale': False, 'casual': False}"", 'BusinessAcceptsCreditCards: True', ""BusinessParking: {'garage': False, 'street': False, 'validated': False, 'lot': False, 'valet': False}"", 'GoodForKids: True', ""GoodForMeal: {'dessert': False, 'latenight': False, 'lunch': False, 'dinner': False, 'breakfast': False, 'brunch': False}"", 'HasTV: False', 'NoiseLevel: quiet', 'OutdoorSeating: True', 'RestaurantsAttire: dressy', 'RestaurantsDelivery: False', 'RestaurantsGoodForGroups: True', 'RestaurantsPriceRange2: 3', 'RestaurantsReservations: True', 'RestaurantsTableService: True', 'RestaurantsTakeOut: False', 'WiFi: no']",-73.8777904,16981 bd Gouin O,H9H 1E6,QC,1,SapSZ8x9OQa2iirx-gh6yQ,business
Rouge Boeuf,Laval,3,"['Monday 11:0-22:0', 'Tuesday 11:0-22:0', 'Wednesday 11:0-22:0', 'Thursday 11:0-23:0', 'Friday 11:0-2:0', 'Saturday 17:0-2:0', 'Sunday 17:0-22:0']",Laval,"['Restaurants', 'Steakhouses']",45.5620785,1.5,"['GoodForKids: True', 'RestaurantsDelivery: False', 'RestaurantsGoodForGroups: True', 'RestaurantsReservations: True', 'RestaurantsTakeOut: True']",-73.7287581,1553 boulevard le Corbusier,H7N 6K8,QC,0,kj6CzLagadNjpSuo53FUtg,business
Sammy's Beach Bar & Grill,Cleveland,89,,Riverside,"['American (Traditional)', 'Restaurants', 'Nightlife', 'Bars']",41.4124053237,1.5,"['Alcohol: full_bar', ""Ambience: {'romantic': False, 'intimate': False, 'classy': False, 'hipster': False, 'divey': False, 'touristy': True, 'trendy': False, 'upscale': False, 'casual': False}"", 'BikeParking: False', 'BusinessAcceptsCreditCards: True', ""BusinessParking: {'garage': True, 'street': False, 'validated': False, 'lot': False, 'valet': False}"", 'Caters: False', 'GoodForDancing: False', 'GoodForKids: False', ""GoodForMeal: {'dessert': False, 'latenight': False, 'lunch': False, 'dinner': False, 'breakfast': False, 'brunch': False}"", 'HappyHour: False', 'HasTV: True', ""Music: {'dj': False, 'background_music': False, 'no_music': False, 'karaoke': False, 'live': False, 'video': False, 'jukebox': False}"", 'NoiseLevel: loud', 'OutdoorSeating: False', 'RestaurantsAttire: casual', 'RestaurantsDelivery: False', 'RestaurantsGoodForGroups: False', 'RestaurantsPriceRange2: 2', 'RestaurantsReservations: False', 'RestaurantsTableService: True', 'RestaurantsTakeOut: False', 'WiFi: free', ""BestNights: {'monday': False, 'tuesday': False, 'friday': False, 'wednesday': False, 'thursday': False, 'sunday': False, 'saturday': False}""]",-81.8386494597,"Cleveland Airport, Terminal A",44135,OH,1,pnYDtPaVw_xRBHm9y0y4gg,business
Oishi Sushi,Stuttgart,11,"['Monday 11:30-15:0', 'Monday 17:0-23:0', 'Tuesday 11:30-15:0', 'Tuesday 17:0-23:0', 'Wednesday 11:30-15:0', 'Wednesday 17:0-23:0', 'Thursday 11:30-15:0', 'Thursday 17:0-23:0', 'Friday 11:30-15:0', 'Friday 17:0-23:0', 'Saturday 13:0-23:0', 'Sunday 13:0-23:0']",,"['Sushi Bars', 'Japanese', 'Restaurants']",48.8101,4.0,"['BusinessAcceptsCreditCards: True', ""BusinessParking: {'garage': False, 'street': False, 'validated': False, 'lot': False, 'valet': False}"", 'DogsAllowed: False', 'GoodForKids: True', ""GoodForMeal: {'dessert': False, 'latenight': False, 'lunch': False, 'dinner': False, 'breakfast': False, 'brunch': False}"", 'OutdoorSeating: False', 'RestaurantsAttire: casual', 'RestaurantsDelivery: False', 'RestaurantsGoodForGroups: True', 'RestaurantsPriceRange2: 4', 'RestaurantsReservations: True', 'RestaurantsTakeOut: True']",9.16348,Leobener Str. 28,70469,BW,1,PQv4TIz9Loj8TErhOERJ2w,business
Culver's,Mesa,6,"['Monday 10:0-22:30', 'Tuesday 10:0-22:30', 'Wednesday 10:0-22:30', 'Thursday 10:0-22:30', 'Friday 10:0-22:30', 'Saturday 10:0-22:30', 'Sunday 10:0-22:30']",,"['Food', 'Restaurants', 'Ice Cream & Frozen Yogurt', 'Fast Food', 'Burgers']",33.3903134932,3.5,"['Alcohol: none', ""Ambience: {'romantic': False, 'intimate': False, 'classy': False, 'hipster': False, 'divey': False, 'touristy': False, 'trendy': False, 'upscale': False, 'casual': False}"", 'BusinessAcceptsCreditCards: True', ""BusinessParking: {'garage': False, 'street': False, 'validated': False, 'lot': False, 'valet': False}"", 'DriveThru: True', ""GoodForMeal: {'dessert': False, 'latenight': False, 'lunch': False, 'dinner': False, 'breakfast': False, 'brunch': False}"", 'HasTV: True', 'OutdoorSeating: True', 'RestaurantsAttire: casual', 'RestaurantsDelivery: False', 'RestaurantsPriceRange2: 1', 'RestaurantsReservations: False', 'RestaurantsTableService: False', 'RestaurantsTakeOut: True', 'GoodForKids: True', 'NoiseLevel: loud', 'Caters: True', 'RestaurantsGoodForGroups: True']",-111.61454887,1263 S Crismon Rd,85209,AZ,1,ryUt5vS7nAcsXVhC0jbO_A,business
Hog's Head Bar & Grill,Pittsburgh,44,"['Monday 11:0-1:0', 'Tuesday 11:0-1:0', 'Wednesday 11:0-1:0', 'Thursday 11:0-1:0', 'Friday 11:0-2:0', 'Saturday 11:0-2:0', 'Sunday 12:0-21:0']",West View,"['Pizza', 'American (Traditional)', 'Bars', 'Nightlife', 'Restaurants']",40.482442,4.5,"['Alcohol: full_bar', ""Ambience: {'romantic': False, 'intimate': False, 'classy': False, 'hipster': False, 'divey': False, 'touristy': False, 'trendy': False, 'upscale': False, 'casual': False}"", ""BestNights: {'monday': False, 'tuesday': False, 'friday': True, 'wednesday': False, 'thursday': True, 'sunday': False, 'saturday': True}"", 'BikeParking: True', 'BusinessAcceptsCreditCards: True', ""BusinessParking: {'garage': False, 'street': False, 'validated': False, 'lot': True, 'valet': False}"", 'Caters: True', 'CoatCheck: False', 'GoodForDancing: False', 'GoodForKids: True', ""GoodForMeal: {'dessert': False, 'latenight': False, 'lunch': False, 'dinner': False, 'breakfast': False, 'brunch': False}"", 'HappyHour: True', 'HasTV: True', ""Music: {'dj': False, 'background_music': False, 'no_music': False, 'karaoke': False, 'live': False, 'video': False, 'jukebox': True}"", 'NoiseLevel: average', 'OutdoorSeating: False', 'RestaurantsAttire: casual', 'RestaurantsDelivery: False', 'RestaurantsGoodForGroups: True', 'RestaurantsPriceRange2: 2', 'RestaurantsReservations: True', 'RestaurantsTableService: True', 'RestaurantsTakeOut: True', 'Smoking: outdoor', 'WheelchairAccessible: True', 'WiFi: free']",-79.996011,3433 Spring Garden Rd,15212,PA,1,guGPP-3ZsXdLNjtZDnR7tw,business
Bar M,Urbana,7,"['Thursday 16:0-23:0', 'Friday 16:0-23:0', 'Saturday 16:0-23:0']",,"['Food', 'American (New)', 'Bars', 'Restaurants', 'Beer', 'Wine & Spirits', 'Nightlife', 'Wine Bars']",40.112655,4.0,"['Alcohol: beer_and_wine', ""Ambience: {'romantic': False, 'intimate': False, 'classy': False, 'hipster': False, 'divey': False, 'touristy': False, 'trendy': False, 'upscale': False, 'casual': False}"", 'BikeParking: True', 'BusinessAcceptsCreditCards: True', ""BusinessParking: {'garage': False, 'street': False, 'validated': False, 'lot': False, 'valet': False}"", 'Caters: False', 'GoodForDancing: False', 'GoodForKids: False', ""GoodForMeal: {'dessert': False, 'latenight': False, 'lunch': False, 'dinner': False, 'breakfast': False, 'brunch': False}"", 'HappyHour: True', 'HasTV: True', ""Music: {'dj': False, 'background_music': False, 'no_music': False, 'karaoke': False, 'live': False, 'video': False, 'jukebox': False}"", 'NoiseLevel: average', 'OutdoorSeating: False', 'RestaurantsAttire: dressy', 'RestaurantsDelivery: False', 'RestaurantsGoodForGroups: True', 'RestaurantsPriceRange2: 2', 'RestaurantsReservations: True', 'RestaurantsTableService: False', 'RestaurantsTakeOut: True', 'WiFi: free']",-88.2093142,208 W Main St,61801,IL,1,ETxB6iSdRyhX4PTY0AnAIA,business
Dos Caminos,Las Vegas,54,"['Monday 17:0-22:0', 'Tuesday 17:0-22:0', 'Wednesday 17:0-22:0', 'Thursday 17:0-22:0', 'Friday 17:0-23:0', 'Saturday 11:0-23:0', 'Sunday 11:0-22:0']",Summerlin,"['Mexican', 'Restaurants']",36.1608544,3.0,"['Alcohol: full_bar', ""Ambience: {'romantic': False, 'intimate': False, 'classy': False, 'hipster': False, 'divey': False, 'touristy': False, 'trendy': False, 'upscale': False, 'casual': True}"", 'BusinessAcceptsCreditCards: True', ""BusinessParking: {'garage': False, 'street': False, 'validated': False, 'lot': False, 'valet': False}"", 'Caters: False', 'GoodForKids: True', ""GoodForMeal: {'dessert': False, 'latenight': False, 'lunch': False, 'dinner': True, 'breakfast': False, 'brunch': False}"", 'HasTV: True', 'NoiseLevel: average', 'OutdoorSeating: True', 'RestaurantsAttire: casual', 'RestaurantsDelivery: False', 'RestaurantsGoodForGroups: True', 'RestaurantsPriceRange2: 3', 'RestaurantsReservations: True', 'RestaurantsTableService: True', 'RestaurantsTakeOut: True', 'WiFi: no']",-115.3315267,10820 W Charleston Blvd,89135,NV,0,jPvn-C8kNUcyGfjUtOc_oA,business
Tin Tin,Charlotte,173,"['Monday 11:0-15:0', 'Monday 16:30-21:30', 'Tuesday 16:30-21:30', 'Wednesday 11:0-15:0', 'Wednesday 16:30-21:30', 'Thursday 11:0-15:0', 'Thursday 16:30-21:30', 'Friday 11:0-15:0', 'Saturday 11:0-22:0', 'Sunday 11:0-21:30']",,"['Restaurants', 'Asian Fusion', 'Japanese', 'Food Delivery Services', 'Korean', 'Food', 'Chinese', 'Buffets']",35.0950429,3.0,"['Alcohol: none', ""Ambience: {'romantic': False, 'intimate': False, 'classy': False, 'hipster': False, 'divey': False, 'touristy': False, 'trendy': False, 'upscale': False, 'casual': True}"", 'BikeParking: False', 'BusinessAcceptsCreditCards: True', ""BusinessParking: {'garage': False, 'street': False, 'validated': False, 'lot': True, 'valet': False}"", 'Caters: True', 'GoodForKids: True', ""GoodForMeal: {'dessert': False, 'latenight': False, 'lunch': True, 'dinner': True, 'breakfast': False, 'brunch': False}"", 'HasTV: False', 'OutdoorSeating: False', 'RestaurantsAttire: casual', 'RestaurantsDelivery: False', 'RestaurantsGoodForGroups: True', 'RestaurantsPriceRange2: 2', 'RestaurantsReservations: False', 'RestaurantsTableService: True', 'RestaurantsTakeOut: True', 'WheelchairAccessible: True', 'WiFi: no', 'NoiseLevel: average']",-80.864143,10215 Park Rd,28210,NC,1,Oy2WnPyiOlPFvPKMIuOC8w,business
Thai Orchid,Mentor,70,"['Monday 11:30-21:0', 'Tuesday 11:30-21:0', 'Wednesday 11:30-21:0', 'Thursday 11:30-21:0', 'Friday 11:30-21:30', 'Saturday 11:30-22:0']",,"['Restaurants', 'Thai']",41.6528711779,3.5,"['Alcohol: full_bar', ""Ambience: {'romantic': False, 'intimate': False, 'classy': False, 'hipster': False, 'divey': False, 'touristy': False, 'trendy': False, 'upscale': False, 'casual': True}"", 'BikeParking: False', 'BusinessAcceptsCreditCards: True', ""BusinessParking: {'garage': False, 'street': False, 'validated': False, 'lot': True, 'valet': False}"", 'Caters: False', 'GoodForKids: True', 'HasTV: False', 'NoiseLevel: average', 'OutdoorSeating: False', 'RestaurantsAttire: casual', 'RestaurantsDelivery: False', 'RestaurantsGoodForGroups: True', 'RestaurantsPriceRange2: 2', 'RestaurantsReservations: True', 'RestaurantsTableService: True', 'RestaurantsTakeOut: True', 'WiFi: no', ""GoodForMeal: {'dessert': False, 'latenight': False, 'lunch': True, 'dinner': True, 'breakfast': False, 'brunch': False}""]",-81.3797692445,7329 Mentor Ave,44060,OH,1,Gk_leAREKfnhByT_evPuqA,business
Firehouse Subs,Mesa,10,"['Monday 10:0-21:0', 'Tuesday 10:0-21:0', 'Wednesday 10:0-21:0', 'Thursday 10:0-21:0', 'Friday 10:0-21:0', 'Saturday 10:0-21:0', 'Sunday 10:0-21:0']",,"['Delis', 'Fast Food', 'American (Traditional)', 'Sandwiches', 'Restaurants']",33.3934058406,3.5,"['Alcohol: none', ""Ambience: {'romantic': False, 'intimate': False, 'classy': False, 'hipster': False, 'divey': False, 'touristy': False, 'trendy': False, 'upscale': False, 'casual': False}"", 'BikeParking: True', 'BusinessAcceptsCreditCards: True', 'Caters: True', 'DriveThru: False', 'GoodForKids: True', ""GoodForMeal: {'dessert': False, 'latenight': False, 'lunch': True, 'dinner': False, 'breakfast': False, 'brunch': False}"", 'HasTV: True', 'NoiseLevel: average', 'OutdoorSeating: True', 'RestaurantsAttire: casual', 'RestaurantsDelivery: False', 'RestaurantsGoodForGroups: True', 'RestaurantsReservations: False', 'RestaurantsTableService: False', 'RestaurantsTakeOut: True', 'WiFi: no', 'RestaurantsPriceRange2: 2', ""BusinessParking: {'garage': False, 'street': False, 'validated': False, 'lot': False, 'valet': False}""]",-111.877211132,"2110 W Southern Ave, Ste 105",85202,AZ,1,PlIeEj0LRr3p1rX5Svujgw,business
Fresh on Eglinton,Toronto,104,"['Monday 11:30-22:0', 'Tuesday 11:30-22:0', 'Wednesday 11:30-22:0', 'Thursday 11:30-22:0', 'Friday 11:30-22:0', 'Saturday 10:30-22:0', 'Sunday 10:30-22:0']",Mount Pleasant and Davisville,"['Specialty Food', 'Vegetarian', 'Food', 'Vegan', 'Restaurants', 'Health Markets']",43.7074975862,3.5,"['Alcohol: beer_and_wine', 'BikeParking: False', 'BusinessAcceptsCreditCards: True', ""BusinessParking: {'garage': False, 'street': True, 'validated': False, 'lot': False, 'valet': False}"", 'Caters: True', 'GoodForKids: True', ""GoodForMeal: {'dessert': False, 'latenight': False, 'lunch': True, 'dinner': False, 'breakfast': False, 'brunch': True}"", 'HasTV: False', 'NoiseLevel: average', 'OutdoorSeating: True', 'RestaurantsAttire: casual', 'RestaurantsDelivery: False', 'RestaurantsGoodForGroups: True', 'RestaurantsPriceRange2: 2', 'RestaurantsReservations: False', 'RestaurantsTableService: True', 'RestaurantsTakeOut: True', 'WiFi: no', ""Ambience: {'romantic': False, 'intimate': False, 'classy': False, 'hipster': False, 'touristy': False, 'trendy': False, 'upscale': False, 'casual': True}""]",-79.3955600336,90 Eglinton Avenue E,M4P 2Y3,ON,1,sYSlKRCWmVeQr1hA6-WUzw,business
Bamboo Garden,Charlotte,9,"['Monday 11:0-22:0', 'Tuesday 11:0-22:0', 'Wednesday 11:0-22:0', 'Thursday 11:0-22:0', 'Friday 11:0-22:0', 'Saturday 11:0-22:0', 'Sunday 11:0-21:30']",,"['Chinese', 'Restaurants']",35.3026124,3.5,"['BikeParking: True', 'BusinessAcceptsCreditCards: True', 'GoodForKids: True', ""GoodForMeal: {'dessert': False, 'latenight': False, 'lunch': False, 'dinner': False, 'breakfast': False, 'brunch': False}"", 'OutdoorSeating: False', 'RestaurantsAttire: casual', 'RestaurantsDelivery: False', 'RestaurantsGoodForGroups: True', 'RestaurantsPriceRange2: 1', 'RestaurantsReservations: False', 'RestaurantsTakeOut: True']",-80.9872958,231 Mt.holly Huntersville Rd,28214,NC,1,5li4Wxd__uYGrgB8_n_uzw,business
The Carlton,Pittsburgh,65,"['Monday 11:0-22:0', 'Tuesday 11:0-22:0', 'Wednesday 11:0-22:0', 'Thursday 11:0-22:0', 'Friday 11:0-23:0', 'Saturday 17:0-23:0']",Downtown,"['Restaurants', 'American (Traditional)']",40.4396782,3.5,"['Alcohol: full_bar', 'BikeParking: True', 'BusinessAcceptsCreditCards: True', ""BusinessParking: {'garage': True, 'street': False, 'validated': False, 'lot': False, 'valet': False}"", 'Caters: True', 'GoodForKids: False', ""GoodForMeal: {'dessert': False, 'latenight': False, 'lunch': False, 'dinner': True, 'breakfast': False, 'brunch': False}"", 'HasTV: False', 'NoiseLevel: quiet', 'OutdoorSeating: False', 'RestaurantsAttire: dressy', 'RestaurantsDelivery: False', 'RestaurantsGoodForGroups: True', 'RestaurantsPriceRange2: 3', 'RestaurantsReservations: True', 'RestaurantsTableService: True', 'RestaurantsTakeOut: False', 'WiFi: no', ""Ambience: {'romantic': False, 'intimate': False, 'classy': True, 'hipster': False, 'divey': False, 'touristy': False, 'trendy': False, 'upscale': True, 'casual': False}""]",-79.9959316,"Bny Mellon Ctr, 500 Grant St",15219,PA,1,j4jsgp-e315s11ehJfRzAA,business
The Street,Edinburgh,18,"['Monday 12:0-1:0', 'Tuesday 12:0-1:0', 'Wednesday 12:0-1:0', 'Thursday 12:0-1:0', 'Friday 12:0-1:0', 'Saturday 12:0-1:0', 'Sunday 12:30-1:0']",New Town,"['Nightlife', 'Gay Bars', 'Pubs', 'Bars', 'Restaurants', 'Gastropubs']",55.9568832588,3.5,"['Alcohol: full_bar', ""Ambience: {'romantic': False, 'intimate': False, 'classy': False, 'hipster': False, 'touristy': False, 'trendy': False, 'upscale': False, 'casual': False}"", 'BikeParking: False', 'BusinessAcceptsCreditCards: True', ""BusinessParking: {'garage': False, 'street': False, 'lot': False, 'valet': False}"", 'Caters: False', 'DogsAllowed: False', 'GoodForKids: False', ""GoodForMeal: {'dessert': False, 'latenight': False, 'lunch': False, 'dinner': False, 'breakfast': False, 'brunch': False}"", 'HasTV: False', 'NoiseLevel: loud', 'OutdoorSeating: True', 'RestaurantsAttire: casual', 'RestaurantsDelivery: False', 'RestaurantsGoodForGroups: True', 'RestaurantsPriceRange2: 1', 'RestaurantsReservations: True', 'RestaurantsTableService: False', 'RestaurantsTakeOut: False', 'WheelchairAccessible: False', 'WiFi: free']",-3.1875339535,"2b Picardy Place, New Town",EH1 3JT,EDH,1,7wYDK-BK97Yt8z7eDlBKDw,business
Aish Tanoor,Toronto,6,"['Monday 11:0-22:0', 'Tuesday 11:0-22:0', 'Wednesday 11:0-22:0', 'Thursday 11:0-22:0', 'Friday 11:0-14:0', 'Sunday 11:0-22:0']",,"['Restaurants', 'Middle Eastern', 'Kosher']",43.7003224,5.0,,-79.4295168,994 Eglinton Avenue W,M6C 2C5,ON,1,ZTMvTe0yMh_3gH97Cr2jpQ,business
Studzio,Montréal,3,,Plateau-Mont-Royal,['Restaurants'],45.521695,3.0,['NoiseLevel: quiet'],-73.577397,4147 Rue Saint-Denis,H2W 2M7,QC,1,bW41L1IMuhVfm9pASeJyig,business
Aces,Las Vegas,4,,Eastside,"['Food Stands', 'Restaurants']",36.1284019456,2.0,"['BikeParking: False', 'BusinessAcceptsCreditCards: True', 'GoodForKids: False', ""GoodForMeal: {'dessert': False, 'latenight': False, 'lunch': False, 'dinner': False, 'breakfast': False, 'brunch': False}"", 'HasTV: True', 'NoiseLevel: average', 'RestaurantsAttire: casual', 'RestaurantsDelivery: False', 'RestaurantsGoodForGroups: True', 'RestaurantsPriceRange2: 2', 'RestaurantsReservations: False', 'RestaurantsTakeOut: True']",-115.152901962,"S Hall, Las Vegas Convention Center",89109,NV,1,bXISj8RpXaAilaPLtJuzKg,business
Little Caesar's Pizza,Phoenix,3,,,"['Restaurants', 'Pizza']",33.3843342,1.5,"['Alcohol: none', ""Ambience: {'romantic': False, 'intimate': False, 'classy': False, 'hipster': False, 'divey': False, 'touristy': False, 'trendy': False, 'upscale': False, 'casual': False}"", 'BikeParking: True', 'BusinessAcceptsCreditCards: True', ""BusinessParking: {'garage': False, 'street': False, 'validated': False, 'lot': False, 'valet': False}"", 'GoodForKids: True', ""GoodForMeal: {'dessert': False, 'latenight': False, 'lunch': False, 'dinner': False, 'breakfast': False, 'brunch': False}"", 'HasTV: False', 'NoiseLevel: average', 'OutdoorSeating: False', 'RestaurantsAttire: casual', 'RestaurantsCounterService: True', 'RestaurantsDelivery: False', 'RestaurantsGoodForGroups: True', 'RestaurantsPriceRange2: 1', 'RestaurantsReservations: False', 'RestaurantsTableService: False', 'RestaurantsTakeOut: True', 'WheelchairAccessible: True', 'WiFi: no']",-112.0728651,6815 S Central Ave,85042,AZ,1,SkdJFYlITwDsk5FYH-s7OA,business
Luce Restaurant,Toronto,24,"['Tuesday 16:0-22:0', 'Wednesday 16:0-22:0', 'Thursday 16:0-23:0', 'Friday 11:30-0:0', 'Saturday 11:0-0:0', 'Sunday 11:0-22:0']",Niagara,"['Restaurants', 'Pizza', 'Italian', 'Tapas Bars', 'Salad', 'Sandwiches']",43.6430561,4.0,"['Alcohol: full_bar', ""Ambience: {'romantic': False, 'intimate': False, 'classy': False, 'hipster': False, 'touristy': False, 'trendy': False, 'upscale': False, 'casual': True}"", 'BikeParking: True', 'BusinessAcceptsCreditCards: True', ""BusinessParking: {'garage': False, 'street': True, 'validated': False, 'lot': False, 'valet': False}"", 'Caters: True', 'DogsAllowed: False', 'GoodForKids: True', ""GoodForMeal: {'dessert': False, 'latenight': False, 'lunch': True, 'dinner': False, 'breakfast': False, 'brunch': False}"", 'HasTV: True', 'NoiseLevel: average', 'OutdoorSeating: True', 'RestaurantsAttire: casual', 'RestaurantsDelivery: False', 'RestaurantsGoodForGroups: True', 'RestaurantsPriceRange2: 2', 'RestaurantsReservations: True', 'RestaurantsTableService: True', 'RestaurantsTakeOut: True', 'WheelchairAccessible: True', 'WiFi: no']",-79.4068177,791 King Street W,M5V 1N4,ON,0,o7io7ITyHfjXOpxIktL0Bg,business
Ginko,Cleveland,196,"['Tuesday 16:30-22:0', 'Wednesday 16:30-22:0', 'Thursday 16:30-22:0', 'Friday 11:30-14:0', 'Friday 16:30-0:0', 'Saturday 16:30-0:0']",Tremont,"['Restaurants', 'Sushi Bars', 'Japanese']",41.4816013,4.0,"['Alcohol: full_bar', ""Ambience: {'romantic': False, 'intimate': False, 'classy': False, 'hipster': False, 'divey': False, 'touristy': False, 'trendy': True, 'upscale': False, 'casual': False}"", 'BikeParking: True', 'BusinessAcceptsCreditCards: True', ""BusinessParking: {'garage': False, 'street': True, 'validated': False, 'lot': False, 'valet': False}"", 'Caters: False', 'GoodForKids: False', ""GoodForMeal: {'dessert': False, 'latenight': False, 'lunch': False, 'dinner': True, 'breakfast': False, 'brunch': False}"", 'HasTV: True', 'NoiseLevel: average', 'OutdoorSeating: False', 'RestaurantsAttire: casual', 'RestaurantsDelivery: False', 'RestaurantsGoodForGroups: False', 'RestaurantsPriceRange2: 3', 'RestaurantsReservations: True', 'RestaurantsTableService: True', 'RestaurantsTakeOut: True', 'WiFi: no']",-81.686368,2247 Professor Ave,44113,OH,1,bupMXFUaZfranBLdaVcRww,business
Lotus Garden Hakka Indian Style Chinese,Toronto,64,"['Monday 12:0-22:0', 'Wednesday 12:0-22:0', 'Thursday 12:0-22:0', 'Friday 12:0-23:0', 'Saturday 12:30-23:0', 'Sunday 16:30-22:0']",Scarborough,"['Indian', 'Chinese', 'Restaurants']",43.6942717578,4.5,"['Alcohol: none', ""Ambience: {'romantic': False, 'intimate': False, 'classy': False, 'hipster': False, 'touristy': False, 'trendy': False, 'upscale': False, 'casual': True}"", 'BikeParking: False', 'BusinessAcceptsCreditCards: False', ""BusinessParking: {'garage': False, 'street': False, 'validated': False, 'lot': True, 'valet': False}"", 'Caters: True', 'GoodForKids: True', ""GoodForMeal: {'dessert': False, 'latenight': False, 'lunch': True, 'dinner': True, 'breakfast': False, 'brunch': False}"", 'HasTV: False', 'NoiseLevel: quiet', 'OutdoorSeating: False', 'RestaurantsAttire: casual', 'RestaurantsDelivery: True', 'RestaurantsGoodForGroups: True', 'RestaurantsPriceRange2: 1', 'RestaurantsReservations: True', 'RestaurantsTableService: True', 'RestaurantsTakeOut: True', 'WiFi: no']",-79.2760401964,3460 Danforth Avenue,M1L 1E3,ON,1,TBzgzTFSa7pJXiLD7emYaQ,business
Del Taco,Las Vegas,18,"['Monday 0:0-0:0', 'Tuesday 0:0-0:0', 'Wednesday 0:0-0:0', 'Thursday 0:0-0:0', 'Friday 0:0-0:0', 'Saturday 0:0-0:0', 'Sunday 0:0-0:0']",Centennial,"['American (Traditional)', 'Restaurants', 'Fast Food', 'Mexican']",36.2738452633,3.0,"['Alcohol: none', ""Ambience: {'romantic': False, 'intimate': False, 'classy': False, 'hipster': False, 'divey': False, 'touristy': False, 'trendy': False, 'upscale': False, 'casual': True}"", 'BikeParking: True', 'BusinessAcceptsCreditCards: True', ""BusinessParking: {'garage': False, 'street': False, 'validated': False, 'lot': False, 'valet': False}"", 'Caters: False', 'DriveThru: True', 'GoodForKids: True', ""GoodForMeal: {'dessert': True, 'latenight': True, 'lunch': False, 'dinner': False, 'breakfast': True, 'brunch': True}"", 'HasTV: False', 'NoiseLevel: average', 'OutdoorSeating: True', 'RestaurantsAttire: casual', 'RestaurantsDelivery: False', 'RestaurantsGoodForGroups: True', 'RestaurantsPriceRange2: 1', 'RestaurantsReservations: False', 'RestaurantsTableService: False', 'RestaurantsTakeOut: True', 'WiFi: no']",-115.268174694,6311 Centennial Center Blvd,89149,NV,1,03Yt7kMeYihN_y6ptiXxyQ,business
Smax Flatbread Grill,Charlotte,7,"['Monday 9:0-3:0', 'Tuesday 9:0-3:0', 'Wednesday 9:0-3:0', 'Thursday 9:0-3:0', 'Friday 9:0-3:0', 'Saturday 9:0-3:0', 'Sunday 9:0-3:0']",Uptown,"['Food Stands', 'Restaurants', 'Food', 'Food Trucks', 'Yelp Events', 'Local Flavor']",35.2270869,4.5,"['BusinessAcceptsCreditCards: True', ""BusinessParking: {'garage': False, 'street': False, 'validated': False, 'lot': False, 'valet': False}"", 'Caters: True', 'RestaurantsPriceRange2: 1']",-80.8431267,,,NC,1,9mmE-8QES9UHgn9jpUi8oQ,business
Projet 67,Montréal,4,"['Monday 17:0-0:0', 'Tuesday 17:0-0:0', 'Wednesday 17:0-0:0', 'Thursday 17:0-1:0', 'Friday 17:0-1:0', 'Saturday 17:0-1:0']",Plateau-Mont-Royal,"['Canadian (New)', 'Gastropubs', 'Restaurants']",45.5221214,3.0,"['Alcohol: full_bar', ""Ambience: {'romantic': False, 'intimate': False, 'classy': False, 'hipster': False, 'touristy': False, 'trendy': False, 'upscale': False, 'casual': False}"", 'BusinessAcceptsCreditCards: True', ""BusinessParking: {'garage': False, 'street': True, 'validated': False, 'lot': False, 'valet': False}"", 'Caters: False', 'GoodForKids: False', ""GoodForMeal: {'dessert': False, 'latenight': False, 'lunch': False, 'dinner': False, 'breakfast': False, 'brunch': False}"", 'HasTV: False', 'NoiseLevel: average', 'OutdoorSeating: False', 'RestaurantsAttire: casual', 'RestaurantsDelivery: False', 'RestaurantsGoodForGroups: True', 'RestaurantsPriceRange2: 4', 'RestaurantsReservations: True', 'RestaurantsTableService: True', 'RestaurantsTakeOut: False', 'WiFi: no']",-73.5910089,4902 Boulevard Saint Laurent,H2T 1R5,QC,0,_kPz9MKgbH1As9TIfpxTqA,business
Coin Mechoui,Chateauguay,5,"['Monday 11:0-22:0', 'Tuesday 11:0-22:0', 'Wednesday 11:0-22:0', 'Thursday 11:0-22:0', 'Friday 11:0-22:0', 'Saturday 9:0-23:0']",,"['Barbeque', 'Restaurants']",45.3624936,3.0,"['BusinessAcceptsCreditCards: True', 'GoodForKids: True', 'RestaurantsDelivery: True', 'RestaurantsGoodForGroups: True', 'RestaurantsPriceRange2: 2', 'RestaurantsReservations: True', 'RestaurantsTakeOut: True']",-73.7136226,77B Boulevard Saint-Jean-Baptiste,J6K 4Y7,QC,1,Qf4Z-beDPsljAS-CDOpHmQ,business
Carl's Jr,Las Vegas,9,,Sunrise,"['Burgers', 'Fast Food', 'Restaurants']",36.146396,2.5,"['Alcohol: none', ""Ambience: {'romantic': False, 'intimate': False, 'classy': False, 'hipster': False, 'divey': False, 'touristy': False, 'trendy': False, 'upscale': False, 'casual': False}"", 'BikeParking: False', 'BusinessAcceptsCreditCards: True', ""BusinessParking: {'garage': False, 'street': False, 'validated': False, 'lot': False, 'valet': False}"", 'Caters: False', 'DriveThru: True', 'GoodForKids: True', 'HasTV: False', 'NoiseLevel: average', 'OutdoorSeating: False', 'RestaurantsAttire: casual', 'RestaurantsDelivery: False', 'RestaurantsGoodForGroups: False', 'RestaurantsPriceRange2: 1', 'RestaurantsReservations: False', 'RestaurantsTableService: False', 'RestaurantsTakeOut: True', 'WiFi: no']",-115.065233,2350 S Nellis Blvd,89104,NV,1,8JxhnIJyOOR4qpqhRr0eiw,business
Sushi & Rolls,Pittsburgh,27,,Downtown,"['Restaurants', 'Sushi Bars']",40.4381749,4.5,"['Alcohol: none', ""Ambience: {'romantic': False, 'intimate': False, 'classy': False, 'hipster': False, 'divey': False, 'touristy': False, 'trendy': False, 'upscale': False, 'casual': True}"", 'BikeParking: True', 'BusinessAcceptsCreditCards: False', ""BusinessParking: {'garage': False, 'street': False, 'validated': False, 'lot': False, 'valet': False}"", 'Caters: False', 'GoodForKids: True', ""GoodForMeal: {'dessert': False, 'latenight': False, 'lunch': True, 'dinner': False, 'breakfast': False, 'brunch': False}"", 'HasTV: False', 'NoiseLevel: average', 'OutdoorSeating: False', 'RestaurantsAttire: casual', 'RestaurantsDelivery: False', 'RestaurantsGoodForGroups: True', 'RestaurantsPriceRange2: 1', 'RestaurantsReservations: False', 'RestaurantsTableService: False', 'RestaurantsTakeOut: True', 'WiFi: no']",-79.9988541,"301 Grant St, Ste 3",15219,PA,1,DQmEQkOhR4AwifvRPKqz_g,business
Taco Bell,Las Vegas,12,,Eastside,"['Mexican', 'Tex-Mex', 'Fast Food', 'Restaurants']",36.122409,3.0,"['Alcohol: none', ""Ambience: {'romantic': False, 'intimate': False, 'classy': False, 'hipster': False, 'divey': False, 'touristy': False, 'trendy': False, 'upscale': False, 'casual': False}"", 'BikeParking: True', 'BusinessAcceptsCreditCards: True', ""BusinessParking: {'garage': False, 'street': False, 'validated': False, 'lot': False, 'valet': False}"", 'Caters: False', 'DriveThru: True', 'GoodForKids: True', 'HasTV: False', 'NoiseLevel: average', 'OutdoorSeating: False', 'RestaurantsAttire: casual', 'RestaurantsDelivery: False', 'RestaurantsGoodForGroups: True', 'RestaurantsPriceRange2: 1', 'RestaurantsReservations: False', 'RestaurantsTableService: False', 'RestaurantsTakeOut: True', 'WiFi: no', ""GoodForMeal: {'dessert': False, 'latenight': False, 'lunch': True, 'dinner': False, 'breakfast': True, 'brunch': False}""]",-115.13732,1109 E. Twain,89109,NV,1,M1-aQ3XIMoAQeCUS0xQ4Mw,business
Africana Restaurant and Lounge,Madison,10,"['Tuesday 11:0-2:0', 'Wednesday 11:0-2:0', 'Thursday 11:0-2:0', 'Friday 11:0-2:30', 'Saturday 11:0-2:30', 'Sunday 11:0-2:0']",Schenk - Atwood,"['African', 'Restaurants']",43.0937705,2.5,"['Alcohol: full_bar', 'BusinessAcceptsCreditCards: True', ""BusinessParking: {'garage': False, 'street': False, 'validated': False, 'lot': False, 'valet': False}"", 'GoodForKids: True', ""GoodForMeal: {'dessert': False, 'latenight': False, 'lunch': True, 'dinner': True, 'breakfast': False, 'brunch': False}"", 'OutdoorSeating: False', 'RestaurantsAttire: casual', 'RestaurantsDelivery: False', 'RestaurantsGoodForGroups: True', 'RestaurantsPriceRange2: 2', 'RestaurantsReservations: True', 'RestaurantsTableService: True', 'RestaurantsTakeOut: True', 'WheelchairAccessible: True']",-89.3452006,2701 Atwood Ave,53704,WI,0,CRD6zKJSRbkiwTPYMIaavA,business
Jack-In-the Box,Phoenix,8,,,"['Fast Food', 'Restaurants', 'Burgers']",33.3924049,1.5,"['Alcohol: none', ""Ambience: {'romantic': False, 'intimate': False, 'classy': False, 'hipster': False, 'divey': False, 'touristy': False, 'trendy': False, 'upscale': False, 'casual': False}"", 'BikeParking: True', 'BusinessAcceptsCreditCards: True', ""BusinessParking: {'garage': False, 'street': False, 'validated': False, 'lot': False, 'valet': False}"", 'DriveThru: True', 'GoodForKids: True', ""GoodForMeal: {'dessert': False, 'latenight': False, 'lunch': True, 'dinner': False, 'breakfast': False, 'brunch': False}"", 'HasTV: True', 'OutdoorSeating: False', 'RestaurantsAttire: casual', 'RestaurantsDelivery: False', 'RestaurantsGoodForGroups: True', 'RestaurantsPriceRange2: 1', 'RestaurantsReservations: False', 'RestaurantsTableService: False', 'RestaurantsTakeOut: True', 'WheelchairAccessible: True']",-111.978725,4749 E Southern Ave,85042,AZ,1,omKjpmCjeuby5VSkndApPQ,business
Ichimoto,Richmond Hill,30,,,"['Restaurants', 'Japanese']",43.8412424,3.5,"[""Ambience: {'romantic': False, 'intimate': False, 'classy': False, 'hipster': False, 'touristy': False, 'trendy': False, 'upscale': False, 'casual': True}"", 'BusinessAcceptsCreditCards: True', ""BusinessParking: {'garage': False, 'street': False, 'validated': False, 'lot': True, 'valet': False}"", 'GoodForKids: True', ""GoodForMeal: {'dessert': False, 'latenight': False, 'lunch': True, 'dinner': True, 'breakfast': False, 'brunch': False}"", 'HasTV: False', 'NoiseLevel: average', 'OutdoorSeating: False', 'RestaurantsAttire: casual', 'RestaurantsDelivery: False', 'RestaurantsGoodForGroups: True', 'RestaurantsPriceRange2: 2', 'RestaurantsReservations: True', 'RestaurantsTableService: True', 'RestaurantsTakeOut: True', 'WheelchairAccessible: True', 'WiFi: no']",-79.39637,"360 Highway 7 E, Unit 15 - 16",L4B 3Y7,ON,0,2OgaMsHjo3VbcdQ0imHqkw,business
Jerk King,Toronto,29,"['Monday 11:0-3:0', 'Tuesday 11:0-3:0', 'Wednesday 11:0-3:0', 'Thursday 11:0-4:0', 'Friday 11:0-4:0', 'Saturday 11:0-4:0', 'Sunday 11:0-3:0']",The Annex,"['Caribbean', 'Restaurants']",43.6653403,4.0,"['Alcohol: none', ""Ambience: {'romantic': False, 'intimate': False, 'classy': False, 'hipster': False, 'touristy': False, 'trendy': False, 'upscale': False, 'casual': True}"", 'BikeParking: True', 'BusinessAcceptsCreditCards: True', ""BusinessParking: {'garage': False, 'street': False, 'validated': False, 'lot': False, 'valet': False}"", 'Caters: True', 'GoodForKids: True', ""GoodForMeal: {'dessert': False, 'latenight': False, 'lunch': True, 'dinner': True, 'breakfast': False, 'brunch': False}"", 'HasTV: False', 'NoiseLevel: average', 'OutdoorSeating: False', 'RestaurantsAttire: casual', 'RestaurantsDelivery: False', 'RestaurantsGoodForGroups: True', 'RestaurantsPriceRange2: 1', 'RestaurantsReservations: False', 'RestaurantsTableService: False', 'RestaurantsTakeOut: True', 'WiFi: no']",-79.4102561,522 Bloor Street W,M6G 1K1,ON,1,T_Vjy4_Z-F0mFQMLRHDTrQ,business
A Cookie & A Cupcake Boutique,Cleveland,19,"['Tuesday 11:0-18:0', 'Wednesday 11:0-18:0', 'Thursday 11:0-21:0', 'Friday 11:0-21:0', 'Saturday 11:0-21:0', 'Sunday 11:0-17:0']",Tremont,"['Food', 'Bakeries', 'Cupcakes', 'Restaurants', 'Gluten-Free']",41.4757335,4.0,"['BikeParking: True', 'BusinessAcceptsCreditCards: True', ""BusinessParking: {'garage': False, 'street': False, 'validated': False, 'lot': False, 'valet': False}"", 'RestaurantsDelivery: False', 'RestaurantsPriceRange2: 1', 'RestaurantsTakeOut: True']",-81.6909657,2681 W 14th,44113,OH,1,L4xtiJPS_VSbmBxTfOwjCQ,business
Canelli's Italian Eatery,Brampton,37,"['Monday 11:0-22:0', 'Tuesday 11:0-22:0', 'Wednesday 11:0-22:0', 'Thursday 11:0-22:0', 'Friday 11:0-23:0', 'Saturday 12:0-23:0', 'Sunday 16:0-22:0']",,"['Restaurants', 'Italian']",43.6968379,3.5,"['Alcohol: full_bar', ""Ambience: {'romantic': False, 'intimate': False, 'classy': False, 'hipster': False, 'touristy': False, 'trendy': False, 'upscale': False, 'casual': True}"", 'BikeParking: False', 'BusinessAcceptsCreditCards: True', ""BusinessParking: {'garage': False, 'street': False, 'validated': False, 'lot': True, 'valet': False}"", 'Caters: True', 'GoodForKids: True', ""GoodForMeal: {'dessert': False, 'latenight': False, 'lunch': False, 'dinner': True, 'breakfast': False, 'brunch': False}"", 'HasTV: True', 'NoiseLevel: average', 'OutdoorSeating: True', 'RestaurantsAttire: casual', 'RestaurantsDelivery: True', 'RestaurantsGoodForGroups: True', 'RestaurantsPriceRange2: 2', 'RestaurantsReservations: True', 'RestaurantsTableService: True', 'RestaurantsTakeOut: True', 'WheelchairAccessible: True', 'WiFi: free']",-79.748158,252 Queen Street E,L6V 1C1,ON,1,jaicRYvLNQKT-iquYQ1wAA,business
Samadhi Tea House,Toronto,7,"['Tuesday 12:0-20:30', 'Wednesday 12:0-20:30', 'Thursday 12:0-20:30', 'Friday 12:0-20:30', 'Saturday 12:0-20:30', 'Sunday 12:0-20:30']",Kensington Market,"['Coffee & Tea', 'Food', 'Cafes', 'Restaurants']",43.6552887,4.0,"['Alcohol: none', ""Ambience: {'romantic': False, 'intimate': False, 'classy': False, 'hipster': False, 'touristy': False, 'trendy': False, 'upscale': False, 'casual': False}"", 'BikeParking: True', 'BusinessAcceptsCreditCards: True', ""BusinessParking: {'garage': True, 'street': False, 'validated': False, 'lot': False, 'valet': False}"", 'Caters: False', 'DogsAllowed: False', 'GoodForKids: False', ""GoodForMeal: {'dessert': False, 'latenight': False, 'lunch': False, 'dinner': False, 'breakfast': False, 'brunch': False}"", 'HasTV: False', 'NoiseLevel: quiet', 'OutdoorSeating: True', 'RestaurantsAttire: casual', 'RestaurantsDelivery: False', 'RestaurantsGoodForGroups: False', 'RestaurantsPriceRange2: 2', 'RestaurantsReservations: True', 'RestaurantsTableService: True', 'RestaurantsTakeOut: True', 'WheelchairAccessible: False', 'WiFi: free']",-79.3998718,160 Baldwin Street,M5T 3K7,ON,0,x-hm5s-hYAiebmoDdDYrYw,business
Food Jungle,Markham,7,,Milliken,"['Food', 'Coffee & Tea', 'Chinese', 'Restaurants']",43.8259512,4.5,"['Alcohol: none', ""Ambience: {'romantic': False, 'intimate': False, 'classy': False, 'hipster': False, 'touristy': False, 'trendy': False, 'upscale': False, 'casual': False}"", 'BusinessAcceptsCreditCards: False', ""BusinessParking: {'garage': False, 'street': False, 'validated': False, 'lot': True, 'valet': False}"", 'Caters: False', 'GoodForKids: True', ""GoodForMeal: {'dessert': True, 'latenight': False, 'lunch': False, 'dinner': False, 'breakfast': False, 'brunch': False}"", 'HasTV: False', 'NoiseLevel: loud', 'OutdoorSeating: False', 'RestaurantsAttire: casual', 'RestaurantsDelivery: False', 'RestaurantsGoodForGroups: True', 'RestaurantsPriceRange2: 1', 'RestaurantsReservations: False', 'RestaurantsTableService: False', 'RestaurantsTakeOut: True', 'WheelchairAccessible: False', 'WiFi: no']",-79.3057108,4300 Steeles Avenue E,L3R 0Y5,ON,0,VJaHTx4eZtWNpDrAbGzR4A,business
Primo Pizza,Scarborough,3,,Scarborough,"['Restaurants', 'Pizza']",43.7539654,2.0,"['HasTV: True', 'RestaurantsDelivery: True', 'RestaurantsTableService: False']",-79.2442721,653 McCowan Rd,M1J 1K2,ON,1,ipPnn9BuZigDbPOpYX9KNQ,business
Espace La Fontaine,Montréal,5,"['Wednesday 11:0-17:0', 'Thursday 11:0-17:0', 'Friday 11:0-17:0', 'Saturday 10:0-17:0', 'Sunday 10:0-17:0']",Plateau-Mont-Royal,"['Restaurants', 'Diners', 'Cafes', 'Breakfast & Brunch']",45.5250956,3.5,"['Alcohol: full_bar', ""Ambience: {'romantic': False, 'intimate': False, 'classy': False, 'hipster': False, 'touristy': False, 'trendy': False, 'upscale': False, 'casual': False}"", 'BikeParking: True', 'BusinessAcceptsCreditCards: True', ""BusinessParking: {'garage': False, 'street': True, 'validated': False, 'lot': False, 'valet': False}"", 'Caters: True', 'DogsAllowed: True', 'GoodForKids: True', ""GoodForMeal: {'dessert': False, 'latenight': False, 'lunch': False, 'dinner': False, 'breakfast': False, 'brunch': False}"", 'HasTV: False', 'NoiseLevel: average', 'OutdoorSeating: True', 'RestaurantsAttire: casual', 'RestaurantsDelivery: False', 'RestaurantsGoodForGroups: True', 'RestaurantsPriceRange2: 2', 'RestaurantsReservations: False', 'RestaurantsTableService: True', 'RestaurantsTakeOut: True', 'WheelchairAccessible: True', 'WiFi: free']",-73.5700686,3933 Avenue du Parc la Fontaine,H2L 0C7,QC,1,p_vUkVJR2LB5i2mfgLS-QA,business
Tshito-Gwrito,Stuttgart,6,"['Monday 17:0-1:0', 'Tuesday 17:0-1:0', 'Wednesday 17:0-1:0', 'Thursday 17:0-1:0', 'Friday 17:0-1:0', 'Saturday 14:0-2:0', 'Sunday 14:0-2:0']",,"['Greek', 'Eastern European', 'Modern European', 'Russian', 'Restaurants']",48.7901,3.5,"['Alcohol: full_bar', 'BusinessAcceptsCreditCards: False', ""BusinessParking: {'garage': False, 'street': False, 'validated': False, 'lot': False, 'valet': False}"", 'DogsAllowed: True', ""GoodForMeal: {'dessert': False, 'latenight': False, 'lunch': False, 'dinner': False, 'breakfast': False, 'brunch': False}"", 'OutdoorSeating: False', 'RestaurantsAttire: casual', 'RestaurantsDelivery: False', 'RestaurantsPriceRange2: 2', 'RestaurantsTakeOut: False']",9.19985,Heinrich-Baumann-Str. 23,70190,BW,1,Pn73ay4DRdcBLiyZC0AuAA,business
First Watch,Mesa,69,"['Monday 7:0-14:30', 'Tuesday 7:0-14:30', 'Wednesday 7:0-14:30', 'Thursday 7:0-14:30', 'Friday 7:0-14:30', 'Saturday 7:0-14:30', 'Sunday 7:0-14:30']",,"['Restaurants', 'Cafes', 'Breakfast & Brunch', 'American (Traditional)']",33.380479,4.0,"['Alcohol: none', ""Ambience: {'romantic': False, 'intimate': False, 'classy': False, 'hipster': False, 'divey': False, 'touristy': False, 'trendy': False, 'upscale': False, 'casual': True}"", 'BikeParking: True', 'BusinessAcceptsCreditCards: True', ""BusinessParking: {'garage': False, 'street': False, 'validated': False, 'lot': False, 'valet': False}"", 'Caters: False', 'GoodForKids: True', ""GoodForMeal: {'dessert': False, 'latenight': False, 'lunch': True, 'dinner': False, 'breakfast': True, 'brunch': True}"", 'HasTV: False', 'NoiseLevel: average', 'OutdoorSeating: True', 'RestaurantsAttire: casual', 'RestaurantsDelivery: False', 'RestaurantsGoodForGroups: True', 'RestaurantsPriceRange2: 2', 'RestaurantsReservations: False', 'RestaurantsTableService: True', 'RestaurantsTakeOut: True', 'WiFi: no']",-111.7533699,1939 S Val Vista Dr,85204,AZ,1,HkG8Ucn1E1R4acyhFrywEA,business
Andrea Restaurant,Lachine,6,,Lachine,"['Restaurants', 'Canadian (New)']",45.4336453,2.0,"['BusinessAcceptsCreditCards: True', ""BusinessParking: {'garage': False, 'street': False, 'validated': False, 'lot': False, 'valet': False}"", 'Caters: False', 'HasTV: False', 'NoiseLevel: loud', 'OutdoorSeating: True', 'RestaurantsAttire: casual', 'RestaurantsDelivery: False', 'RestaurantsPriceRange2: 3', 'RestaurantsReservations: False', 'RestaurantsTableService: True', 'WiFi: no']",-73.6912803,3060 Saint-Joseph Boul,H8S 2P4,QC,1,mw2AYb6KOJhfpANu130IzQ,business
Applebee's,Stow,8,,,"['American (Traditional)', 'Fast Food', 'Bars', 'Sports Bars', 'Nightlife', 'Restaurants', 'Burgers']",41.156503,3.5,"['Alcohol: full_bar', ""Ambience: {'romantic': False, 'intimate': False, 'classy': False, 'hipster': False, 'divey': False, 'touristy': False, 'trendy': False, 'upscale': False, 'casual': True}"", 'BikeParking: False', 'BusinessAcceptsCreditCards: True', ""BusinessParking: {'garage': False, 'street': False, 'validated': False, 'lot': True, 'valet': False}"", 'Caters: False', 'DriveThru: False', 'GoodForDancing: False', 'GoodForKids: True', ""GoodForMeal: {'dessert': False, 'latenight': True, 'lunch': False, 'dinner': False, 'breakfast': False, 'brunch': False}"", 'HasTV: True', 'NoiseLevel: average', 'OutdoorSeating: False', 'RestaurantsAttire: casual', 'RestaurantsDelivery: False', 'RestaurantsGoodForGroups: True', 'RestaurantsPriceRange2: 2', 'RestaurantsReservations: False', 'RestaurantsTableService: True', 'RestaurantsTakeOut: True', 'WiFi: no']",-81.4076539,4296 Kent Rd,44224,OH,1,3jKaeGaw_iVz1oEqpoRqsQ,business
Sahara Buffet,Las Vegas,47,,The Strip,"['Buffets', 'Restaurants']",36.1423378,2.0,"['Alcohol: none', 'BYOB: False', 'BYOBCorkage: yes_free', 'BusinessAcceptsCreditCards: True', ""BusinessParking: {'garage': True, 'street': False, 'validated': False, 'lot': False, 'valet': False}"", 'Corkage: False', 'GoodForKids: True', ""GoodForMeal: {'dessert': False, 'latenight': False, 'lunch': False, 'dinner': True, 'breakfast': False, 'brunch': False}"", 'OutdoorSeating: False', 'RestaurantsAttire: casual', 'RestaurantsDelivery: False', 'RestaurantsGoodForGroups: True', 'RestaurantsPriceRange2: 1', 'RestaurantsReservations: False', 'RestaurantsTableService: False', 'RestaurantsTakeOut: False', 'WheelchairAccessible: True']",-115.1563054,2535 Las Vegas Blvd S,89136,NV,0,0lxyY2bwmpde2QHcnh8fZQ,business
Arnold's Tea,Pittsburgh,34,"['Monday 7:30-18:0', 'Tuesday 7:30-18:0', 'Wednesday 7:30-18:0', 'Thursday 7:30-18:0', 'Friday 7:30-18:0', 'Saturday 8:0-18:0']",North Side,"['Tea Rooms', 'Sandwiches', 'Restaurants', 'Food', 'Desserts', 'Coffee & Tea']",40.4536895,4.5,"['Alcohol: none', ""Ambience: {'romantic': False, 'intimate': False, 'classy': False, 'hipster': False, 'divey': False, 'touristy': False, 'trendy': False, 'upscale': False, 'casual': False}"", 'BikeParking: True', 'BusinessAcceptsCreditCards: True', ""BusinessParking: {'garage': False, 'street': True, 'validated': False, 'lot': False, 'valet': False}"", 'Caters: False', 'GoodForKids: True', ""GoodForMeal: {'dessert': False, 'latenight': False, 'lunch': False, 'dinner': False, 'breakfast': False, 'brunch': False}"", 'HasTV: False', 'NoiseLevel: average', 'OutdoorSeating: False', 'RestaurantsAttire: casual', 'RestaurantsDelivery: False', 'RestaurantsGoodForGroups: True', 'RestaurantsPriceRange2: 1', 'RestaurantsReservations: False', 'RestaurantsTableService: False', 'RestaurantsTakeOut: True', 'WiFi: free']",-80.0004615,502 E Ohio St,15212,PA,1,gfIVwp0RkM5yMa1u3mbB4Q,business
Bojangles,Stanley,3,,,"['Restaurants', 'Fast Food']",35.3517087,2.0,"['RestaurantsAttire: casual', 'RestaurantsTakeOut: True']",-81.0883729,541 S Highway 27,28164,NC,1,8A4RPphTLzwwrwREE2IBeQ,business
Squarz,Tempe,99,"['Tuesday 10:30-19:0', 'Wednesday 10:30-19:0', 'Thursday 10:30-20:0', 'Friday 10:30-20:0']",,"['Bakeries', 'Restaurants', 'Comfort Food', 'Food', 'Specialty Food', 'Cafes']",33.348714,4.5,"['Alcohol: none', ""Ambience: {'romantic': False, 'intimate': False, 'classy': False, 'hipster': False, 'divey': False, 'touristy': False, 'trendy': False, 'upscale': False, 'casual': True}"", 'BikeParking: True', 'BusinessAcceptsBitcoin: True', 'BusinessAcceptsCreditCards: True', ""BusinessParking: {'garage': False, 'street': False, 'validated': False, 'lot': True, 'valet': False}"", 'ByAppointmentOnly: False', 'Caters: True', 'DogsAllowed: True', 'GoodForKids: True', ""GoodForMeal: {'dessert': True, 'latenight': False, 'lunch': True, 'dinner': False, 'breakfast': False, 'brunch': False}"", 'HasTV: False', 'NoiseLevel: quiet', 'OutdoorSeating: True', 'RestaurantsAttire: casual', 'RestaurantsDelivery: True', 'RestaurantsGoodForGroups: False', 'RestaurantsPriceRange2: 1', 'RestaurantsReservations: False', 'RestaurantsTableService: False', 'RestaurantsTakeOut: True', 'WheelchairAccessible: True', 'WiFi: no']",-111.9266829,"975 E Elliot Rd, Ste 103",85284,AZ,1,dnB7SD38_lwiC9E-BJxq-Q,business
L'Assommoir Bernard,Montréal,26,"['Monday 17:0-0:0', 'Tuesday 17:0-0:0', 'Wednesday 17:0-1:0', 'Thursday 16:0-1:0', 'Friday 16:0-2:0', 'Saturday 10:0-2:0', 'Sunday 10:0-0:0']",Plateau-Mont-Royal,"['Nightlife', 'Music Venues', 'Tapas Bars', 'Mediterranean', 'Arts & Entertainment', 'Restaurants']",45.5259581,3.5,"['Alcohol: full_bar', ""Ambience: {'romantic': False, 'intimate': False, 'classy': False, 'hipster': False, 'touristy': False, 'trendy': True, 'upscale': False, 'casual': False}"", ""BestNights: {'monday': False, 'tuesday': False, 'friday': True, 'wednesday': False, 'thursday': True, 'sunday': False, 'saturday': True}"", 'BikeParking: False', 'BusinessAcceptsCreditCards: True', ""BusinessParking: {'garage': False, 'street': False, 'validated': False, 'lot': False, 'valet': False}"", 'Caters: False', 'CoatCheck: False', 'GoodForDancing: True', 'GoodForKids: False', ""GoodForMeal: {'dessert': False, 'latenight': True, 'lunch': False, 'dinner': False, 'breakfast': False, 'brunch': False}"", 'HappyHour: True', 'HasTV: True', ""Music: {'dj': True, 'background_music': False, 'no_music': False, 'karaoke': False, 'live': True, 'video': False, 'jukebox': True}"", 'NoiseLevel: very_loud', 'OutdoorSeating: False', 'RestaurantsAttire: casual', 'RestaurantsDelivery: False', 'RestaurantsGoodForGroups: True', 'RestaurantsPriceRange2: 2', 'RestaurantsReservations: True', 'RestaurantsTableService: True', 'RestaurantsTakeOut: False', 'Smoking: no', 'WiFi: no']",-73.6034603,112 Rue Bernard Ouest,H2T 2K1,QC,1,BhkTREWwgvOCWOM9TSldkw,business
Lucky Streak at LAS,Las Vegas,25,,Southeast,"['American (Traditional)', 'Pubs', 'Restaurants', 'Bars', 'Nightlife']",36.0839998,3.0,"['Alcohol: full_bar', ""Ambience: {'romantic': False, 'intimate': False, 'classy': False, 'hipster': False, 'divey': False, 'touristy': False, 'trendy': False, 'upscale': False, 'casual': False}"", 'BikeParking: False', 'BusinessAcceptsCreditCards: True', 'CoatCheck: False', 'GoodForDancing: False', 'GoodForKids: False', ""GoodForMeal: {'dessert': False, 'latenight': False, 'lunch': False, 'dinner': False, 'breakfast': True, 'brunch': False}"", 'HappyHour: False', 'HasTV: True', ""Music: {'dj': False, 'background_music': False, 'no_music': False, 'karaoke': False, 'live': False, 'video': False, 'jukebox': False}"", 'OutdoorSeating: False', 'RestaurantsAttire: casual', 'RestaurantsDelivery: False', 'RestaurantsGoodForGroups: False', 'RestaurantsPriceRange2: 2', 'RestaurantsReservations: False', 'RestaurantsTableService: True', 'RestaurantsTakeOut: True', 'Smoking: no', 'WiFi: no']",-115.1537389,"5757 Wayne Newton Blvd, Terminal C",89119,NV,1,88vF_9_X9dJwZ7w-hwtMow,business
Hungry Howie's Pizza,Gilbert,42,"['Monday 10:30-22:0', 'Tuesday 10:30-22:0', 'Wednesday 10:30-22:0', 'Thursday 10:30-22:0', 'Friday 10:30-0:0', 'Saturday 10:30-0:0', 'Sunday 10:30-22:0']",,"['Restaurants', 'Pizza']",33.2937917,2.5,"['Alcohol: none', ""Ambience: {'romantic': False, 'intimate': False, 'classy': False, 'hipster': False, 'divey': False, 'touristy': False, 'trendy': False, 'upscale': False, 'casual': True}"", 'BikeParking: True', 'BusinessAcceptsCreditCards: True', ""BusinessParking: {'garage': False, 'street': False, 'validated': False, 'lot': True, 'valet': False}"", 'Caters: True', 'GoodForKids: True', ""GoodForMeal: {'dessert': False, 'latenight': False, 'lunch': True, 'dinner': False, 'breakfast': False, 'brunch': False}"", 'HasTV: True', 'NoiseLevel: average', 'OutdoorSeating: False', 'RestaurantsAttire: casual', 'RestaurantsDelivery: True', 'RestaurantsGoodForGroups: True', 'RestaurantsPriceRange2: 1', 'RestaurantsReservations: False', 'RestaurantsTableService: False', 'RestaurantsTakeOut: True', 'WheelchairAccessible: True']",-111.7218954,"3126 South Higley Rd, Ste 108",85297,AZ,1,NZBQ6UKdNsYZLU7v85E52A,business
Arby's Roast Beef Sandwich Restaurants,North Las Vegas,3,,,"['Sandwiches', 'Restaurants', 'American (New)', 'Fast Food']",36.1960627,2.0,"['BusinessAcceptsCreditCards: True', 'GoodForKids: True', 'OutdoorSeating: False', 'RestaurantsAttire: casual', 'RestaurantsDelivery: False', 'RestaurantsGoodForGroups: False', 'RestaurantsPriceRange2: 1', 'RestaurantsReservations: False', 'RestaurantsTakeOut: True']",-115.1247503,1300 E Lake Mead Blvd,89030,NV,1,OquXguWr9eR81NYVdlZrjg,business
Moji Japanese Eatery,Markham,177,"['Monday 11:30-21:0', 'Wednesday 11:30-21:0', 'Thursday 11:30-21:0', 'Friday 11:30-22:0', 'Saturday 11:0-22:0', 'Sunday 11:0-22:0']",Unionville,"['Desserts', 'Restaurants', 'Food', 'Japanese', 'Ice Cream & Frozen Yogurt', 'Ramen']",43.860397,3.5,"['Alcohol: none', ""Ambience: {'romantic': False, 'intimate': False, 'classy': False, 'hipster': False, 'touristy': False, 'trendy': False, 'upscale': False, 'casual': True}"", 'BikeParking: False', 'BusinessAcceptsCreditCards: True', ""BusinessParking: {'garage': False, 'street': False, 'validated': False, 'lot': True, 'valet': False}"", 'Caters: False', 'GoodForKids: True', ""GoodForMeal: {'dessert': False, 'latenight': False, 'lunch': True, 'dinner': True, 'breakfast': False, 'brunch': False}"", 'HasTV: False', 'NoiseLevel: average', 'OutdoorSeating: False', 'RestaurantsAttire: casual', 'RestaurantsDelivery: False', 'RestaurantsGoodForGroups: True', 'RestaurantsPriceRange2: 2', 'RestaurantsReservations: True', 'RestaurantsTableService: True', 'RestaurantsTakeOut: True', 'WiFi: free']",-79.303184,A6-8362 Kennedy Road,L3R 9W5,ON,1,UkWme3kwg6L9rd4tCNB15w,business
Rice to Go,Whitby,11,,,"['Thai', 'Chinese', 'Restaurants']",43.8884864,4.5,"['Alcohol: none', ""Ambience: {'romantic': False, 'intimate': False, 'classy': False, 'hipster': False, 'touristy': False, 'trendy': False, 'upscale': False, 'casual': False}"", 'BikeParking: True', 'BusinessAcceptsCreditCards: True', ""BusinessParking: {'garage': False, 'street': False, 'validated': False, 'lot': False, 'valet': False}"", 'Caters: True', 'GoodForKids: False', ""GoodForMeal: {'dessert': False, 'latenight': False, 'lunch': False, 'dinner': True, 'breakfast': False, 'brunch': False}"", 'HasTV: True', 'NoiseLevel: quiet', 'OutdoorSeating: False', 'RestaurantsAttire: casual', 'RestaurantsDelivery: True', 'RestaurantsGoodForGroups: False', 'RestaurantsPriceRange2: 1', 'RestaurantsReservations: False', 'RestaurantsTableService: False', 'RestaurantsTakeOut: True', 'WiFi: no']",-78.9131578,25 Thickson Rd N,L1N 3R6,ON,1,bTGySRKZipOmjN27wuEVkw,business
Cafe 8,Mesa,88,"['Monday 8:0-15:0', 'Tuesday 8:0-15:0', 'Wednesday 8:0-15:0', 'Thursday 8:0-15:0', 'Friday 8:0-15:0', 'Saturday 8:0-15:0']",,"['Desserts', 'Vegetarian', 'Sandwiches', 'Breakfast & Brunch', 'Restaurants', 'Food', 'Mediterranean', 'Gluten-Free', 'Vegan']",33.3937103,4.0,"['Alcohol: none', ""Ambience: {'romantic': False, 'intimate': False, 'classy': False, 'hipster': False, 'divey': False, 'touristy': False, 'trendy': False, 'upscale': False, 'casual': True}"", 'BikeParking: True', 'BusinessAcceptsCreditCards: True', ""BusinessParking: {'garage': False, 'street': False, 'validated': False, 'lot': True, 'valet': False}"", 'Caters: True', 'GoodForKids: True', ""GoodForMeal: {'dessert': False, 'latenight': False, 'lunch': True, 'dinner': False, 'breakfast': True, 'brunch': True}"", 'HasTV: False', 'NoiseLevel: quiet', 'OutdoorSeating: True', 'RestaurantsAttire: casual', 'RestaurantsDelivery: False', 'RestaurantsGoodForGroups: False', 'RestaurantsPriceRange2: 2', 'RestaurantsReservations: True', 'RestaurantsTableService: True', 'RestaurantsTakeOut: True', 'WheelchairAccessible: True']",-111.7180642,"5235 E Southern Ave, Ste 107",85206,AZ,1,FtW8cRwh_mRT6efsjtWABA,business
Sushi Mocorito,Phoenix,3,"['Tuesday 11:0-22:0', 'Wednesday 11:0-22:0', 'Thursday 11:0-22:0', 'Friday 11:0-22:0', 'Saturday 11:0-22:0', 'Sunday 11:0-22:0']",,"['Food Trucks', 'Food', 'Restaurants', 'Sushi Bars']",33.451025,4.5,"['BusinessAcceptsCreditCards: False', 'GoodForKids: True', ""GoodForMeal: {'dessert': False, 'latenight': False, 'lunch': False, 'dinner': False, 'breakfast': False, 'brunch': False}"", 'RestaurantsDelivery: False', 'RestaurantsGoodForGroups: True', 'RestaurantsPriceRange2: 2', 'RestaurantsReservations: False']",-112.133684,3455 W Van Buren St,85009,AZ,1,E_f5hWSBXkxvyckUpU31kQ,business
Thai Express,Mississauga,6,,East Credit,"['Restaurants', 'Thai', 'Food']",43.6086493015,2.0,"['BikeParking: True', 'GoodForKids: True', 'RestaurantsAttire: casual', 'RestaurantsDelivery: False', 'RestaurantsGoodForGroups: True', 'RestaurantsPriceRange2: 1', 'RestaurantsReservations: False', 'RestaurantsTakeOut: True']",-79.6981573174,5955 Latimer Drive,L5V 2W1,ON,1,_Izvv9Hj0sQRkj0l9fnP7A,business
Spokes On Southern,Tempe,224,"['Monday 11:0-2:0', 'Tuesday 11:0-2:0', 'Wednesday 11:0-2:0', 'Thursday 11:0-2:0', 'Friday 11:0-2:0', 'Saturday 11:0-2:0', 'Sunday 11:0-2:0']",,"['American (New)', 'Beer', 'Wine & Spirits', 'Restaurants', 'Bars', 'Food', 'Pubs', 'Nightlife']",33.3930144,4.0,"['Alcohol: full_bar', ""Ambience: {'romantic': False, 'intimate': False, 'classy': False, 'hipster': False, 'divey': False, 'touristy': False, 'trendy': False, 'upscale': False, 'casual': True}"", ""BestNights: {'monday': False, 'tuesday': False, 'friday': True, 'wednesday': False, 'thursday': True, 'sunday': False, 'saturday': True}"", 'BikeParking: True', 'BusinessAcceptsCreditCards: True', ""BusinessParking: {'garage': False, 'street': False, 'validated': False, 'lot': True, 'valet': False}"", 'Caters: False', 'CoatCheck: False', 'DogsAllowed: True', 'GoodForDancing: False', 'GoodForKids: True', ""GoodForMeal: {'dessert': False, 'latenight': True, 'lunch': True, 'dinner': True, 'breakfast': False, 'brunch': False}"", 'HappyHour: True', 'HasTV: True', ""Music: {'dj': False, 'background_music': False, 'no_music': False, 'karaoke': False, 'live': False, 'video': False, 'jukebox': False}"", 'NoiseLevel: average', 'OutdoorSeating: True', 'RestaurantsAttire: casual', 'RestaurantsDelivery: True', 'RestaurantsGoodForGroups: True', 'RestaurantsPriceRange2: 2', 'RestaurantsReservations: True', 'RestaurantsTableService: True', 'RestaurantsTakeOut: True', 'Smoking: outdoor', 'WheelchairAccessible: True', 'WiFi: free']",-111.9146171,1470 E Southern Ave,85282,AZ,1,AZQKMMvX9m1-uTdLPMzK3g,business
Blue Plate,Toronto,3,"['Tuesday 17:0-22:0', 'Wednesday 17:0-22:0', 'Thursday 17:0-22:0', 'Friday 17:0-22:0', 'Saturday 17:0-22:0']",High Park,"['Restaurants', 'Canadian (New)']",43.6509164,4.0,"['Alcohol: full_bar', 'BusinessAcceptsCreditCards: True', ""BusinessParking: {'garage': False, 'street': True, 'validated': False, 'lot': False, 'valet': False}"", 'DogsAllowed: False', 'NoiseLevel: quiet', 'OutdoorSeating: True', 'RestaurantsAttire: casual', 'RestaurantsDelivery: False', 'RestaurantsPriceRange2: 2', 'RestaurantsReservations: True', 'RestaurantsTableService: True', 'RestaurantsTakeOut: True', 'WiFi: no']",-79.4509585,392 Roncensvalles Avenue,M6R 2N9,ON,0,xpNnMfnh6pI4q6UAvcBGEA,business
Your Pie,Mesa,45,"['Monday 11:0-21:0', 'Tuesday 11:0-21:0', 'Wednesday 11:0-21:0', 'Thursday 11:0-21:0', 'Friday 11:0-22:0', 'Saturday 11:0-22:0', 'Sunday 11:0-21:0']",,"['Salad', 'Restaurants', 'Italian', 'Pizza']",33.3784023,4.0,"['Alcohol: beer_and_wine', ""Ambience: {'romantic': False, 'intimate': False, 'classy': False, 'hipster': False, 'divey': False, 'touristy': False, 'trendy': False, 'upscale': False, 'casual': True}"", 'BikeParking: True', 'BusinessAcceptsCreditCards: True', ""BusinessParking: {'garage': False, 'street': False, 'validated': False, 'lot': False, 'valet': False}"", 'Caters: False', 'GoodForKids: True', ""GoodForMeal: {'dessert': True, 'latenight': False, 'lunch': True, 'dinner': True, 'breakfast': False, 'brunch': False}"", 'HasTV: True', 'NoiseLevel: average', 'OutdoorSeating: True', 'RestaurantsAttire: casual', 'RestaurantsDelivery: False', 'RestaurantsGoodForGroups: True', 'RestaurantsPriceRange2: 1', 'RestaurantsReservations: False', 'RestaurantsTableService: False', 'RestaurantsTakeOut: True', 'WheelchairAccessible: True', 'WiFi: free']",-111.8592283,2015 S Alma School Rd,85210,AZ,1,x7pcgbbZoqKndNEDIHZB8w,business
In-N-Out Burger,Mesa,61,"['Monday 10:30-1:0', 'Tuesday 10:30-1:0', 'Wednesday 10:30-1:0', 'Thursday 10:30-1:0', 'Friday 10:30-1:30', 'Saturday 10:30-1:30', 'Sunday 10:30-1:0']",,"['American (Traditional)', 'Burgers', 'Fast Food', 'Restaurants']",33.3901046,3.5,"['Alcohol: none', ""Ambience: {'romantic': False, 'intimate': False, 'classy': False, 'hipster': False, 'divey': False, 'touristy': False, 'trendy': False, 'upscale': False, 'casual': True}"", 'BikeParking: True', 'BusinessAcceptsCreditCards: True', ""BusinessParking: {'garage': False, 'street': False, 'validated': False, 'lot': True, 'valet': False}"", 'Caters: False', 'DriveThru: True', 'GoodForKids: True', ""GoodForMeal: {'dessert': False, 'latenight': True, 'lunch': True, 'dinner': True, 'breakfast': False, 'brunch': False}"", 'HasTV: False', 'NoiseLevel: average', 'OutdoorSeating: True', 'RestaurantsAttire: casual', 'RestaurantsDelivery: False', 'RestaurantsGoodForGroups: True', 'RestaurantsPriceRange2: 1', 'RestaurantsReservations: False', 'RestaurantsTableService: False', 'RestaurantsTakeOut: True', 'WiFi: no']",-111.8577004,1342 S Alma School Rd,85210,AZ,1,CIb1HTCKrOJ-BDWQDrkoOw,business
Kagawa Japanese Restaurant,Mississauga,7,"['Tuesday 11:0-22:30', 'Wednesday 11:0-22:30', 'Thursday 11:0-22:30', 'Friday 11:0-23:0', 'Saturday 11:0-23:0', 'Sunday 11:0-23:0']",,"['Restaurants', 'Japanese']",43.5678666,3.5,"['Alcohol: full_bar', 'BusinessAcceptsCreditCards: True', ""BusinessParking: {'garage': False, 'street': False, 'validated': False, 'lot': True, 'valet': False}"", 'GoodForKids: True', ""GoodForMeal: {'dessert': False, 'latenight': False, 'lunch': False, 'dinner': False, 'breakfast': False, 'brunch': False}"", 'OutdoorSeating: False', 'RestaurantsAttire: casual', 'RestaurantsGoodForGroups: True', 'RestaurantsPriceRange2: 2', 'RestaurantsReservations: True', 'RestaurantsTableService: True', 'RestaurantsTakeOut: True', 'WheelchairAccessible: True']",-79.6634442,1177 Central Parkway W,L5C 4P3,ON,0,Cna1HsxJHLZx2wwB2o_OQg,business
The Star Fastfood,Mississauga,5,"['Monday 9:0-21:0', 'Tuesday 9:0-21:0', 'Wednesday 9:0-21:0', 'Thursday 9:0-21:0', 'Friday 9:0-21:0', 'Saturday 9:0-21:0', 'Sunday 9:0-21:0']",,"['Specialty Food', 'Ethnic Food', 'Food', 'Fast Food', 'Imported Food', 'Restaurants', 'Chinese']",43.567427862,2.5,"['Alcohol: none', ""Ambience: {'romantic': False, 'intimate': False, 'classy': False, 'hipster': False, 'touristy': False, 'trendy': False, 'upscale': False, 'casual': True}"", 'BikeParking: True', 'BusinessAcceptsCreditCards: False', ""BusinessParking: {'garage': False, 'street': False, 'validated': False, 'lot': True, 'valet': False}"", 'Caters: False', 'DriveThru: False', 'GoodForKids: True', ""GoodForMeal: {'dessert': False, 'latenight': False, 'lunch': False, 'dinner': False, 'breakfast': False, 'brunch': True}"", 'HasTV: True', 'NoiseLevel: average', 'OutdoorSeating: False', 'RestaurantsAttire: casual', 'RestaurantsDelivery: False', 'RestaurantsGoodForGroups: False', 'RestaurantsPriceRange2: 1', 'RestaurantsReservations: False', 'RestaurantsTableService: False', 'RestaurantsTakeOut: True', 'WheelchairAccessible: False', 'WiFi: no']",-79.6595320478,"1177 Central Parkway W, Suite 64",L5C 4P3,ON,1,-aMU1eiKsQcWY8zot1HT2w,business
King Place,Toronto,21,"['Monday 11:0-6:0', 'Tuesday 11:0-6:0', 'Wednesday 11:0-6:0', 'Thursday 11:0-6:0', 'Friday 11:0-6:0', 'Saturday 11:0-6:0', 'Sunday 11:0-6:0']",,"['Pakistani', 'Restaurants', 'Indian']",43.6580763,3.5,"['Alcohol: none', ""Ambience: {'romantic': False, 'intimate': False, 'classy': False, 'hipster': False, 'touristy': False, 'trendy': False, 'upscale': False, 'casual': True}"", 'BikeParking: True', 'BusinessAcceptsCreditCards: True', ""BusinessParking: {'garage': False, 'street': False, 'validated': False, 'lot': False, 'valet': False}"", 'Caters: True', 'GoodForKids: True', ""GoodForMeal: {'dessert': False, 'latenight': True, 'lunch': True, 'dinner': True, 'breakfast': False, 'brunch': False}"", 'HasTV: True', 'NoiseLevel: average', 'OutdoorSeating: False', 'RestaurantsAttire: casual', 'RestaurantsDelivery: True', 'RestaurantsGoodForGroups: True', 'RestaurantsPriceRange2: 2', 'RestaurantsReservations: False', 'RestaurantsTableService: False', 'RestaurantsTakeOut: True', 'WiFi: no']",-79.3712474,"236 Sherbourne Street, Unit 1",M5A 2R7,ON,1,iDCAMAg7XPBx2g-82AIsgg,business
McDonald's,Las Vegas,4,,Sunrise,"['Fast Food', 'Restaurants']",36.1374449,3.0,"[""Ambience: {'romantic': False, 'intimate': False, 'classy': False, 'hipster': False, 'divey': False, 'touristy': False, 'trendy': False, 'upscale': False, 'casual': False}"", 'BikeParking: True', 'BusinessAcceptsCreditCards: True', 'DriveThru: True', 'GoodForKids: True', ""GoodForMeal: {'dessert': False, 'latenight': False, 'lunch': False, 'dinner': False, 'breakfast': False, 'brunch': False}"", 'OutdoorSeating: False', 'RestaurantsAttire: casual', 'RestaurantsDelivery: False', 'RestaurantsGoodForGroups: True', 'RestaurantsPriceRange2: 1', 'RestaurantsReservations: False', 'RestaurantsTakeOut: True']",-115.0647934,2886 S Nellis Blvd,89121,NV,1,mL9sLXHeA0q7aj8-BXXq4g,business
El Pollo Loco,Las Vegas,9,"['Monday 10:0-23:0', 'Tuesday 10:0-23:0', 'Wednesday 10:0-23:0', 'Thursday 10:0-23:0', 'Friday 10:0-23:0', 'Saturday 10:0-23:0', 'Sunday 10:0-23:0']",Sunrise,"['Restaurants', 'Fast Food', 'Mexican']",36.1377957,2.0,"['BusinessAcceptsCreditCards: True', 'GoodForKids: True', 'RestaurantsGoodForGroups: False', 'RestaurantsReservations: False', 'RestaurantsTakeOut: True']",-115.0664764,2885 S Nellis Blvd,89121,NV,1,lsGIcUOadXjaRtKFNtrq8Q,business
Cora,Toronto,35,,Scarborough,"['Restaurants', 'Breakfast & Brunch']",43.7830557,3.5,"['Alcohol: none', ""Ambience: {'romantic': False, 'intimate': False, 'classy': False, 'hipster': False, 'touristy': False, 'trendy': False, 'upscale': False, 'casual': True}"", 'BikeParking: True', 'BusinessAcceptsCreditCards: True', ""BusinessParking: {'garage': False, 'street': False, 'validated': False, 'lot': True, 'valet': False}"", 'Caters: False', 'GoodForKids: True', ""GoodForMeal: {'dessert': False, 'latenight': False, 'lunch': False, 'dinner': False, 'breakfast': False, 'brunch': True}"", 'HasTV: False', 'NoiseLevel: loud', 'OutdoorSeating: False', 'RestaurantsAttire: casual', 'RestaurantsDelivery: False', 'RestaurantsGoodForGroups: True', 'RestaurantsPriceRange2: 2', 'RestaurantsReservations: True', 'RestaurantsTableService: True', 'RestaurantsTakeOut: True', 'WiFi: free']",-79.252781,45 Milner Ave,M1S 3P6,ON,1,Yd5WscaQbrAGJgaB3JZKpQ,business
Restaurant Cunninghams,Sainte-Anne-De-Bellevue,7,,,['Restaurants'],45.4034717,4.0,"['BusinessAcceptsCreditCards: True', 'GoodForKids: True', 'RestaurantsDelivery: True', 'RestaurantsGoodForGroups: True', 'RestaurantsTakeOut: True']",-73.9508624,75 Rue Sainte-Anne,H9X 1L9,QC,1,FFajeI_kh7q7UBs1_v_dig,business
Crazy Pita Rotisserie & Grill,Henderson,179,"['Monday 10:30-21:0', 'Tuesday 10:30-21:0', 'Wednesday 10:30-21:0', 'Thursday 10:30-21:0', 'Friday 10:30-21:0', 'Saturday 10:30-21:0', 'Sunday 10:30-20:0']",Anthem,"['Greek', 'Restaurants', 'Mediterranean']",36.0213130793,4.0,"['Alcohol: beer_and_wine', ""Ambience: {'romantic': False, 'intimate': False, 'classy': False, 'hipster': False, 'divey': False, 'touristy': False, 'trendy': False, 'upscale': False, 'casual': True}"", 'BikeParking: True', 'BusinessAcceptsCreditCards: True', ""BusinessParking: {'garage': False, 'street': False, 'validated': False, 'lot': True, 'valet': False}"", 'Caters: True', 'DogsAllowed: False', 'GoodForKids: True', ""GoodForMeal: {'dessert': False, 'latenight': False, 'lunch': True, 'dinner': True, 'breakfast': False, 'brunch': False}"", 'HasTV: True', 'NoiseLevel: average', 'OutdoorSeating: True', 'RestaurantsAttire: casual', 'RestaurantsDelivery: False', 'RestaurantsGoodForGroups: True', 'RestaurantsPriceRange2: 2', 'RestaurantsReservations: False', 'RestaurantsTableService: False', 'RestaurantsTakeOut: True', 'WheelchairAccessible: True', 'WiFi: free']",-115.0849843,"The District at Green Valley Ranch, 2225 Village Walk Dr , Ste 175",89052,NV,1,G87Yg6as3LU5Af1IwoPIYg,business
Fuji Japanese Steakhouse,Charlotte,90,"['Monday 11:0-14:30', 'Monday 16:30-22:0', 'Tuesday 11:0-14:30', 'Tuesday 16:30-22:0', 'Wednesday 11:0-14:30', 'Wednesday 16:30-22:0', 'Thursday 11:0-14:30', 'Thursday 16:30-22:0', 'Friday 11:0-14:30', 'Friday 16:30-23:0', 'Saturday 11:0-14:30', 'Saturday 16:30-23:0', 'Sunday 11:0-21:30']",Steele Creek,"['Japanese', 'Ethnic Food', 'Restaurants', 'Asian Fusion', 'Food', 'Sushi Bars', 'Specialty Food']",35.1029373522,3.0,"['Alcohol: full_bar', ""Ambience: {'romantic': False, 'intimate': False, 'classy': False, 'hipster': False, 'divey': False, 'touristy': False, 'trendy': False, 'upscale': False, 'casual': True}"", 'BikeParking: False', 'BusinessAcceptsCreditCards: True', ""BusinessParking: {'garage': False, 'street': True, 'validated': False, 'lot': False, 'valet': False}"", 'Caters: False', 'GoodForKids: True', 'HasTV: True', 'NoiseLevel: average', 'OutdoorSeating: False', 'RestaurantsAttire: casual', 'RestaurantsDelivery: False', 'RestaurantsGoodForGroups: True', 'RestaurantsPriceRange2: 2', 'RestaurantsReservations: True', 'RestaurantsTableService: True', 'RestaurantsTakeOut: True', 'WheelchairAccessible: True', 'WiFi: no', ""GoodForMeal: {'dessert': False, 'latenight': False, 'lunch': True, 'dinner': True, 'breakfast': False, 'brunch': False}""]",-80.9848520092,"14126 RiverGate Pkwy, Ste 400",28273,NC,1,HtObLsspK0xIXfNPb7eUmA,business
Zesty Zzeeks Pizza and Wings,Phoenix,185,"['Monday 10:30-22:30', 'Tuesday 10:30-22:30', 'Wednesday 10:30-22:30', 'Thursday 10:30-22:30', 'Friday 10:30-23:30', 'Saturday 10:30-23:30', 'Sunday 10:0-22:30']",,"['Pizza', 'Restaurants', 'Food']",33.3293642208,4.0,"['Alcohol: beer_and_wine', ""Ambience: {'romantic': False, 'intimate': False, 'classy': False, 'hipster': False, 'divey': False, 'touristy': False, 'trendy': False, 'upscale': False, 'casual': True}"", 'BikeParking: True', 'BusinessAcceptsCreditCards: True', ""BusinessParking: {'garage': False, 'street': False, 'validated': False, 'lot': True, 'valet': False}"", 'Caters: True', 'GoodForKids: True', ""GoodForMeal: {'dessert': False, 'latenight': False, 'lunch': True, 'dinner': True, 'breakfast': False, 'brunch': False}"", 'HasTV: True', 'NoiseLevel: average', 'OutdoorSeating: True', 'RestaurantsAttire: casual', 'RestaurantsDelivery: True', 'RestaurantsGoodForGroups: True', 'RestaurantsPriceRange2: 2', 'RestaurantsTableService: True', 'RestaurantsTakeOut: True', 'WheelchairAccessible: True', 'WiFi: free', 'RestaurantsReservations: False']",-111.979633853,4825 E Warner Rd,85044,AZ,1,0rjU_WK5HxoH1fIuEpTpcg,business
Jimmy John's,Peoria,16,,,"['Sandwiches', 'Restaurants']",33.7113957059,3.0,"['Alcohol: none', ""Ambience: {'romantic': False, 'intimate': False, 'classy': False, 'hipster': False, 'divey': False, 'touristy': False, 'trendy': False, 'upscale': False, 'casual': False}"", 'BikeParking: True', 'BusinessAcceptsCreditCards: True', ""BusinessParking: {'garage': False, 'street': False, 'validated': False, 'lot': False, 'valet': False}"", 'Caters: True', 'GoodForKids: True', ""GoodForMeal: {'dessert': False, 'latenight': False, 'lunch': False, 'dinner': False, 'breakfast': False, 'brunch': False}"", 'HasTV: False', 'NoiseLevel: average', 'OutdoorSeating: False', 'RestaurantsAttire: casual', 'RestaurantsDelivery: True', 'RestaurantsGoodForGroups: True', 'RestaurantsPriceRange2: 1', 'RestaurantsReservations: False', 'RestaurantsTableService: False', 'RestaurantsTakeOut: True', 'WiFi: no']",-112.271428218,25101 N Lake Pleasant Pkwy,85383,AZ,1,KLpxaNtXuwwJf_OEX_ZFcw,business
Denny's,Scottsdale,41,"['Monday 0:0-0:0', 'Tuesday 0:0-0:0', 'Wednesday 0:0-0:0', 'Thursday 0:0-0:0', 'Friday 0:0-0:0', 'Saturday 0:0-0:0', 'Sunday 0:0-0:0']",,"['Breakfast & Brunch', 'American (Traditional)', 'Restaurants', 'Diners']",33.4653624061,2.5,"['Alcohol: none', ""Ambience: {'romantic': False, 'intimate': False, 'classy': False, 'hipster': False, 'divey': False, 'touristy': False, 'trendy': False, 'upscale': False, 'casual': False}"", 'BikeParking: True', 'BusinessAcceptsCreditCards: True', ""BusinessParking: {'garage': False, 'street': False, 'validated': False, 'lot': True, 'valet': False}"", 'Caters: False', 'GoodForKids: True', ""GoodForMeal: {'dessert': False, 'latenight': True, 'lunch': False, 'dinner': False, 'breakfast': True, 'brunch': True}"", 'HasTV: True', 'NoiseLevel: average', 'OutdoorSeating: False', 'RestaurantsAttire: casual', 'RestaurantsDelivery: False', 'RestaurantsGoodForGroups: True', 'RestaurantsPriceRange2: 1', 'RestaurantsReservations: False', 'RestaurantsTableService: True', 'RestaurantsTakeOut: True', 'WheelchairAccessible: True', 'WiFi: free']",-111.917193612,7605 E McDowell Rd,85257,AZ,1,aRFQvXxX6_DLVEbPk5WfZQ,business
Segafredo Espresso Bar,Ludwigsburg,4,,,"['Restaurants', 'Cafes']",48.89726,5.0,"['Alcohol: none', 'BusinessAcceptsCreditCards: False', 'OutdoorSeating: True', 'RestaurantsReservations: False', 'WheelchairAccessible: True', 'WiFi: no']",9.19006,Kirchstr. 11,71634,BW,1,YLNYe9gvlrc0XILQwnvlyA,business
Wunderbar,Ludwigsburg,4,"['Monday 9:0-0:0', 'Tuesday 9:0-0:0', 'Wednesday 9:0-0:0', 'Thursday 9:0-0:0', 'Friday 9:0-0:0', 'Saturday 9:0-0:0']",,"['Restaurants', 'Breakfast & Brunch', 'Bistros', 'Nightlife', 'Bars']",48.8978,3.0,"['Alcohol: beer_and_wine', ""Ambience: {'romantic': False, 'intimate': False, 'classy': False, 'hipster': False, 'touristy': False, 'trendy': False, 'upscale': False, 'casual': False}"", 'BikeParking: False', 'BusinessAcceptsCreditCards: False', ""BusinessParking: {'garage': False, 'street': False, 'validated': False, 'lot': False, 'valet': False}"", 'Caters: False', 'DogsAllowed: False', 'GoodForKids: False', 'HasTV: False', 'NoiseLevel: average', 'OutdoorSeating: True', 'RestaurantsAttire: casual', 'RestaurantsDelivery: False', 'RestaurantsGoodForGroups: True', 'RestaurantsPriceRange2: 2', 'RestaurantsTableService: True', 'RestaurantsTakeOut: False', 'Smoking: no', 'WiFi: no']",9.19214,Marktplatz 5,71634,BW,1,l_4XqhkEEQ1qLfxlk-o-nQ,business
Les Enfants Terribles,Montréal,29,"['Monday 11:30-22:0', 'Tuesday 11:30-22:0', 'Wednesday 11:30-22:0', 'Thursday 11:30-23:0', 'Friday 11:30-23:0', 'Saturday 10:0-23:0', 'Sunday 10:0-21:30']",Ville-Marie,"['Nightlife', 'Canadian (New)', 'Brasseries', 'Restaurants', 'Bars']",45.50206,3.0,"['Alcohol: full_bar', 'BikeParking: True', ""BusinessParking: {'garage': False, 'street': False, 'validated': False, 'lot': False, 'valet': False}"", 'GoodForKids: True', ""GoodForMeal: {'dessert': False, 'latenight': False, 'lunch': True, 'dinner': True, 'breakfast': False, 'brunch': False}"", 'HasTV: False', 'NoiseLevel: average', 'OutdoorSeating: True', 'RestaurantsAttire: casual', 'RestaurantsDelivery: False', 'RestaurantsGoodForGroups: True', 'RestaurantsPriceRange2: 3', 'RestaurantsReservations: True', 'RestaurantsTableService: True', 'RestaurantsTakeOut: False', 'WiFi: free', ""Ambience: {'romantic': False, 'intimate': False, 'classy': False, 'hipster': False, 'touristy': False, 'trendy': True, 'upscale': False, 'casual': True}""]",-73.569346,"Au Sommet Place Ville Marie, 1 Place Ville Marie, Entrée Boulevard Robert-Bourassa",H3B 2E3,QC,1,cNkm08qu--yjIY_NPxrS2g,business
PT's,Las Vegas,40,"['Monday 0:0-0:0', 'Tuesday 0:0-0:0', 'Wednesday 0:0-0:0', 'Thursday 0:0-0:0', 'Friday 0:0-0:0', 'Saturday 0:0-0:0', 'Sunday 0:0-0:0']",,"['Pubs', 'Sports Bars', 'Restaurants', 'Bars', 'American (New)', 'Nightlife']",36.2760304,3.0,"['Alcohol: full_bar', ""Ambience: {'romantic': False, 'intimate': False, 'classy': False, 'hipster': False, 'divey': False, 'touristy': False, 'trendy': False, 'upscale': False, 'casual': True}"", ""BestNights: {'monday': False, 'tuesday': False, 'friday': True, 'wednesday': False, 'thursday': True, 'sunday': False, 'saturday': True}"", 'BikeParking: True', 'BusinessAcceptsCreditCards: True', ""BusinessParking: {'garage': False, 'street': False, 'validated': False, 'lot': True, 'valet': False}"", 'Caters: False', 'CoatCheck: False', 'GoodForDancing: False', 'GoodForKids: False', ""GoodForMeal: {'dessert': False, 'latenight': True, 'lunch': False, 'dinner': False, 'breakfast': False, 'brunch': False}"", 'HappyHour: True', 'HasTV: True', ""Music: {'dj': False, 'background_music': False, 'no_music': False, 'karaoke': False, 'live': False, 'video': False, 'jukebox': False}"", 'NoiseLevel: average', 'OutdoorSeating: False', 'RestaurantsAttire: casual', 'RestaurantsDelivery: False', 'RestaurantsGoodForGroups: True', 'RestaurantsPriceRange2: 2', 'RestaurantsReservations: False', 'RestaurantsTableService: True', 'RestaurantsTakeOut: True', 'Smoking: yes', 'WheelchairAccessible: True', 'WiFi: free']",-115.120388,2135 E Centennial Pkwy,89081,NV,1,JWhqCvKTs5vLwIrhrbgx7Q,business
Scarolies Pasta Emporium,Pointe-Claire,48,"['Monday 11:0-22:0', 'Tuesday 11:0-22:0', 'Wednesday 11:0-22:0', 'Thursday 11:0-22:30', 'Friday 11:0-23:30', 'Saturday 11:0-23:30']",Kirkland,"['Italian', 'Restaurants']",45.4684414,3.5,"['Alcohol: full_bar', ""Ambience: {'romantic': False, 'intimate': False, 'classy': False, 'hipster': False, 'touristy': False, 'trendy': False, 'upscale': False, 'casual': True}"", 'BikeParking: True', 'BusinessAcceptsCreditCards: True', ""BusinessParking: {'garage': False, 'street': False, 'validated': False, 'lot': True, 'valet': False}"", 'Caters: True', 'GoodForKids: True', ""GoodForMeal: {'dessert': False, 'latenight': False, 'lunch': False, 'dinner': True, 'breakfast': False, 'brunch': False}"", 'HasTV: False', 'NoiseLevel: very_loud', 'OutdoorSeating: False', 'RestaurantsAttire: casual', 'RestaurantsDelivery: False', 'RestaurantsGoodForGroups: True', 'RestaurantsPriceRange2: 2', 'RestaurantsReservations: True', 'RestaurantsTableService: True', 'RestaurantsTakeOut: True', 'WheelchairAccessible: True', 'WiFi: no']",-73.8308755,950 Saint-Jean Boul,H9R 5N8,QC,1,hXeasEtce5edeiRaGx5kmw,business
Mercatino Ristorante,Concord,4,"['Monday 6:30-15:30', 'Tuesday 6:30-15:30', 'Wednesday 6:30-15:30', 'Thursday 6:30-15:30', 'Friday 6:30-15:30', 'Saturday 6:30-15:30']",Concord,"['Italian', 'Restaurants', 'Event Planning & Services', 'Caterers', 'Mediterranean', 'Breakfast & Brunch']",43.8164451,4.0,"['Alcohol: full_bar', 'BikeParking: False', 'BusinessAcceptsCreditCards: True', ""BusinessParking: {'garage': False, 'street': False, 'validated': False, 'lot': True, 'valet': False}"", 'Caters: True', 'DogsAllowed: False', 'GoodForKids: True', ""GoodForMeal: {'dessert': False, 'latenight': False, 'lunch': False, 'dinner': False, 'breakfast': False, 'brunch': False}"", 'HasTV: True', 'NoiseLevel: quiet', 'OutdoorSeating: False', 'RestaurantsAttire: casual', 'RestaurantsDelivery: False', 'RestaurantsGoodForGroups: True', 'RestaurantsPriceRange2: 2', 'RestaurantsReservations: False', 'RestaurantsTableService: False', 'RestaurantsTakeOut: True', 'WheelchairAccessible: False', 'WiFi: free']",-79.4832165,9-371 Bradwick Drive,L4K 2P4,ON,1,zqyDcvVn-ygbXuB86i3y-Q,business
Tilted Kilt Pub & Eatery,Charlotte,72,"['Monday 11:0-0:0', 'Tuesday 11:0-0:0', 'Wednesday 11:0-0:0', 'Thursday 11:0-0:0', 'Friday 11:0-2:0', 'Saturday 11:0-2:0', 'Sunday 11:0-0:0']",Steele Creek,"['American (Traditional)', 'Restaurants', 'Sports Bars', 'Pubs', 'Nightlife', 'Bars', 'Chicken Wings']",35.1164322,3.0,"['Alcohol: full_bar', ""Ambience: {'romantic': False, 'intimate': False, 'classy': False, 'hipster': False, 'divey': False, 'touristy': False, 'trendy': False, 'upscale': False, 'casual': True}"", ""BestNights: {'monday': False, 'tuesday': False, 'friday': True, 'wednesday': False, 'thursday': False, 'sunday': True, 'saturday': True}"", 'BikeParking: False', 'BusinessAcceptsCreditCards: True', ""BusinessParking: {'garage': False, 'street': False, 'validated': False, 'lot': True, 'valet': False}"", 'Caters: False', 'CoatCheck: False', 'DogsAllowed: False', 'GoodForDancing: False', 'GoodForKids: False', ""GoodForMeal: {'dessert': False, 'latenight': False, 'lunch': True, 'dinner': False, 'breakfast': False, 'brunch': False}"", 'HappyHour: False', 'HasTV: True', ""Music: {'dj': False, 'background_music': False, 'no_music': False, 'karaoke': False, 'live': True, 'video': False, 'jukebox': False}"", 'NoiseLevel: average', 'OutdoorSeating: True', 'RestaurantsAttire: casual', 'RestaurantsDelivery: False', 'RestaurantsGoodForGroups: True', 'RestaurantsPriceRange2: 2', 'RestaurantsReservations: True', 'RestaurantsTableService: True', 'RestaurantsTakeOut: True', 'Smoking: outdoor', 'WheelchairAccessible: True', 'WiFi: free']",-80.9579079,13230 Carowinds Blvd,28273,NC,0,nzgmxdQWDQnsub2SwZH3aQ,business
O'Bol,Montréal,3,,Ville-Marie,"['Food Stands', 'Fast Food', 'Vegan', 'Restaurants', 'Vegetarian']",45.4999204,4.0,"[""GoodForMeal: {'dessert': False, 'latenight': False, 'lunch': False, 'dinner': False, 'breakfast': False, 'brunch': False}"", 'OutdoorSeating: False', 'RestaurantsPriceRange2: 2', 'RestaurantsTableService: False', 'RestaurantsTakeOut: True']",-73.5654861,800 Rue de la Gauchetière Ouest,H5A 1K6,QC,0,BH30SUqfbOlhGpncCsONKg,business
Hamburger Yumi Yum,Phoenix,8,"['Monday 19:0-23:0', 'Tuesday 19:0-23:0', 'Wednesday 19:0-23:0', 'Friday 19:0-23:0', 'Saturday 19:0-23:0']",,"['Restaurants', 'Burgers', 'Food', 'Street Vendors', 'Food Trucks']",33.4729489,5.0,"['BikeParking: True', 'BusinessAcceptsBitcoin: False', 'BusinessAcceptsCreditCards: True', 'Caters: False']",-112.0476466,12th St and Indian School,85006,AZ,1,1C2SZ3IljVQj1tJim1wCVg,business
Burger King,Phoenix,7,,,"['Burgers', 'Restaurants']",33.4664053,2.0,"['BusinessAcceptsCreditCards: True', 'GoodForKids: True', 'RestaurantsDelivery: False', 'RestaurantsReservations: False', 'RestaurantsTakeOut: True']",-112.1697242,5102 W McDowell Rd,85035,AZ,1,DXEFudrUtZxSgZHkzdBU1g,business
Meatballz,Phoenix,9,,,"['Caterers', 'Food', 'Italian', 'Restaurants', 'Event Planning & Services']",33.6988429,3.0,"['Alcohol: none', 'BusinessAcceptsCreditCards: True', ""BusinessParking: {'garage': False, 'street': False, 'validated': False, 'lot': False, 'valet': False}"", 'GoodForKids: True', ""GoodForMeal: {'dessert': False, 'latenight': False, 'lunch': False, 'dinner': False, 'breakfast': False, 'brunch': False}"", 'OutdoorSeating: True', 'RestaurantsAttire: casual', 'RestaurantsGoodForGroups: True', 'RestaurantsPriceRange2: 2', 'RestaurantsTableService: False', 'RestaurantsTakeOut: True', 'WheelchairAccessible: True']",-112.101312,"1930 W Pinnacle Peak Rd, Ste 119",85027,AZ,0,yJR6hSqkeArLl50mLS7kDg,business
Don Taco,Montreal,26,"['Monday 11:30-22:0', 'Tuesday 11:30-22:0', 'Wednesday 11:30-22:0', 'Thursday 11:30-22:0', 'Friday 11:30-22:0', 'Saturday 11:30-22:0', 'Sunday 11:30-21:0']",Ville-Marie,"['Mexican', 'Restaurants']",45.4932164,3.5,"['Alcohol: none', ""Ambience: {'romantic': False, 'intimate': False, 'classy': False, 'hipster': False, 'touristy': False, 'trendy': False, 'upscale': False, 'casual': True}"", 'BikeParking: True', 'BusinessAcceptsCreditCards: True', ""BusinessParking: {'garage': False, 'street': True, 'validated': False, 'lot': False, 'valet': False}"", 'GoodForKids: True', ""GoodForMeal: {'dessert': False, 'latenight': False, 'lunch': False, 'dinner': False, 'breakfast': False, 'brunch': False}"", 'HasTV: False', 'NoiseLevel: quiet', 'OutdoorSeating: False', 'RestaurantsAttire: casual', 'RestaurantsDelivery: False', 'RestaurantsGoodForGroups: False', 'RestaurantsPriceRange2: 1', 'RestaurantsReservations: False', 'RestaurantsTableService: False', 'RestaurantsTakeOut: True']",-73.5803794,"1855 Rue Saint Catherine Ouest, H3H 1M2",H3H 1M2,QC,1,c_XbaJqhm-5ycSBOkVUBmg,business
Hop Hing Chinese Restaurant,Medina,15,,,"['Chinese', 'Restaurants']",41.1503278,3.5,"['Alcohol: none', ""Ambience: {'romantic': False, 'intimate': False, 'classy': False, 'hipster': False, 'divey': False, 'touristy': False, 'trendy': False, 'upscale': False, 'casual': False}"", 'BikeParking: False', 'BusinessAcceptsCreditCards: True', ""BusinessParking: {'garage': False, 'street': False, 'validated': False, 'lot': False, 'valet': False}"", 'Caters: True', 'GoodForKids: True', ""GoodForMeal: {'dessert': False, 'latenight': False, 'lunch': False, 'dinner': False, 'breakfast': False, 'brunch': False}"", 'HasTV: False', 'NoiseLevel: quiet', 'OutdoorSeating: False', 'RestaurantsAttire: casual', 'RestaurantsDelivery: True', 'RestaurantsGoodForGroups: True', 'RestaurantsPriceRange2: 2', 'RestaurantsReservations: False', 'RestaurantsTableService: False', 'RestaurantsTakeOut: True', 'WiFi: no']",-81.8634179,891 N Court St,44256,OH,1,WcHMfQZzs3G5UVY_zBB2FA,business
Pera,Edinburgh,3,"['Monday 9:0-23:0', 'Tuesday 9:0-23:0', 'Wednesday 9:0-23:0', 'Thursday 9:0-23:0', 'Friday 9:0-23:0', 'Saturday 9:0-23:0', 'Sunday 9:0-23:0']",Leith,"['Restaurants', 'Turkish', 'Barbeque', 'Vegetarian']",55.960454,4.5,"[""Ambience: {'romantic': False, 'intimate': False, 'classy': False, 'hipster': False, 'touristy': False, 'trendy': False, 'upscale': False, 'casual': False}"", 'BusinessAcceptsCreditCards: True', 'GoodForKids: True', ""GoodForMeal: {'dessert': False, 'latenight': False, 'lunch': False, 'dinner': False, 'breakfast': False, 'brunch': False}"", 'NoiseLevel: average', 'RestaurantsPriceRange2: 2', 'RestaurantsReservations: True', 'RestaurantsTakeOut: True']",-3.1814106,57 Elm Row,EH7 4AQ,EDH,1,p9ux28Ob6n__kCtrfMHDmg,business
Tokyo Peking Asian Restaurant,Las Vegas,20,"['Monday 11:0-22:0', 'Tuesday 11:0-22:0', 'Wednesday 11:0-22:0', 'Thursday 11:0-22:0', 'Friday 11:0-22:30', 'Saturday 11:0-22:30', 'Sunday 12:0-22:0']",Southeast,"['Sushi Bars', 'Japanese', 'Salad', 'Restaurants', 'Asian Fusion']",36.0069369,4.0,"[""Ambience: {'romantic': False, 'intimate': False, 'classy': False, 'hipster': False, 'divey': False, 'touristy': False, 'trendy': False, 'upscale': False, 'casual': False}"", 'BikeParking: False', 'BusinessAcceptsCreditCards: True', 'GoodForKids: True', ""GoodForMeal: {'dessert': False, 'latenight': False, 'lunch': False, 'dinner': False, 'breakfast': False, 'brunch': False}"", 'HasTV: True', 'OutdoorSeating: False', 'RestaurantsAttire: casual', 'RestaurantsDelivery: True', 'RestaurantsGoodForGroups: True', 'RestaurantsPriceRange2: 1', 'RestaurantsReservations: True', 'RestaurantsTakeOut: True']",-115.1466693,"750 E Pyle Ave, Ste 108-109",89183,NV,0,O7godQv-9pyQJ2JvCMiQjw,business
Mercure Hotel Bristol Stuttgart-Sindelfingen,Sindelfingen,6,"['Monday 0:0-0:0', 'Tuesday 0:0-0:0', 'Wednesday 0:0-0:0', 'Thursday 0:0-0:0', 'Friday 0:0-0:0', 'Saturday 0:0-0:0', 'Sunday 0:0-0:0']",,"['Hotels', 'Hotels & Travel', 'International', 'Cafes', 'Restaurants', 'Event Planning & Services', 'German']",48.707534,4.0,"['Alcohol: full_bar', 'BusinessAcceptsCreditCards: True', ""BusinessParking: {'garage': False, 'street': True, 'validated': False, 'lot': True, 'valet': False}"", 'DogsAllowed: True', ""GoodForMeal: {'dessert': False, 'latenight': False, 'lunch': False, 'dinner': False, 'breakfast': False, 'brunch': False}"", 'HasTV: True', 'OutdoorSeating: True', 'RestaurantsDelivery: False', 'RestaurantsGoodForGroups: True', 'RestaurantsPriceRange2: 2', 'RestaurantsReservations: True', 'RestaurantsTakeOut: False', 'WheelchairAccessible: True', 'WiFi: free', ""Ambience: {'romantic': False, 'intimate': False, 'classy': False, 'hipster': False, 'touristy': False, 'trendy': False, 'upscale': False, 'casual': False}"", 'GoodForKids: False', 'RestaurantsAttire: dressy']",9.032795,Wilhelm-Haspel-Str. 101,71065,BW,1,BxdqmlJ2W64W9H7o4JmQqA,business
San Francisco Style Sourdough Eatery,Henderson,28,"['Monday 10:30-18:0', 'Tuesday 10:30-18:0', 'Wednesday 10:30-18:0', 'Thursday 10:30-18:0', 'Friday 10:30-18:0', 'Saturday 10:30-18:0', 'Sunday 11:0-15:0']",,"['Sandwiches', 'Fast Food', 'Restaurants']",36.055709,3.5,"['Alcohol: none', ""Ambience: {'romantic': False, 'intimate': False, 'classy': False, 'hipster': False, 'divey': False, 'touristy': False, 'trendy': False, 'upscale': False, 'casual': True}"", 'BusinessAcceptsCreditCards: True', ""BusinessParking: {'garage': False, 'street': False, 'validated': False, 'lot': True, 'valet': False}"", 'Caters: True', 'GoodForKids: True', ""GoodForMeal: {'dessert': False, 'latenight': False, 'lunch': True, 'dinner': False, 'breakfast': False, 'brunch': False}"", 'HasTV: False', 'NoiseLevel: quiet', 'OutdoorSeating: True', 'RestaurantsAttire: casual', 'RestaurantsDelivery: True', 'RestaurantsGoodForGroups: True', 'RestaurantsPriceRange2: 1', 'RestaurantsReservations: False', 'RestaurantsTableService: False', 'RestaurantsTakeOut: True', 'WheelchairAccessible: True', 'WiFi: free']",-115.042496,"1331 W Warm Springs, Ste 190",89014,NV,0,F8nWy6FX8k-hpIf4MbjeNQ,business
Montréal Plaza,Montréal,29,"['Monday 17:0-23:0', 'Tuesday 17:0-23:0', 'Wednesday 17:0-23:0', 'Thursday 17:0-23:0', 'Friday 17:0-23:0', 'Saturday 17:0-23:0', 'Sunday 17:0-23:0']",Rosemont-La Petite-Patrie,"['Restaurants', 'Canadian (New)']",45.5349468,4.5,"['Alcohol: full_bar', ""Ambience: {'romantic': False, 'intimate': False, 'classy': False, 'hipster': False, 'touristy': False, 'trendy': True, 'upscale': False, 'casual': False}"", 'BikeParking: True', 'BusinessAcceptsCreditCards: True', ""BusinessParking: {'garage': False, 'street': False, 'validated': False, 'lot': False, 'valet': False}"", 'GoodForKids: False', ""GoodForMeal: {'dessert': False, 'latenight': False, 'lunch': False, 'dinner': True, 'breakfast': False, 'brunch': False}"", 'HasTV: False', 'NoiseLevel: loud', 'OutdoorSeating: True', 'RestaurantsAttire: casual', 'RestaurantsDelivery: False', 'RestaurantsGoodForGroups: True', 'RestaurantsPriceRange2: 4', 'RestaurantsReservations: True', 'RestaurantsTableService: True', 'RestaurantsTakeOut: False', 'WiFi: no']",-73.6005282,6230 Rue Saint-Hubert,H2S 2M2,QC,1,zCSX6Q3HSJ7RxHM5zhmTBw,business
Kabuli Kabob,Markham,10,"['Monday 11:30-23:0', 'Tuesday 11:30-23:0', 'Wednesday 11:30-23:0', 'Thursday 11:30-23:0', 'Friday 11:30-23:0', 'Saturday 11:30-23:0', 'Sunday 11:30-22:30']",Box Grove,"['Restaurants', 'Afghan']",43.8497046651,3.5,"['Alcohol: none', ""Ambience: {'romantic': False, 'intimate': False, 'classy': False, 'hipster': False, 'touristy': False, 'trendy': False, 'upscale': False, 'casual': False}"", 'BusinessAcceptsCreditCards: True', 'GoodForKids: True', ""GoodForMeal: {'dessert': False, 'latenight': False, 'lunch': False, 'dinner': False, 'breakfast': False, 'brunch': False}"", 'NoiseLevel: average', 'OutdoorSeating: False', 'RestaurantsAttire: casual', 'RestaurantsGoodForGroups: True', 'RestaurantsPriceRange2: 1', 'RestaurantsReservations: True', 'RestaurantsTableService: False', 'RestaurantsTakeOut: True', 'WiFi: no']",-79.253109805,"30 Karachi Drive, Unit 72",L3S 0B5,ON,1,pC-yxosWB_wg-acCjjsKhw,business
Filiberto's,Chandler,36,,,"['Restaurants', 'Mexican']",33.247038,2.5,"['Alcohol: none', ""Ambience: {'romantic': False, 'intimate': False, 'classy': False, 'hipster': False, 'divey': False, 'touristy': False, 'trendy': False, 'upscale': False, 'casual': True}"", 'BikeParking: True', 'BusinessAcceptsCreditCards: True', ""BusinessParking: {'garage': False, 'street': False, 'validated': False, 'lot': True, 'valet': False}"", 'Caters: False', 'GoodForKids: True', ""GoodForMeal: {'dessert': False, 'latenight': False, 'lunch': False, 'dinner': False, 'breakfast': True, 'brunch': False}"", 'HasTV: True', 'NoiseLevel: average', 'OutdoorSeating: True', 'RestaurantsAttire: casual', 'RestaurantsDelivery: False', 'RestaurantsGoodForGroups: True', 'RestaurantsPriceRange2: 1', 'RestaurantsReservations: False', 'RestaurantsTableService: False', 'RestaurantsTakeOut: True', 'WiFi: no']",-111.839786,4035 S Arizona Ave,85248,AZ,1,tu7cmFBfKVFKtJvRPHOxbg,business
King Wah,Rocky River,72,"['Monday 11:0-22:0', 'Tuesday 11:0-22:0', 'Wednesday 11:0-22:0', 'Thursday 11:0-22:0', 'Friday 11:0-23:0', 'Saturday 11:30-23:0', 'Sunday 12:0-22:0']",,"['Chinese', 'Restaurants']",41.4630338,4.0,"['Alcohol: full_bar', ""Ambience: {'romantic': False, 'intimate': False, 'classy': False, 'hipster': False, 'divey': False, 'touristy': False, 'trendy': False, 'upscale': False, 'casual': True}"", 'BikeParking: True', 'BusinessAcceptsCreditCards: True', ""BusinessParking: {'garage': False, 'street': False, 'validated': False, 'lot': True, 'valet': False}"", 'Caters: True', 'GoodForKids: True', ""GoodForMeal: {'dessert': False, 'latenight': False, 'lunch': False, 'dinner': True, 'breakfast': False, 'brunch': False}"", 'HasTV: True', 'NoiseLevel: average', 'OutdoorSeating: True', 'RestaurantsAttire: casual', 'RestaurantsDelivery: False', 'RestaurantsGoodForGroups: True', 'RestaurantsPriceRange2: 2', 'RestaurantsReservations: True', 'RestaurantsTableService: True', 'RestaurantsTakeOut: True', 'WheelchairAccessible: True', 'WiFi: free']",-81.8494969,20668 Center Ridge Rd,44116,OH,1,PgaHjsWV3whvHF1CHU1rZg,business
My Big Fat Greek Restaurant,Scottsdale,55,"['Monday 11:0-23:0', 'Tuesday 11:0-23:0', 'Wednesday 11:0-23:0', 'Thursday 11:0-23:0', 'Friday 11:0-0:0', 'Saturday 11:0-0:0', 'Sunday 11:0-22:0']",,"['Mediterranean', 'Restaurants', 'Greek']",33.4974247,3.5,"['Alcohol: full_bar', ""Ambience: {'romantic': False, 'intimate': False, 'classy': False, 'hipster': False, 'divey': False, 'touristy': False, 'trendy': True, 'upscale': False, 'casual': False}"", 'BusinessAcceptsCreditCards: True', ""BusinessParking: {'garage': False, 'street': False, 'validated': False, 'lot': True, 'valet': False}"", 'GoodForKids: True', ""GoodForMeal: {'dessert': False, 'latenight': False, 'lunch': False, 'dinner': True, 'breakfast': False, 'brunch': False}"", 'HasTV: True', 'NoiseLevel: average', 'OutdoorSeating: False', 'RestaurantsAttire: casual', 'RestaurantsGoodForGroups: True', 'RestaurantsPriceRange2: 2', 'RestaurantsReservations: True', 'RestaurantsTableService: True', 'RestaurantsTakeOut: True', 'WheelchairAccessible: True', 'WiFi: free']",-111.9262954,4218 N Scottsdale Rd,85250,AZ,0,mcs0y8YobgpO1gYB7hclwQ,business
Randy's Restaurant & Ice Cream,Scottsdale,190,"['Monday 6:0-21:0', 'Tuesday 6:0-21:0', 'Wednesday 6:0-21:0', 'Thursday 6:0-21:0', 'Friday 6:0-21:0', 'Saturday 6:30-21:0', 'Sunday 7:0-21:0']",,"['American (New)', 'Breakfast & Brunch', 'Diners', 'Restaurants']",33.5097931,4.0,"['Alcohol: none', ""Ambience: {'romantic': False, 'intimate': False, 'classy': False, 'hipster': False, 'divey': False, 'touristy': False, 'trendy': False, 'upscale': False, 'casual': True}"", 'BYOBCorkage: yes_free', 'BikeParking: True', 'BusinessAcceptsCreditCards: False', ""BusinessParking: {'garage': False, 'street': False, 'validated': False, 'lot': True, 'valet': False}"", 'Caters: False', 'Corkage: False', 'GoodForKids: True', ""GoodForMeal: {'dessert': False, 'latenight': False, 'lunch': True, 'dinner': False, 'breakfast': True, 'brunch': True}"", 'HasTV: True', 'NoiseLevel: average', 'OutdoorSeating: True', 'RestaurantsAttire: casual', 'RestaurantsDelivery: False', 'RestaurantsGoodForGroups: True', 'RestaurantsPriceRange2: 1', 'RestaurantsReservations: False', 'RestaurantsTableService: True', 'RestaurantsTakeOut: True', 'WheelchairAccessible: True', 'WiFi: no']",-111.9115313,7904 E Chaparral Rd,85250,AZ,1,5L4XcFz1YKeurNGeMR-fsQ,business
Casa Grande Restaurant,Charlotte,12,,Sedgefield,"['Mexican', 'Restaurants', 'Latin American']",35.1927328,4.0,"['Alcohol: full_bar', ""Ambience: {'romantic': False, 'intimate': False, 'classy': False, 'hipster': False, 'divey': False, 'touristy': False, 'trendy': False, 'upscale': False, 'casual': False}"", 'BusinessAcceptsCreditCards: True', ""BusinessParking: {'garage': False, 'street': False, 'validated': False, 'lot': True, 'valet': False}"", 'Caters: False', 'GoodForKids: True', ""GoodForMeal: {'dessert': False, 'latenight': False, 'lunch': True, 'dinner': False, 'breakfast': False, 'brunch': False}"", 'HasTV: True', 'NoiseLevel: average', 'OutdoorSeating: False', 'RestaurantsAttire: casual', 'RestaurantsDelivery: False', 'RestaurantsGoodForGroups: True', 'RestaurantsPriceRange2: 1', 'RestaurantsReservations: False', 'RestaurantsTableService: True', 'RestaurantsTakeOut: True', 'WiFi: no']",-80.8735693,3609 South Blvd,28209,NC,0,WksJ0azJ63ijYh0p2HFZHA,business
SkinnyFATS,Las Vegas,1311,"['Monday 9:0-21:0', 'Tuesday 9:0-21:0', 'Wednesday 9:0-21:0', 'Thursday 9:0-21:0', 'Friday 9:0-21:0', 'Saturday 9:0-21:0', 'Sunday 9:0-21:0']",,"['Juice Bars & Smoothies', 'Delis', 'Food', 'American (New)', 'American (Traditional)', 'Restaurants', 'Breakfast & Brunch', 'Food Delivery Services']",36.0758571125,4.5,"['Alcohol: none', ""Ambience: {'romantic': False, 'intimate': False, 'classy': False, 'hipster': True, 'divey': False, 'touristy': False, 'trendy': False, 'upscale': False, 'casual': False}"", 'BikeParking: True', 'BusinessAcceptsBitcoin: False', 'BusinessAcceptsCreditCards: True', ""BusinessParking: {'garage': False, 'street': False, 'validated': False, 'lot': True, 'valet': False}"", 'ByAppointmentOnly: False', 'Caters: True', 'DogsAllowed: False', 'GoodForKids: True', ""GoodForMeal: {'dessert': False, 'latenight': False, 'lunch': True, 'dinner': False, 'breakfast': True, 'brunch': False}"", 'HasTV: True', 'NoiseLevel: average', 'OutdoorSeating: False', 'RestaurantsAttire: casual', 'RestaurantsDelivery: True', 'RestaurantsGoodForGroups: False', 'RestaurantsPriceRange2: 2', 'RestaurantsReservations: False', 'RestaurantsTableService: False', 'RestaurantsTakeOut: True', 'WheelchairAccessible: True', 'WiFi: free']",-115.181633346,6261 Dean Martin Dr,89118,NV,1,3BCsAgo_1i4xMuTyLKMLRQ,business
K-Bowl,Champaign,48,"['Tuesday 11:0-22:30', 'Wednesday 11:0-22:30', 'Thursday 11:0-22:30', 'Friday 11:0-22:30', 'Saturday 11:0-22:30', 'Sunday 11:0-22:0']",,"['Korean', 'Restaurants']",40.109988,3.5,"['Alcohol: none', ""Ambience: {'romantic': False, 'intimate': False, 'classy': False, 'hipster': False, 'divey': False, 'touristy': False, 'trendy': False, 'upscale': False, 'casual': True}"", 'BikeParking: True', 'BusinessAcceptsBitcoin: False', 'BusinessAcceptsCreditCards: True', ""BusinessParking: {'garage': False, 'street': False, 'validated': False, 'lot': True, 'valet': False}"", 'Caters: False', 'GoodForKids: True', 'HasTV: False', 'NoiseLevel: quiet', 'OutdoorSeating: False', 'RestaurantsAttire: casual', 'RestaurantsDelivery: False', 'RestaurantsGoodForGroups: False', 'RestaurantsPriceRange2: 1', 'RestaurantsReservations: False', 'RestaurantsTableService: False', 'RestaurantsTakeOut: True', 'WiFi: no', ""GoodForMeal: {'dessert': False, 'latenight': False, 'lunch': True, 'dinner': True, 'breakfast': False, 'brunch': False}""]",-88.240506,39 E Green St,61820,IL,1,gEJZ5USuvC1r8_QvSvDCNA,business
Gino's Italian Deli,Middleton,7,,,"['Italian', 'Restaurants', 'Delis']",43.1038884255,4.5,"['BikeParking: False', 'BusinessAcceptsCreditCards: True', 'GoodForKids: True', ""GoodForMeal: {'dessert': False, 'latenight': False, 'lunch': False, 'dinner': False, 'breakfast': False, 'brunch': False}"", 'HasTV: False', 'OutdoorSeating: True', 'RestaurantsAttire: casual', 'RestaurantsDelivery: True', 'RestaurantsGoodForGroups: True', 'RestaurantsPriceRange2: 1', 'RestaurantsReservations: False', 'RestaurantsTakeOut: True']",-89.4917572933,6509 Century Ave,53562,WI,1,zv7ApWWtKbu1r_qNK4SFrg,business
Vago,Westmount,12,"['Monday 11:30-22:0', 'Tuesday 11:30-22:0', 'Wednesday 11:30-22:0', 'Thursday 11:30-22:0', 'Friday 11:30-23:0', 'Saturday 17:0-23:0']",Ville-Marie,"['Italian', 'Restaurants']",45.487328,4.0,"['Alcohol: full_bar', ""Ambience: {'romantic': False, 'intimate': False, 'classy': False, 'hipster': False, 'touristy': False, 'trendy': False, 'upscale': False, 'casual': False}"", 'BikeParking: False', 'BusinessAcceptsCreditCards: True', ""BusinessParking: {'garage': False, 'street': True, 'validated': False, 'lot': True, 'valet': False}"", 'Caters: True', 'DogsAllowed: False', 'GoodForKids: False', ""GoodForMeal: {'dessert': False, 'latenight': False, 'lunch': False, 'dinner': False, 'breakfast': False, 'brunch': False}"", 'HasTV: True', 'NoiseLevel: quiet', 'OutdoorSeating: True', 'RestaurantsAttire: dressy', 'RestaurantsDelivery: False', 'RestaurantsGoodForGroups: True', 'RestaurantsPriceRange2: 3', 'RestaurantsReservations: True', 'RestaurantsTableService: True', 'RestaurantsTakeOut: True', 'WheelchairAccessible: False', 'WiFi: free']",-73.590828,1336 Greene Avenue,H3Z 2B1,QC,1,bpu3gMCIEy1BKH5NXI9Urw,business
Starbucks,Toronto,12,,,"['Restaurants', 'Food', 'Coffee & Tea', 'Cafes']",43.7685368,3.0,"['BikeParking: True', 'BusinessAcceptsCreditCards: True', ""BusinessParking: {'garage': False, 'street': False, 'validated': False, 'lot': True, 'valet': False}"", 'OutdoorSeating: True', 'RestaurantsPriceRange2: 2', 'RestaurantsTakeOut: True', 'WiFi: free']",-79.3726025,1019 Sheppard Avenue E,M2K 1C2,ON,1,K9L3YnY1GllFbg7r5hbCQg,business
Copper Plate,Phoenix,49,,,"['Diners', 'Restaurants', 'American (Traditional)']",33.434145289,2.0,"['Alcohol: full_bar', ""Ambience: {'romantic': False, 'intimate': False, 'classy': False, 'hipster': False, 'divey': False, 'touristy': False, 'trendy': False, 'upscale': False, 'casual': False}"", 'BikeParking: False', 'BusinessAcceptsCreditCards: True', ""BusinessParking: {'garage': False, 'street': False, 'validated': False, 'lot': False, 'valet': False}"", 'Caters: False', 'GoodForKids: True', ""GoodForMeal: {'dessert': False, 'latenight': False, 'lunch': False, 'dinner': False, 'breakfast': True, 'brunch': False}"", 'HasTV: True', 'NoiseLevel: average', 'OutdoorSeating: False', 'RestaurantsAttire: casual', 'RestaurantsDelivery: False', 'RestaurantsGoodForGroups: False', 'RestaurantsPriceRange2: 2', 'RestaurantsReservations: False', 'RestaurantsTableService: True', 'RestaurantsTakeOut: True', 'WiFi: no']",-112.013951276,"Phoenix Sky Harbor Airport, Terminal 2, Gate 8",85034,AZ,1,yH83tf58E9jrME5U4HGAMg,business
Superfood Eateries,Toronto,50,"['Monday 8:0-19:0', 'Tuesday 8:0-19:0', 'Wednesday 8:0-19:0', 'Thursday 8:0-19:0', 'Friday 8:0-19:0', 'Saturday 10:0-19:0', 'Sunday 10:0-18:0']",Entertainment District,"['Vegan', 'Juice Bars & Smoothies', 'Restaurants', 'Vegetarian', 'Food']",43.6480704,4.5,"['Alcohol: none', ""Ambience: {'romantic': False, 'intimate': False, 'classy': False, 'hipster': True, 'touristy': False, 'trendy': False, 'upscale': False, 'casual': True}"", 'BikeParking: True', 'BusinessAcceptsCreditCards: True', ""BusinessParking: {'garage': False, 'street': True, 'validated': False, 'lot': False, 'valet': False}"", 'ByAppointmentOnly: False', 'Caters: True', 'GoodForKids: True', ""GoodForMeal: {'dessert': False, 'latenight': False, 'lunch': True, 'dinner': False, 'breakfast': False, 'brunch': False}"", 'HasTV: False', 'NoiseLevel: quiet', 'OutdoorSeating: False', 'RestaurantsAttire: casual', 'RestaurantsDelivery: True', 'RestaurantsGoodForGroups: True', 'RestaurantsPriceRange2: 2', 'RestaurantsReservations: False', 'RestaurantsTableService: False', 'RestaurantsTakeOut: True', 'WheelchairAccessible: False', 'WiFi: free']",-79.3898385,268 Adelaide Street W,M5H 1X6,ON,1,Ku3ME-bW3zINVJiP9zkOEg,business
Blue Burrito Grille,Las Vegas,31,,Southeast,"['Mexican', 'Restaurants']",36.0838389,2.5,"['Alcohol: none', ""Ambience: {'romantic': False, 'intimate': False, 'classy': False, 'hipster': False, 'divey': False, 'touristy': False, 'trendy': False, 'upscale': False, 'casual': False}"", 'BusinessAcceptsCreditCards: True', 'GoodForKids: True', ""GoodForMeal: {'dessert': False, 'latenight': False, 'lunch': True, 'dinner': True, 'breakfast': True, 'brunch': False}"", 'HasTV: False', 'NoiseLevel: average', 'OutdoorSeating: False', 'RestaurantsAttire: casual', 'RestaurantsDelivery: False', 'RestaurantsGoodForGroups: True', 'RestaurantsPriceRange2: 1', 'RestaurantsReservations: False', 'RestaurantsTableService: False', 'RestaurantsTakeOut: True', 'WheelchairAccessible: True']",-115.148385,"5757 Wayne Newton Blvd, Terminal C",89119,NV,1,ZsKWULhwwB61RHzCrb1i9A,business
Yan Woo Soya Bean Foods,Markham,26,"['Monday 11:0-21:0', 'Tuesday 11:0-21:0', 'Wednesday 11:0-21:0', 'Thursday 11:0-21:0', 'Friday 11:0-21:0', 'Saturday 11:0-21:0', 'Sunday 11:0-21:0']",Milliken,"['Food', 'Specialty Food', 'Restaurants', 'Chinese']",43.8254466,3.5,"['Alcohol: none', ""Ambience: {'romantic': False, 'intimate': False, 'classy': False, 'hipster': False, 'touristy': False, 'trendy': False, 'upscale': False, 'casual': True}"", 'BikeParking: True', 'BusinessAcceptsCreditCards: False', ""BusinessParking: {'garage': False, 'street': False, 'validated': False, 'lot': True, 'valet': False}"", 'Caters: False', 'GoodForKids: True', 'HasTV: False', 'NoiseLevel: average', 'OutdoorSeating: False', 'RestaurantsAttire: casual', 'RestaurantsDelivery: False', 'RestaurantsGoodForGroups: True', 'RestaurantsPriceRange2: 1', 'RestaurantsReservations: False', 'RestaurantsTableService: True', 'RestaurantsTakeOut: True', 'WiFi: no', ""GoodForMeal: {'dessert': True, 'latenight': False, 'lunch': False, 'dinner': False, 'breakfast': False, 'brunch': False}""]",-79.3050432,"H6 - 4350 Steeles Avenue E H6, Market Village",L3R 9V4,ON,1,sDQDMrb5xez4aASZ8U5qTg,business
Restaurant Lyla,Montréal,7,,Villeray-Saint-Michel-Parc-Extension,"['Restaurants', 'Vietnamese']",45.5294307,4.0,"['BusinessAcceptsCreditCards: True', 'GoodForKids: True', ""GoodForMeal: {'dessert': False, 'latenight': False, 'lunch': False, 'dinner': False, 'breakfast': False, 'brunch': False}"", 'HasTV: True', 'OutdoorSeating: False', 'RestaurantsAttire: casual', 'RestaurantsGoodForGroups: True', 'RestaurantsPriceRange2: 2', 'RestaurantsReservations: True', 'WiFi: no']",-73.6229831,431 Jean-Talon Rue Ouest,H3N 1P9,QC,1,65-FQ1k1iV8wETXfIHFWqQ,business
Kathmandu Restaurant,Toronto,27,"['Monday 11:30-22:0', 'Tuesday 11:30-22:0', 'Wednesday 11:30-22:0', 'Thursday 11:30-22:30', 'Friday 11:30-22:30', 'Saturday 12:0-22:30', 'Sunday 13:0-22:0']",Yorkville,"['Himalayan/Nepalese', 'Indian', 'Halal', 'Restaurants', 'Buffets']",43.6711284,3.5,"['Alcohol: full_bar', ""Ambience: {'romantic': False, 'intimate': False, 'classy': False, 'hipster': False, 'touristy': False, 'trendy': False, 'upscale': False, 'casual': True}"", 'BikeParking: True', 'BusinessAcceptsCreditCards: True', ""BusinessParking: {'garage': False, 'street': True, 'validated': False, 'lot': False, 'valet': False}"", 'Caters: True', 'GoodForKids: True', 'HasTV: False', 'NoiseLevel: average', 'OutdoorSeating: True', 'RestaurantsAttire: casual', 'RestaurantsDelivery: True', 'RestaurantsGoodForGroups: True', 'RestaurantsPriceRange2: 2', 'RestaurantsReservations: True', 'RestaurantsTableService: True', 'RestaurantsTakeOut: True', 'WiFi: free', ""GoodForMeal: {'dessert': False, 'latenight': False, 'lunch': False, 'dinner': False, 'breakfast': False, 'brunch': False}""]",-79.3878225,12 Cumberland Street,M4W 1J5,ON,1,Ibmf1PgWn_5oaGQ1kINmTw,business
Merry-Arts Lounge,Lakewood,69,,,"['Pubs', 'Restaurants', 'Tex-Mex', 'Nightlife', 'Bars']",41.4849298,3.5,"['Alcohol: full_bar', ""Ambience: {'romantic': False, 'intimate': False, 'classy': False, 'hipster': False, 'divey': False, 'touristy': False, 'trendy': False, 'upscale': False, 'casual': True}"", ""BestNights: {'monday': True, 'tuesday': False, 'friday': False, 'wednesday': False, 'thursday': True, 'sunday': False, 'saturday': True}"", 'BikeParking: True', 'BusinessAcceptsCreditCards: True', ""BusinessParking: {'garage': False, 'street': True, 'validated': False, 'lot': False, 'valet': False}"", 'Caters: False', 'CoatCheck: False', 'GoodForDancing: False', 'GoodForKids: False', ""GoodForMeal: {'dessert': False, 'latenight': False, 'lunch': False, 'dinner': False, 'breakfast': False, 'brunch': True}"", 'HappyHour: True', 'HasTV: True', ""Music: {'dj': False, 'background_music': False, 'no_music': False, 'karaoke': False, 'live': False, 'video': False, 'jukebox': True}"", 'NoiseLevel: average', 'OutdoorSeating: True', 'RestaurantsAttire: casual', 'RestaurantsDelivery: False', 'RestaurantsGoodForGroups: True', 'RestaurantsPriceRange2: 1', 'RestaurantsReservations: False', 'RestaurantsTableService: True', 'RestaurantsTakeOut: True', 'Smoking: outdoor', 'WiFi: free']",-81.8064132,15607 Detroit Ave,44107,OH,1,n76C6YBhGlNhupeB8ksiCw,business
Subway,Lakewood,3,"['Monday 7:0-0:0', 'Tuesday 7:0-0:0', 'Wednesday 7:0-0:0', 'Thursday 7:0-0:0', 'Friday 7:0-0:0', 'Saturday 8:0-0:0', 'Sunday 9:0-22:0']",,"['Restaurants', 'Fast Food', 'Sandwiches']",41.4773093,2.5,"['Alcohol: none', ""Ambience: {'romantic': False, 'intimate': False, 'classy': False, 'hipster': False, 'divey': False, 'touristy': False, 'trendy': False, 'upscale': False, 'casual': False}"", 'BikeParking: False', 'BusinessAcceptsCreditCards: True', ""BusinessParking: {'garage': False, 'street': False, 'validated': False, 'lot': False, 'valet': False}"", 'Caters: True', 'DriveThru: False', 'GoodForKids: True', ""GoodForMeal: {'dessert': False, 'latenight': False, 'lunch': False, 'dinner': False, 'breakfast': False, 'brunch': False}"", 'HasTV: False', 'NoiseLevel: quiet', 'OutdoorSeating: False', 'RestaurantsAttire: casual', 'RestaurantsDelivery: True', 'RestaurantsGoodForGroups: False', 'RestaurantsPriceRange2: 1', 'RestaurantsReservations: False', 'RestaurantsTableService: False', 'RestaurantsTakeOut: True', 'WiFi: free']",-81.7692159,1628 W 117th St,44107,OH,1,nzvZ1RJIEXRgpKSRbnwhpg,business
Brown Sugar Thai Cuisine,Lakewood,61,,,"['Thai', 'Restaurants']",41.4851455,4.0,"['Alcohol: beer_and_wine', ""Ambience: {'romantic': False, 'intimate': False, 'classy': False, 'hipster': False, 'divey': False, 'touristy': False, 'trendy': False, 'upscale': False, 'casual': True}"", 'BikeParking: True', 'BusinessAcceptsCreditCards: True', ""BusinessParking: {'garage': True, 'street': False, 'validated': False, 'lot': False, 'valet': False}"", 'Caters: False', 'GoodForKids: True', ""GoodForMeal: {'dessert': False, 'latenight': False, 'lunch': True, 'dinner': False, 'breakfast': False, 'brunch': False}"", 'HasTV: False', 'NoiseLevel: quiet', 'OutdoorSeating: False', 'RestaurantsAttire: casual', 'RestaurantsDelivery: False', 'RestaurantsGoodForGroups: True', 'RestaurantsPriceRange2: 2', 'RestaurantsReservations: True', 'RestaurantsTableService: True', 'RestaurantsTakeOut: True', 'WiFi: no']",-81.7987235,14725 Detroit Ave,44107,OH,1,DPRFD406aRHhv1cL_RGmyw,business
Gino's Pizza & Wing Machine,Toronto,3,"['Monday 11:0-0:0', 'Tuesday 11:0-0:0', 'Wednesday 11:0-0:0', 'Thursday 11:0-1:0', 'Friday 11:0-2:0', 'Saturday 11:0-2:0', 'Sunday 12:0-0:0']",Mount Pleasant and Davisville,"['Restaurants', 'Pizza', 'Food']",43.7097839401,1.5,"['BusinessAcceptsCreditCards: True', 'GoodForKids: True', ""GoodForMeal: {'dessert': False, 'latenight': False, 'lunch': False, 'dinner': False, 'breakfast': False, 'brunch': False}"", 'HasTV: True', 'OutdoorSeating: False', 'RestaurantsAttire: casual', 'RestaurantsDelivery: True', 'RestaurantsGoodForGroups: True', 'RestaurantsPriceRange2: 1', 'RestaurantsReservations: False', 'RestaurantsTakeOut: True']",-79.3988528475,2387 Yonge Street,M4P 2H4,ON,1,DtzDpAflD41-rI6njywacw,business
Lahore Paan Center,Toronto,8,"['Monday 14:0-2:0', 'Tuesday 14:0-2:0', 'Wednesday 14:0-2:0', 'Thursday 14:0-2:0', 'Friday 14:0-2:0', 'Saturday 14:0-2:0', 'Sunday 14:0-2:0']",Leslieville,"['Restaurants', 'Indian', 'Pakistani', 'Indonesian']",43.6721568,3.0,"['BusinessAcceptsCreditCards: False', 'GoodForKids: True', 'RestaurantsGoodForGroups: True', 'RestaurantsReservations: False', 'RestaurantsTakeOut: True']",-79.3220259,1435 Gerrard Street E,M4L 1Z7,ON,1,_H2Q4Y4aosi-svXyfZIaIw,business
All American Dave's Fit Food Truck,Las Vegas,11,"['Monday 10:0-15:0', 'Tuesday 10:0-15:0', 'Wednesday 10:0-15:0', 'Thursday 10:0-15:0', 'Friday 10:0-15:0']",,"['Food', 'Food Trucks', 'Food Delivery Services', 'Gluten-Free', 'Health & Medical', 'Restaurants', 'Nutritionists']",36.1075578,4.5,"['BikeParking: True', 'BusinessAcceptsBitcoin: True', 'BusinessAcceptsCreditCards: True', ""BusinessParking: {'garage': False, 'street': False, 'validated': False, 'lot': False, 'valet': False}"", 'Caters: True', 'RestaurantsPriceRange2: 3']",-115.1812167,4291 Polaris Ave,89103,NV,1,ZQBUBnccfiCzQTrEwNy-xw,business
China A Gogo,Henderson,97,"['Monday 11:0-21:30', 'Tuesday 11:0-21:30', 'Wednesday 11:0-21:30', 'Thursday 11:0-21:30', 'Friday 11:0-22:0', 'Saturday 11:0-22:0', 'Sunday 11:0-21:30']",,"['Restaurants', 'Chinese']",36.0414027704,4.0,"['Alcohol: beer_and_wine', ""Ambience: {'romantic': False, 'intimate': False, 'classy': False, 'hipster': False, 'divey': False, 'touristy': False, 'trendy': False, 'upscale': False, 'casual': True}"", 'BikeParking: True', 'BusinessAcceptsCreditCards: True', 'Caters: True', 'GoodForKids: True', ""GoodForMeal: {'dessert': False, 'latenight': False, 'lunch': True, 'dinner': True, 'breakfast': False, 'brunch': False}"", 'HasTV: False', 'NoiseLevel: average', 'OutdoorSeating: False', 'RestaurantsAttire: casual', 'RestaurantsDelivery: True', 'RestaurantsGoodForGroups: True', 'RestaurantsPriceRange2: 2', 'RestaurantsReservations: False', 'RestaurantsTableService: True', 'RestaurantsTakeOut: True', 'WheelchairAccessible: True', 'WiFi: no', ""BusinessParking: {'garage': False, 'street': False, 'validated': False, 'lot': False, 'valet': False}""]",-114.981148299,170 N Boulder Hwy,89015,NV,1,ky5L-EfUwU9chSPcIeXM5w,business
McDonald's,Mesa,9,"['Monday 4:0-23:0', 'Tuesday 4:0-23:0', 'Wednesday 4:0-23:0', 'Thursday 4:0-23:0', 'Friday 4:0-0:0', 'Saturday 4:0-0:0', 'Sunday 4:0-23:0']",,"['Restaurants', 'Burgers', 'Fast Food']",33.3781959,2.0,"['Alcohol: none', ""Ambience: {'romantic': False, 'intimate': False, 'classy': False, 'hipster': False, 'divey': False, 'touristy': False, 'trendy': False, 'upscale': False, 'casual': False}"", 'BusinessAcceptsCreditCards: True', ""BusinessParking: {'garage': False, 'street': False, 'validated': False, 'lot': False, 'valet': False}"", 'Caters: False', 'DriveThru: True', 'GoodForKids: True', ""GoodForMeal: {'dessert': False, 'latenight': False, 'lunch': False, 'dinner': False, 'breakfast': True, 'brunch': False}"", 'HasTV: True', 'NoiseLevel: average', 'OutdoorSeating: False', 'RestaurantsAttire: casual', 'RestaurantsDelivery: False', 'RestaurantsGoodForGroups: True', 'RestaurantsPriceRange2: 1', 'RestaurantsReservations: False', 'RestaurantsTableService: False', 'RestaurantsTakeOut: True', 'WiFi: free', 'BikeParking: True']",-111.6355259,2035 S Ellsworth Rd,85209,AZ,1,9VSg0N2M11Y6aL6LgoBYgQ,business
Holy Oak,Toronto,53,"['Monday 8:0-7:0', 'Tuesday 8:0-0:0', 'Wednesday 8:0-2:0', 'Thursday 8:0-2:0', 'Friday 8:0-2:0', 'Saturday 9:0-2:0']",Bloordale Village,"['Coffee & Tea', 'Cafes', 'Food', 'Breakfast & Brunch', 'Restaurants']",43.6585874,4.0,"['Alcohol: full_bar', ""Ambience: {'romantic': False, 'intimate': False, 'classy': False, 'hipster': False, 'touristy': False, 'trendy': False, 'upscale': False, 'casual': False}"", 'BikeParking: True', 'BusinessAcceptsCreditCards: False', ""BusinessParking: {'garage': False, 'street': True, 'validated': False, 'lot': False, 'valet': False}"", 'GoodForKids: False', ""GoodForMeal: {'dessert': False, 'latenight': False, 'lunch': False, 'dinner': False, 'breakfast': False, 'brunch': False}"", 'HasTV: False', 'NoiseLevel: average', 'OutdoorSeating: False', 'RestaurantsAttire: casual', 'RestaurantsDelivery: False', 'RestaurantsGoodForGroups: False', 'RestaurantsPriceRange2: 2', 'RestaurantsReservations: False', 'RestaurantsTableService: False', 'RestaurantsTakeOut: True', 'WheelchairAccessible: True', 'WiFi: free']",-79.4411389,1241 Bloor Street W,M6H 1N6,ON,1,HX0QhTVWztcawNof0KUhgQ,business
Espresso Royale,Champaign,12,,,"['Coffee & Tea', 'Restaurants', 'Cafes', 'Food']",40.083399,4.5,"['Alcohol: none', ""Ambience: {'romantic': False, 'intimate': False, 'classy': False, 'hipster': False, 'divey': False, 'touristy': False, 'trendy': False, 'upscale': False, 'casual': False}"", 'BikeParking: True', 'BusinessAcceptsCreditCards: True', ""BusinessParking: {'garage': False, 'street': False, 'validated': False, 'lot': False, 'valet': False}"", 'Caters: False', 'GoodForKids: True', ""GoodForMeal: {'dessert': False, 'latenight': False, 'lunch': False, 'dinner': False, 'breakfast': True, 'brunch': False}"", 'HasTV: False', 'NoiseLevel: quiet', 'OutdoorSeating: True', 'RestaurantsAttire: casual', 'RestaurantsDelivery: False', 'RestaurantsGoodForGroups: True', 'RestaurantsPriceRange2: 1', 'RestaurantsReservations: False', 'RestaurantsTakeOut: True', 'WiFi: free']",-88.296606,2401 Village Green Pl,61822,IL,1,bsrqpg0zJZG4NMhA0W28LQ,business
Highland Fish & Chips,Scarborough,22,"['Monday 10:30-19:30', 'Tuesday 10:30-20:0', 'Wednesday 10:30-20:0', 'Thursday 10:30-20:0', 'Friday 10:30-21:0', 'Saturday 12:0-20:0']",Scarborough,"['Seafood', 'Restaurants']",43.7877854,4.0,"[""Ambience: {'romantic': False, 'intimate': False, 'classy': False, 'hipster': False, 'touristy': False, 'trendy': False, 'upscale': False, 'casual': False}"", 'BikeParking: True', 'BusinessAcceptsCreditCards: True', ""BusinessParking: {'garage': False, 'street': False, 'validated': False, 'lot': False, 'valet': False}"", 'GoodForKids: True', ""GoodForMeal: {'dessert': False, 'latenight': False, 'lunch': True, 'dinner': True, 'breakfast': False, 'brunch': False}"", 'HasTV: False', 'NoiseLevel: quiet', 'OutdoorSeating: False', 'RestaurantsAttire: casual', 'RestaurantsDelivery: False', 'RestaurantsGoodForGroups: True', 'RestaurantsPriceRange2: 2', 'RestaurantsReservations: False', 'RestaurantsTableService: True', 'RestaurantsTakeOut: True', 'WiFi: no']",-79.1835371,3357 Ellesmere Road,M1C 1H1,ON,1,fX3ukB5oZe5H_4LdM4zVRw,business
Pizzédélic Pizza and Pastas,Montréal,12,,Ville-Marie,"['Pizza', 'Restaurants']",45.505591,4.0,"[""Ambience: {'romantic': False, 'intimate': False, 'classy': False, 'hipster': False, 'touristy': False, 'trendy': False, 'upscale': False, 'casual': False}"", 'BusinessAcceptsCreditCards: True', 'GoodForKids: True', ""GoodForMeal: {'dessert': False, 'latenight': False, 'lunch': True, 'dinner': False, 'breakfast': False, 'brunch': False}"", 'HasTV: False', 'OutdoorSeating: True', 'RestaurantsAttire: casual', 'RestaurantsDelivery: True', 'RestaurantsGoodForGroups: True', 'RestaurantsPriceRange2: 2', 'RestaurantsReservations: True', 'RestaurantsTakeOut: False']",-73.5562232,39 Notre-Dame W St,H2Y 1S5,QC,1,eHL-mjHj4fs4x4z3ohxEeA,business
Popeye's,North Versailles,6,,,"['Restaurants', 'Chicken Wings', 'Cajun/Creole']",40.3670826,4.0,"['BusinessAcceptsCreditCards: True', 'GoodForKids: True', 'HasTV: False', 'RestaurantsAttire: casual', 'RestaurantsDelivery: False', 'RestaurantsGoodForGroups: True', 'RestaurantsPriceRange2: 1', 'RestaurantsReservations: False', 'RestaurantsTakeOut: True']",-79.7784173,1900 Lincoln Hwy,15137,PA,1,Tnzc_72OVCdCc7KmfPOnHA,business
Pressley Park Restaurant,Charlotte,18,"['Monday 5:30-15:0', 'Tuesday 5:30-15:0', 'Wednesday 5:30-15:0', 'Thursday 5:30-15:0', 'Friday 5:30-15:0']",,"['Breakfast & Brunch', 'American (Traditional)', 'Restaurants']",35.189003,3.0,"['Alcohol: none', ""Ambience: {'romantic': False, 'intimate': False, 'classy': False, 'hipster': False, 'divey': False, 'touristy': False, 'trendy': False, 'upscale': False, 'casual': False}"", 'BikeParking: True', 'BusinessAcceptsCreditCards: True', ""BusinessParking: {'garage': False, 'street': False, 'validated': False, 'lot': True, 'valet': False}"", 'GoodForKids: True', ""GoodForMeal: {'dessert': False, 'latenight': False, 'lunch': False, 'dinner': False, 'breakfast': True, 'brunch': False}"", 'HasTV: False', 'NoiseLevel: average', 'OutdoorSeating: False', 'RestaurantsAttire: casual', 'RestaurantsDelivery: True', 'RestaurantsGoodForGroups: True', 'RestaurantsPriceRange2: 1', 'RestaurantsReservations: False', 'RestaurantsTableService: True', 'RestaurantsTakeOut: True', 'WiFi: no']",-80.89231,740 Pressley Rd,28217,NC,1,03fe5vYwHA9TxlJJ-7mDMw,business
Jet's Pizza,Champaign,42,"['Monday 10:0-23:0', 'Tuesday 10:0-23:0', 'Wednesday 10:0-23:0', 'Thursday 10:0-23:0', 'Friday 10:0-2:0', 'Saturday 10:0-2:0', 'Sunday 11:0-22:0']",,"['Pizza', 'Restaurants']",40.1105978,4.0,"['Alcohol: none', ""Ambience: {'romantic': False, 'intimate': False, 'classy': False, 'hipster': False, 'divey': False, 'touristy': False, 'trendy': False, 'upscale': False, 'casual': True}"", 'BikeParking: False', 'BusinessAcceptsCreditCards: True', ""BusinessParking: {'garage': False, 'street': False, 'validated': False, 'lot': True, 'valet': False}"", 'Caters: False', 'GoodForKids: True', ""GoodForMeal: {'dessert': False, 'latenight': False, 'lunch': True, 'dinner': True, 'breakfast': False, 'brunch': False}"", 'HasTV: False', 'NoiseLevel: average', 'OutdoorSeating: False', 'RestaurantsAttire: casual', 'RestaurantsDelivery: True', 'RestaurantsGoodForGroups: False', 'RestaurantsPriceRange2: 1', 'RestaurantsReservations: False', 'RestaurantsTableService: False', 'RestaurantsTakeOut: True', 'WiFi: no']",-88.2428884,512 S Neil St,61820,IL,1,6o6XxnI8RWhnAVSdxqCJWQ,business
My Favorite Martin's Restaurant,Surprise,5,,,"['Mexican', 'Restaurants']",33.638847,3.5,"[""Ambience: {'romantic': False, 'intimate': False, 'classy': False, 'hipster': False, 'divey': False, 'touristy': False, 'trendy': False, 'upscale': False, 'casual': False}"", 'BusinessAcceptsCreditCards: True', 'HasTV: True', 'OutdoorSeating: True']",-112.3681609,17300 N Sun Village Pkwy,85374,AZ,1,7GgbR0WL1kuwja-Z3lAYrA,business
China City Super Buffet,Surprise,56,"['Monday 10:30-21:30', 'Tuesday 10:30-21:30', 'Wednesday 10:30-21:30', 'Thursday 10:30-21:30', 'Friday 10:30-21:30', 'Saturday 10:30-21:30', 'Sunday 10:30-21:30']",,"['Chinese', 'Restaurants', 'Buffets']",33.655788,2.5,"['Alcohol: beer_and_wine', ""Ambience: {'romantic': False, 'intimate': False, 'classy': False, 'hipster': False, 'divey': False, 'touristy': False, 'trendy': False, 'upscale': False, 'casual': True}"", 'BikeParking: True', 'BusinessAcceptsCreditCards: True', ""BusinessParking: {'garage': False, 'street': False, 'validated': False, 'lot': False, 'valet': False}"", 'Caters: False', 'GoodForKids: True', ""GoodForMeal: {'dessert': False, 'latenight': False, 'lunch': True, 'dinner': False, 'breakfast': False, 'brunch': False}"", 'HasTV: True', 'NoiseLevel: average', 'OutdoorSeating: False', 'RestaurantsAttire: casual', 'RestaurantsDelivery: False', 'RestaurantsGoodForGroups: True', 'RestaurantsPriceRange2: 2', 'RestaurantsReservations: False', 'RestaurantsTableService: True', 'RestaurantsTakeOut: True', 'WiFi: no']",-112.3740267,"18885 N Reems Rd, Ste 101",85374,AZ,1,zPcF4fI18gSp42G17oHmmg,business
Merchant Madison,Madison,374,"['Monday 15:0-2:0', 'Tuesday 15:0-2:0', 'Wednesday 15:0-2:0', 'Thursday 15:0-2:0', 'Friday 15:0-2:30', 'Saturday 9:0-2:30', 'Sunday 9:0-2:0']",Capitol,"['Cocktail Bars', 'Grocery', 'Sandwiches', 'Bars', 'American (Traditional)', 'Restaurants', 'Wine Bars', 'American (New)', 'Nightlife', 'Food']",43.0742365,4.0,"['Alcohol: full_bar', ""Ambience: {'romantic': False, 'intimate': False, 'classy': False, 'hipster': True, 'divey': False, 'touristy': False, 'trendy': True, 'upscale': False, 'casual': False}"", ""BestNights: {'monday': False, 'tuesday': False, 'friday': True, 'wednesday': False, 'thursday': False, 'sunday': True, 'saturday': True}"", 'BikeParking: True', 'BusinessAcceptsCreditCards: True', ""BusinessParking: {'garage': True, 'street': True, 'validated': False, 'lot': False, 'valet': False}"", 'Caters: False', 'CoatCheck: False', 'GoodForDancing: False', 'GoodForKids: False', ""GoodForMeal: {'dessert': False, 'latenight': False, 'lunch': False, 'dinner': True, 'breakfast': False, 'brunch': False}"", 'HappyHour: True', 'HasTV: True', ""Music: {'dj': False, 'background_music': False, 'no_music': False, 'karaoke': False, 'live': False, 'video': False, 'jukebox': False}"", 'NoiseLevel: loud', 'OutdoorSeating: True', 'RestaurantsAttire: casual', 'RestaurantsDelivery: False', 'RestaurantsGoodForGroups: True', 'RestaurantsPriceRange2: 2', 'RestaurantsReservations: True', 'RestaurantsTableService: True', 'RestaurantsTakeOut: True', 'Smoking: outdoor', 'WheelchairAccessible: True', 'WiFi: free']",-89.3810119,121 S Pinckney St,53703,WI,1,Twcjx4ofM9GWwXN6LVGSzw,business
Copper Kettle,Chandler,30,"['Monday 11:30-21:30', 'Tuesday 11:30-21:30', 'Wednesday 11:30-21:30', 'Thursday 11:30-21:30', 'Friday 11:30-21:30', 'Saturday 11:30-21:30', 'Sunday 11:30-21:30']",,"['Restaurants', 'Pakistani', 'Indian']",33.3336727,3.5,"['Alcohol: none', ""Ambience: {'romantic': False, 'intimate': False, 'classy': False, 'hipster': False, 'divey': False, 'touristy': False, 'trendy': False, 'upscale': False, 'casual': False}"", 'BusinessAcceptsCreditCards: True', ""BusinessParking: {'garage': False, 'street': False, 'validated': False, 'lot': True, 'valet': False}"", 'GoodForKids: True', ""GoodForMeal: {'dessert': False, 'latenight': False, 'lunch': True, 'dinner': True, 'breakfast': False, 'brunch': False}"", 'HasTV: True', 'NoiseLevel: quiet', 'OutdoorSeating: False', 'RestaurantsAttire: casual', 'RestaurantsDelivery: False', 'RestaurantsGoodForGroups: True', 'RestaurantsPriceRange2: 2', 'RestaurantsTableService: True', 'RestaurantsTakeOut: True']",-111.8608534,1964 N Alma School Rd,85224,AZ,0,TElfyEowMFTPR1gAwMLcNQ,business
FrinGo's Kitchen,Chandler,86,"['Monday 11:0-19:0', 'Tuesday 11:0-19:0', 'Wednesday 11:0-19:0', 'Thursday 11:0-19:0', 'Friday 11:0-19:0', 'Saturday 11:0-19:0']",,"['Restaurants', 'Caribbean', 'Puerto Rican']",33.3375314,4.5,"['Alcohol: none', ""Ambience: {'romantic': False, 'intimate': False, 'classy': False, 'hipster': False, 'divey': False, 'touristy': False, 'trendy': False, 'upscale': False, 'casual': True}"", 'BikeParking: False', 'BusinessAcceptsBitcoin: False', 'BusinessAcceptsCreditCards: True', ""BusinessParking: {'garage': False, 'street': False, 'validated': False, 'lot': True, 'valet': False}"", 'Caters: False', 'DogsAllowed: False', 'GoodForKids: True', ""GoodForMeal: {'dessert': False, 'latenight': False, 'lunch': True, 'dinner': True, 'breakfast': False, 'brunch': False}"", 'HasTV: True', 'NoiseLevel: quiet', 'OutdoorSeating: True', 'RestaurantsAttire: casual', 'RestaurantsDelivery: True', 'RestaurantsGoodForGroups: True', 'RestaurantsPriceRange2: 1', 'RestaurantsReservations: False', 'RestaurantsTableService: False', 'RestaurantsTakeOut: True', 'WheelchairAccessible: True', 'WiFi: no']",-111.8596545,"2160 N Alma School Rd, Ste 116",85224,AZ,1,E7C8xUC0oSNOpRl1vMTMzA,business
Tao Garden,Chandler,86,"['Monday 11:0-21:0', 'Tuesday 11:0-21:0', 'Wednesday 11:0-21:0', 'Thursday 11:0-21:0', 'Friday 11:0-22:30', 'Saturday 11:0-22:30', 'Sunday 11:0-21:30']",,"['Chinese', 'Restaurants']",33.3362743,3.5,"['Alcohol: beer_and_wine', ""Ambience: {'romantic': False, 'intimate': False, 'classy': False, 'hipster': False, 'divey': False, 'touristy': False, 'trendy': False, 'upscale': False, 'casual': True}"", 'BikeParking: True', 'BusinessAcceptsCreditCards: True', ""BusinessParking: {'garage': False, 'street': False, 'validated': False, 'lot': True, 'valet': False}"", 'Caters: False', 'GoodForKids: True', ""GoodForMeal: {'dessert': False, 'latenight': False, 'lunch': True, 'dinner': True, 'breakfast': False, 'brunch': False}"", 'HasTV: False', 'NoiseLevel: average', 'OutdoorSeating: False', 'RestaurantsAttire: casual', 'RestaurantsDelivery: False', 'RestaurantsGoodForGroups: True', 'RestaurantsPriceRange2: 2', 'RestaurantsReservations: True', 'RestaurantsTableService: True', 'RestaurantsTakeOut: True', 'WheelchairAccessible: True', 'WiFi: no']",-111.8609236,2050 N Alma School Rd,85224,AZ,1,7vFTldKs-b-wS5J56PGGew,business
McDonalds,Brampton,4,,,"['Burgers', 'Fast Food', 'Restaurants']",43.7550599537,4.5,"['BusinessAcceptsCreditCards: True', 'DriveThru: True', 'GoodForKids: True', 'OutdoorSeating: True', 'RestaurantsAttire: casual', 'RestaurantsDelivery: False', 'RestaurantsPriceRange2: 1', 'RestaurantsReservations: False', 'RestaurantsTakeOut: True']",-79.756726489,,,ON,1,lE6IYzKg9U8tUXjYpz35zQ,business
BBQ Creole,Brossard,4,,Brossard,"['Restaurants', 'Barbeque']",45.4748044,3.0,"[""Ambience: {'romantic': False, 'intimate': False, 'classy': False, 'hipster': False, 'touristy': False, 'trendy': False, 'upscale': False, 'casual': False}"", 'BikeParking: True', 'BusinessAcceptsCreditCards: True', ""BusinessParking: {'garage': False, 'street': False, 'validated': False, 'lot': False, 'valet': False}"", 'GoodForKids: True', 'HasTV: False', 'NoiseLevel: loud', 'OutdoorSeating: False', 'RestaurantsAttire: casual', 'RestaurantsDelivery: True', 'RestaurantsGoodForGroups: False', 'RestaurantsPriceRange2: 2', 'RestaurantsReservations: False', 'RestaurantsTableService: True', 'RestaurantsTakeOut: True', 'WiFi: no']",-73.4435636,5625 Blvd Grande-Allee,J4Z 3G3,QC,1,KlPWGVTyfYjsjzLqdS4CUw,business
Legends Bar & Grill,Phoenix,58,"['Monday 11:0-22:0', 'Tuesday 11:0-22:0', 'Wednesday 11:0-22:0', 'Thursday 11:0-22:0', 'Friday 11:0-22:0', 'Saturday 10:0-22:0', 'Sunday 10:0-22:0']",,"['Restaurants', 'Bars', 'Nightlife', 'American (Traditional)']",33.8656325,3.0,"['Alcohol: full_bar', ""Ambience: {'romantic': False, 'intimate': False, 'classy': False, 'hipster': False, 'divey': False, 'touristy': False, 'trendy': False, 'upscale': False, 'casual': True}"", 'BikeParking: True', 'BusinessAcceptsCreditCards: True', ""BusinessParking: {'garage': False, 'street': False, 'validated': False, 'lot': True, 'valet': False}"", 'Caters: False', 'CoatCheck: False', 'GoodForDancing: False', 'GoodForKids: True', 'HappyHour: True', 'HasTV: True', ""Music: {'dj': False, 'background_music': False, 'no_music': False, 'karaoke': False, 'live': False, 'video': False, 'jukebox': False}"", 'NoiseLevel: average', 'OutdoorSeating: True', 'RestaurantsAttire: casual', 'RestaurantsDelivery: False', 'RestaurantsGoodForGroups: True', 'RestaurantsPriceRange2: 2', 'RestaurantsReservations: False', 'RestaurantsTableService: True', 'RestaurantsTakeOut: True', 'Smoking: outdoor', 'WheelchairAccessible: True', 'WiFi: free', ""GoodForMeal: {'dessert': False, 'latenight': False, 'lunch': True, 'dinner': True, 'breakfast': False, 'brunch': False}""]",-112.1385696,3655 W Anthem Way,85086,AZ,1,HsrJucuS83bt4NTCWNxILw,business
Southside Louie's,Toronto,13,,Little Italy,"['Restaurants', 'American (Traditional)', 'Pubs', 'Bars', 'Nightlife']",43.6552566,3.0,"['Alcohol: full_bar', ""Ambience: {'romantic': False, 'intimate': False, 'classy': False, 'hipster': False, 'touristy': False, 'trendy': False, 'upscale': False, 'casual': False}"", ""BestNights: {'monday': False, 'tuesday': True, 'friday': False, 'wednesday': True, 'thursday': True, 'sunday': False, 'saturday': False}"", 'BusinessAcceptsCreditCards: True', ""BusinessParking: {'garage': False, 'street': True, 'validated': False, 'lot': False, 'valet': False}"", 'CoatCheck: False', 'GoodForDancing: False', 'GoodForKids: False', ""GoodForMeal: {'dessert': False, 'latenight': True, 'lunch': False, 'dinner': False, 'breakfast': False, 'brunch': False}"", 'HappyHour: False', 'HasTV: True', ""Music: {'dj': False, 'background_music': True, 'no_music': False, 'karaoke': False, 'live': False, 'video': False, 'jukebox': False}"", 'NoiseLevel: average', 'OutdoorSeating: True', 'RestaurantsAttire: casual', 'RestaurantsDelivery: False', 'RestaurantsGoodForGroups: True', 'RestaurantsPriceRange2: 2', 'RestaurantsReservations: False', 'RestaurantsTableService: True', 'RestaurantsTakeOut: True', 'Smoking: outdoor', 'WheelchairAccessible: True']",-79.4132866,583 College Street,M6G 1B2,ON,0,GtE6tgTAYGtnxJohmpukRw,business
Pizzeria Via Mercanti,Toronto,19,,Leslieville,"['Pizza', 'Italian', 'Restaurants']",43.6724498,4.0,"['BikeParking: True', 'GoodForKids: True', ""GoodForMeal: {'dessert': False, 'latenight': False, 'lunch': False, 'dinner': False, 'breakfast': False, 'brunch': False}"", 'HasTV: True', 'NoiseLevel: average', 'OutdoorSeating: False', 'RestaurantsAttire: casual', 'RestaurantsDelivery: False', 'RestaurantsGoodForGroups: True', 'RestaurantsPriceRange2: 2', 'RestaurantsReservations: True', 'RestaurantsTableService: True', 'RestaurantsTakeOut: True', ""Ambience: {'romantic': False, 'intimate': False, 'classy': False, 'hipster': False, 'touristy': False, 'trendy': False, 'upscale': False, 'casual': False}""]",-79.3196334,1501 Gerrard Street East,M4L 2A4,ON,1,ngpwNIImAFfEl1wzaDDWGA,business
Bb's Restaurant,Peoria,4,,,"['Restaurants', 'Mediterranean']",33.5815199,3.0,"['Alcohol: full_bar', ""Ambience: {'romantic': False, 'intimate': False, 'classy': False, 'hipster': False, 'divey': False, 'touristy': False, 'trendy': False, 'upscale': False, 'casual': False}"", 'BusinessAcceptsCreditCards: True', ""BusinessParking: {'garage': False, 'street': False, 'validated': False, 'lot': False, 'valet': False}"", 'GoodForKids: False', 'HasTV: True', 'NoiseLevel: very_loud', 'OutdoorSeating: False', 'RestaurantsDelivery: False', 'RestaurantsGoodForGroups: True', 'RestaurantsReservations: True', 'RestaurantsTableService: False', 'RestaurantsTakeOut: True']",-112.2720853,9858 W Peoria Ave,85345,AZ,1,KIxdmrVBsbce9TifSe7cjg,business
HendlBurg,Esslingen,10,"['Monday 11:0-23:0', 'Tuesday 11:0-23:0', 'Wednesday 11:0-23:0', 'Thursday 11:0-23:0', 'Friday 11:0-23:0', 'Saturday 11:0-23:0', 'Sunday 11:0-23:0']",,"['Restaurants', 'Food', 'German']",48.7430495156,3.5,"['BusinessAcceptsCreditCards: True', ""BusinessParking: {'garage': False, 'street': True, 'validated': False, 'lot': False, 'valet': False}"", 'DogsAllowed: False', 'GoodForKids: True', 'OutdoorSeating: True', 'RestaurantsDelivery: False', 'RestaurantsGoodForGroups: True', 'RestaurantsPriceRange2: 2', 'RestaurantsReservations: True', 'RestaurantsTakeOut: True']",9.3060849687,Marktplatz 5,73728,BW,1,r_ACOWacHKV9A5i_yBdtHQ,business
Rosenhäusle,Esslingen,6,"['Monday 11:30-14:0', 'Monday 17:0-23:0', 'Wednesday 11:30-14:0', 'Wednesday 17:0-23:0', 'Thursday 11:30-14:0', 'Thursday 17:0-23:0', 'Friday 11:30-14:0', 'Friday 17:0-23:0', 'Saturday 17:0-23:0', 'Sunday 11:30-14:0', 'Sunday 17:0-22:0']",,"['Restaurants', 'Swabian']",48.744,4.5,"['BusinessAcceptsCreditCards: False', ""BusinessParking: {'garage': False, 'street': False, 'validated': False, 'lot': False, 'valet': False}"", 'DogsAllowed: False', 'OutdoorSeating: True', 'RestaurantsDelivery: False', 'RestaurantsGoodForGroups: True', 'RestaurantsPriceRange2: 2', 'RestaurantsReservations: True', 'RestaurantsTakeOut: False']",9.30675,Obere Beutau 1,73728,BW,1,BWz7QX7qc2NUNwwTX75Hgw,business
The Kebob,Mississauga,8,"['Monday 11:0-22:0', 'Tuesday 11:0-22:0', 'Wednesday 11:0-22:0', 'Thursday 11:0-22:0', 'Friday 11:0-23:0', 'Saturday 11:0-23:0', 'Sunday 12:0-22:0']",Malton,"['Pakistani', 'Restaurants', 'Halal']",43.7130263,4.0,"['Alcohol: none', 'BikeParking: True', 'BusinessAcceptsCreditCards: True', ""BusinessParking: {'garage': False, 'street': False, 'validated': False, 'lot': True, 'valet': False}"", 'Caters: True', 'DogsAllowed: False', 'GoodForKids: True', 'HasTV: True', 'NoiseLevel: average', 'OutdoorSeating: False', 'RestaurantsAttire: casual', 'RestaurantsDelivery: False', 'RestaurantsGoodForGroups: True', 'RestaurantsPriceRange2: 2', 'RestaurantsReservations: True', 'RestaurantsTableService: True', 'RestaurantsTakeOut: True', 'WheelchairAccessible: True', 'WiFi: no', ""Ambience: {'romantic': False, 'intimate': False, 'classy': False, 'hipster': False, 'touristy': False, 'trendy': False, 'upscale': False, 'casual': False}"", ""GoodForMeal: {'dessert': False, 'latenight': False, 'lunch': False, 'dinner': True, 'breakfast': False, 'brunch': False}""]",-79.6333513,3417 Derry Road E,L4T 1A8,ON,1,YOFvIxU3xQH7jmqHcUjofQ,business
Campus Biryani & Gyros,Madison,34,"['Monday 11:0-22:0', 'Tuesday 11:0-22:0', 'Wednesday 11:0-22:0', 'Thursday 11:0-22:0', 'Friday 11:0-22:0', 'Saturday 11:0-22:0', 'Sunday 11:0-22:0']",Vilas,"['Buffets', 'Restaurants', 'Indian']",43.0675794,1.5,"['Alcohol: none', ""Ambience: {'romantic': False, 'intimate': False, 'classy': False, 'hipster': False, 'divey': False, 'touristy': False, 'trendy': False, 'upscale': False, 'casual': False}"", 'BikeParking: True', 'BusinessAcceptsCreditCards: True', ""BusinessParking: {'garage': False, 'street': True, 'validated': False, 'lot': False, 'valet': False}"", 'Caters: False', 'GoodForKids: False', ""GoodForMeal: {'dessert': False, 'latenight': False, 'lunch': True, 'dinner': False, 'breakfast': False, 'brunch': False}"", 'HasTV: False', 'NoiseLevel: very_loud', 'OutdoorSeating: False', 'RestaurantsAttire: casual', 'RestaurantsDelivery: True', 'RestaurantsGoodForGroups: False', 'RestaurantsPriceRange2: 1', 'RestaurantsReservations: False', 'RestaurantsTableService: False', 'RestaurantsTakeOut: True', 'WheelchairAccessible: True', 'WiFi: no']",-89.4106017,1437 Regent St,53711,WI,1,YK6XFE1SbLZGGXIKZmrQ-Q,business
Orange Caramel Tea Cafe,Toronto,50,"['Monday 0:0-0:0', 'Tuesday 0:0-0:0', 'Wednesday 0:0-0:0', 'Thursday 0:0-0:0', 'Friday 0:0-0:0', 'Saturday 0:0-0:0', 'Sunday 0:0-0:0']",,"['Desserts', 'Tea Rooms', 'Food', 'Cafes', 'Restaurants']",43.7812631,4.0,"['BikeParking: True', 'BusinessAcceptsCreditCards: True', ""BusinessParking: {'garage': False, 'street': True, 'validated': False, 'lot': False, 'valet': False}"", 'RestaurantsPriceRange2: 2', 'RestaurantsTakeOut: True', 'WiFi: free']",-79.4157471,"5647 Yonge Street, 2nd Floor",M2M 2E4,ON,1,PFltMxuCOombEvD86sVujQ,business
McDonalds,Champaign,16,"['Monday 0:0-0:0', 'Tuesday 0:0-0:0', 'Wednesday 0:0-0:0', 'Thursday 0:0-0:0', 'Friday 0:0-0:0', 'Saturday 0:0-0:0', 'Sunday 0:0-0:0']",,"['Burgers', 'Restaurants', 'American (Traditional)', 'Fast Food']",40.1104207856,3.0,"['Alcohol: none', ""Ambience: {'romantic': False, 'intimate': False, 'classy': False, 'hipster': False, 'divey': False, 'touristy': False, 'trendy': False, 'upscale': False, 'casual': True}"", 'BikeParking: True', 'BusinessAcceptsCreditCards: True', ""BusinessParking: {'garage': False, 'street': False, 'validated': False, 'lot': False, 'valet': False}"", 'Caters: False', 'DriveThru: False', 'GoodForKids: True', ""GoodForMeal: {'dessert': False, 'latenight': False, 'lunch': False, 'dinner': False, 'breakfast': True, 'brunch': False}"", 'HasTV: True', 'NoiseLevel: loud', 'OutdoorSeating: False', 'RestaurantsAttire: casual', 'RestaurantsDelivery: False', 'RestaurantsGoodForGroups: True', 'RestaurantsPriceRange2: 1', 'RestaurantsReservations: False', 'RestaurantsTableService: False', 'RestaurantsTakeOut: True', 'WiFi: free']",-88.2297450105,616 E Green St,61820,IL,1,SFh9uHtGR1lVPH2RTS2SWQ,business
Carolina Prime Restaurant & Steakhouse,Charlotte,58,"['Monday 6:0-22:0', 'Tuesday 6:0-22:0', 'Wednesday 6:0-22:0', 'Thursday 6:0-22:0', 'Friday 6:0-23:0', 'Saturday 6:0-23:0']",,"['Breakfast & Brunch', 'Restaurants', 'Seafood', 'Steakhouses']",35.1790007,3.5,"['Alcohol: full_bar', ""Ambience: {'romantic': False, 'intimate': False, 'classy': False, 'hipster': False, 'divey': False, 'touristy': False, 'trendy': False, 'upscale': False, 'casual': True}"", 'BikeParking: True', 'BusinessAcceptsCreditCards: True', ""BusinessParking: {'garage': False, 'street': False, 'validated': False, 'lot': True, 'valet': False}"", 'Caters: True', 'DogsAllowed: False', 'GoodForKids: True', ""GoodForMeal: {'dessert': False, 'latenight': False, 'lunch': False, 'dinner': True, 'breakfast': False, 'brunch': False}"", 'HasTV: True', 'NoiseLevel: average', 'OutdoorSeating: True', 'RestaurantsAttire: casual', 'RestaurantsDelivery: True', 'RestaurantsGoodForGroups: True', 'RestaurantsPriceRange2: 2', 'RestaurantsReservations: True', 'RestaurantsTableService: True', 'RestaurantsTakeOut: True', 'WheelchairAccessible: True', 'WiFi: free']",-80.8808078,225 E Woodlawn Rd,28217,NC,1,OQcwCyQ53w0rUDdxJXHJfg,business
The Getaway Café,Pittsburgh,40,"['Monday 11:0-0:0', 'Tuesday 11:0-0:0', 'Wednesday 11:0-0:0', 'Thursday 11:0-0:0', 'Friday 11:0-2:0', 'Saturday 8:30-2:0', 'Sunday 8:30-0:0']",,"['American (New)', 'Restaurants']",40.384633,3.0,"['Alcohol: full_bar', ""Ambience: {'romantic': False, 'intimate': False, 'classy': False, 'hipster': False, 'divey': False, 'touristy': False, 'trendy': False, 'upscale': False, 'casual': True}"", 'BikeParking: True', 'BusinessAcceptsCreditCards: True', ""BusinessParking: {'garage': False, 'street': False, 'validated': False, 'lot': True, 'valet': False}"", 'Caters: True', 'DogsAllowed: False', 'GoodForKids: True', 'HasTV: True', 'NoiseLevel: average', 'OutdoorSeating: True', 'RestaurantsAttire: casual', 'RestaurantsDelivery: False', 'RestaurantsGoodForGroups: True', 'RestaurantsPriceRange2: 2', 'RestaurantsReservations: True', 'RestaurantsTableService: True', 'RestaurantsTakeOut: True', 'WheelchairAccessible: True', 'WiFi: free', ""GoodForMeal: {'dessert': True, 'latenight': False, 'lunch': True, 'dinner': True, 'breakfast': False, 'brunch': False}""]",-80.015649,3049 Sussex Ave,15226,PA,1,Yf74t_bR1mhRXY03IU6OhA,business
Baby Point Lounge,Toronto,4,"['Monday 9:0-18:0', 'Tuesday 9:0-18:0', 'Wednesday 9:0-18:0', 'Thursday 9:0-18:0', 'Friday 9:0-18:0', 'Saturday 9:0-18:0', 'Sunday 9:0-18:0']",Bloor-West Village,"['Venues & Event Spaces', 'Ukrainian', 'Event Planning & Services', 'Caterers', 'Restaurants']",43.6573337,4.0,"['Alcohol: none', 'BusinessAcceptsCreditCards: True', 'Caters: True', 'GoodForKids: True', 'HasTV: False', 'RestaurantsAttire: casual', 'RestaurantsDelivery: True', 'RestaurantsGoodForGroups: True', 'RestaurantsPriceRange2: 2', 'RestaurantsReservations: False', 'RestaurantsTableService: True', 'RestaurantsTakeOut: True', 'WheelchairAccessible: False']",-79.4873715,343 Jane Street,M6S 3Z3,ON,1,MTneG8wJrUxIzIfnHe_P-A,business
Azure Restaurant and Bar,Toronto,43,"['Monday 6:30-22:0', 'Tuesday 6:30-22:0', 'Wednesday 6:30-22:0', 'Thursday 6:30-22:0', 'Friday 6:30-22:0', 'Saturday 6:30-22:0', 'Sunday 6:30-22:0']",Entertainment District,"['American (New)', 'Restaurants', 'Canadian (New)', 'Jazz & Blues', 'Nightlife', 'Arts & Entertainment']",43.6444547,3.0,"['Alcohol: full_bar', ""Ambience: {'romantic': False, 'intimate': False, 'classy': False, 'hipster': False, 'touristy': False, 'trendy': False, 'upscale': False, 'casual': True}"", 'BikeParking: True', 'BusinessAcceptsCreditCards: True', ""BusinessParking: {'garage': False, 'street': False, 'validated': False, 'lot': False, 'valet': True}"", 'GoodForKids: False', ""GoodForMeal: {'dessert': False, 'latenight': False, 'lunch': False, 'dinner': True, 'breakfast': False, 'brunch': False}"", 'HasTV: True', 'NoiseLevel: quiet', 'OutdoorSeating: False', 'RestaurantsAttire: casual', 'RestaurantsDelivery: False', 'RestaurantsGoodForGroups: True', 'RestaurantsPriceRange2: 3', 'RestaurantsReservations: True', 'RestaurantsTableService: True', 'RestaurantsTakeOut: True', 'WheelchairAccessible: True', 'WiFi: free']",-79.3854827,"InterContinental Toronto Centre, 225 Front Street W",M5V 2X3,ON,1,Z8f5s3BsMzveANqdbFjXLg,business
Pita Pit,Phoenix,30,"['Monday 11:0-20:0', 'Tuesday 11:0-20:0', 'Wednesday 11:0-20:0', 'Thursday 11:0-20:0', 'Friday 11:0-21:0', 'Saturday 11:0-21:0', 'Sunday 11:0-20:0']",,"['Restaurants', 'Sandwiches']",33.7150963,3.5,"['Alcohol: none', ""Ambience: {'romantic': False, 'intimate': False, 'classy': False, 'hipster': False, 'divey': False, 'touristy': False, 'trendy': False, 'upscale': False, 'casual': True}"", 'BusinessAcceptsCreditCards: True', ""BusinessParking: {'garage': False, 'street': False, 'validated': False, 'lot': True, 'valet': False}"", 'Caters: True', 'DogsAllowed: False', 'GoodForKids: True', ""GoodForMeal: {'dessert': False, 'latenight': False, 'lunch': True, 'dinner': True, 'breakfast': False, 'brunch': False}"", 'HasTV: False', 'NoiseLevel: quiet', 'OutdoorSeating: True', 'RestaurantsAttire: casual', 'RestaurantsDelivery: True', 'RestaurantsGoodForGroups: True', 'RestaurantsPriceRange2: 1', 'RestaurantsReservations: False', 'RestaurantsTableService: False', 'RestaurantsTakeOut: True', 'WheelchairAccessible: True', 'WiFi: free']",-112.1136988,2510 W Happy Valley Rd,85085,AZ,0,lJJbxFNv1MwTx_52Kna9kg,business
Hungry Howie's Pizza,Cornelius,7,"['Monday 11:0-23:0', 'Tuesday 11:0-23:0', 'Wednesday 11:0-23:0', 'Thursday 11:0-23:0', 'Friday 11:0-1:0', 'Saturday 11:0-1:0', 'Sunday 11:0-23:0']",,"['Chicken Wings', 'Restaurants', 'Pizza']",35.4589201638,3.0,"['Alcohol: none', 'BikeParking: False', 'BusinessAcceptsBitcoin: False', 'BusinessAcceptsCreditCards: True', ""BusinessParking: {'garage': False, 'street': False, 'validated': False, 'lot': True, 'valet': False}"", 'Caters: True', 'DogsAllowed: False', 'HasTV: False', 'OutdoorSeating: False', 'RestaurantsDelivery: True', 'RestaurantsReservations: False', 'RestaurantsTableService: False', 'RestaurantsTakeOut: True', 'WheelchairAccessible: True', 'WiFi: no']",-80.8889990992,"18059 W Catawba Ave, Ste 8",28031,NC,1,rHx_A6ADt1zLHLKLzHGWDQ,business
Fusion Restaurant and Lounge,Scottsdale,6,,,"['Food', 'Restaurants', 'American (New)', 'Bars', 'Lounges', 'Nightlife']",33.501724,4.5,"['Alcohol: full_bar', 'BusinessAcceptsCreditCards: True', ""BusinessParking: {'garage': False, 'street': False, 'validated': False, 'lot': False, 'valet': False}"", 'CoatCheck: False', 'GoodForKids: True', ""GoodForMeal: {'dessert': False, 'latenight': False, 'lunch': False, 'dinner': False, 'breakfast': False, 'brunch': False}"", 'HappyHour: True', 'OutdoorSeating: True', 'RestaurantsAttire: casual', 'RestaurantsDelivery: False', 'RestaurantsGoodForGroups: True', 'RestaurantsPriceRange2: 2', 'RestaurantsTableService: True', 'RestaurantsTakeOut: True', 'Smoking: outdoor', 'WheelchairAccessible: True']",-111.9234595,4441 N Buckboard Trl,85251,AZ,0,rbEHE4ZwavYXb7d-U9AXWQ,business
Deli On Rye,Hudson,6,"['Monday 11:0-18:0', 'Tuesday 11:0-18:0', 'Wednesday 11:0-18:0', 'Thursday 11:0-18:0', 'Friday 11:0-18:0', 'Saturday 11:0-16:0']",,"['Restaurants', 'Delis']",41.238548,2.5,"['Alcohol: beer_and_wine', 'BusinessAcceptsCreditCards: True', ""BusinessParking: {'garage': False, 'street': False, 'validated': False, 'lot': False, 'valet': False}"", 'GoodForKids: True', ""GoodForMeal: {'dessert': False, 'latenight': False, 'lunch': False, 'dinner': False, 'breakfast': False, 'brunch': False}"", 'OutdoorSeating: False', 'RestaurantsAttire: casual', 'RestaurantsGoodForGroups: True', 'RestaurantsPriceRange2: 1', 'RestaurantsTableService: True', 'RestaurantsTakeOut: True', 'WheelchairAccessible: True']",-81.4496263,"180 W Streetsboro St, Ste 8",44236,OH,0,ywp3jQfsDAcjP5jxwCXxPQ,business
Honey Bun's Cafeteria,Charlotte,27,"['Monday 11:0-20:30', 'Tuesday 11:0-20:30', 'Wednesday 11:0-20:30', 'Thursday 11:0-20:30', 'Friday 11:0-20:30', 'Saturday 11:0-20:30', 'Sunday 11:0-20:30']",Eastland,"['Ethnic Food', 'Specialty Food', 'Restaurants', 'Chinese', 'Dim Sum', 'Food', 'Imported Food']",35.1626388384,4.0,"['Alcohol: none', ""Ambience: {'romantic': False, 'intimate': False, 'classy': False, 'hipster': False, 'divey': False, 'touristy': False, 'trendy': False, 'upscale': False, 'casual': False}"", 'BikeParking: True', 'BusinessAcceptsCreditCards: False', ""BusinessParking: {'garage': False, 'street': False, 'validated': False, 'lot': False, 'valet': False}"", 'Caters: False', 'GoodForKids: True', ""GoodForMeal: {'dessert': False, 'latenight': False, 'lunch': True, 'dinner': False, 'breakfast': False, 'brunch': False}"", 'HasTV: False', 'NoiseLevel: average', 'OutdoorSeating: False', 'RestaurantsAttire: casual', 'RestaurantsDelivery: False', 'RestaurantsGoodForGroups: True', 'RestaurantsPriceRange2: 1', 'RestaurantsReservations: False', 'RestaurantsTableService: False', 'RestaurantsTakeOut: True', 'WiFi: no']",-80.7380765199,7323 E Independence Blvd,28227,NC,1,YjPWt-V5oMkakdRWrALb8g,business
Taqueria Express,Charlotte,18,,Eastland,"['Mexican', 'Restaurants']",35.203291,4.0,"['BikeParking: False', 'BusinessAcceptsCreditCards: True', 'GoodForKids: True', 'HasTV: True', 'OutdoorSeating: False', 'RestaurantsAttire: casual', 'RestaurantsDelivery: False', 'RestaurantsGoodForGroups: True', 'RestaurantsPriceRange2: 1', 'RestaurantsReservations: False', 'RestaurantsTakeOut: True']",-80.724748,"Fruteria El Pueblo, 6927 Albemarle Rd",28227,NC,1,8YyBAyA3TKpaVxy99FRWjA,business
Sky Ranch Restaurant,York,21,"['Tuesday 9:0-21:30', 'Wednesday 9:0-21:30', 'Thursday 9:0-21:30', 'Friday 9:0-23:0', 'Saturday 8:0-1:0']",,"['Argentine', 'Restaurants']",43.7009917,2.5,"['Alcohol: full_bar', ""Ambience: {'romantic': False, 'intimate': False, 'classy': False, 'hipster': False, 'touristy': False, 'trendy': False, 'upscale': False, 'casual': False}"", 'BikeParking: False', 'BusinessAcceptsCreditCards: True', ""BusinessParking: {'garage': False, 'street': False, 'validated': False, 'lot': True, 'valet': False}"", 'Caters: True', 'GoodForKids: True', ""GoodForMeal: {'dessert': False, 'latenight': False, 'lunch': False, 'dinner': False, 'breakfast': False, 'brunch': False}"", 'HasTV: False', 'NoiseLevel: average', 'OutdoorSeating: False', 'RestaurantsAttire: casual', 'RestaurantsDelivery: False', 'RestaurantsGoodForGroups: True', 'RestaurantsPriceRange2: 2', 'RestaurantsReservations: True', 'RestaurantsTableService: True', 'RestaurantsTakeOut: True', 'WiFi: no']",-79.4514715,2473 Dufferin St,M6B 3P9,ON,1,8C1BoiaPma1VOu0FJT_7Sg,business
Township Grille,Matthews,4,,,"['American (Traditional)', 'Restaurants']",35.1284484,3.0,"['Alcohol: full_bar', 'BusinessAcceptsCreditCards: True', ""BusinessParking: {'garage': False, 'street': False, 'validated': False, 'lot': False, 'valet': False}"", 'GoodForKids: True', ""GoodForMeal: {'dessert': False, 'latenight': False, 'lunch': True, 'dinner': True, 'breakfast': False, 'brunch': False}"", 'OutdoorSeating: False', 'RestaurantsAttire: casual', 'RestaurantsDelivery: False', 'RestaurantsGoodForGroups: True', 'RestaurantsPriceRange2: 2', 'RestaurantsReservations: False', 'RestaurantsTableService: True', 'RestaurantsTakeOut: True', 'WheelchairAccessible: True']",-80.7091789,10400 E Independence Blvd,28105,NC,0,vP7_SNTw8cu0MchtgZdwiQ,business
Mullaneys Harp and Fiddle,Pittsburgh,34,"['Tuesday 11:30-1:0', 'Wednesday 11:30-1:0', 'Thursday 11:30-1:0', 'Friday 11:30-2:0', 'Saturday 11:30-2:0']",Strip District,"['Restaurants', 'Irish', 'Nightlife', 'Pubs', 'Bars']",40.4534271,3.5,"['Alcohol: full_bar', ""Ambience: {'romantic': False, 'intimate': False, 'classy': False, 'hipster': False, 'divey': False, 'touristy': False, 'trendy': False, 'upscale': False, 'casual': True}"", 'BikeParking: True', 'BusinessAcceptsCreditCards: True', ""BusinessParking: {'garage': False, 'street': True, 'validated': False, 'lot': False, 'valet': False}"", 'Caters: True', 'CoatCheck: False', 'GoodForDancing: True', 'GoodForKids: False', ""GoodForMeal: {'dessert': False, 'latenight': False, 'lunch': False, 'dinner': False, 'breakfast': False, 'brunch': False}"", 'HappyHour: True', 'HasTV: True', ""Music: {'dj': False, 'background_music': False, 'no_music': False, 'karaoke': False, 'live': False, 'video': False, 'jukebox': False}"", 'NoiseLevel: average', 'OutdoorSeating: True', 'RestaurantsAttire: casual', 'RestaurantsDelivery: False', 'RestaurantsGoodForGroups: True', 'RestaurantsPriceRange2: 2', 'RestaurantsReservations: False', 'RestaurantsTableService: True', 'RestaurantsTakeOut: True', 'WheelchairAccessible: True', 'WiFi: free']",-79.9809286,2329 Penn Ave,15222,PA,1,I26PLVBABlTcUJ8pq08p_g,business
Sushi Kim Restaurant,Pittsburgh,114,"['Monday 17:0-21:0', 'Tuesday 11:30-14:30', 'Tuesday 17:0-22:0', 'Wednesday 17:0-22:0', 'Thursday 11:30-14:30', 'Thursday 17:0-22:0', 'Friday 11:30-22:30', 'Saturday 11:30-22:30', 'Sunday 12:0-21:0']",Strip District,"['Korean', 'Restaurants', 'Sushi Bars']",40.4464777,3.0,"['Alcohol: beer_and_wine', ""Ambience: {'romantic': False, 'intimate': False, 'classy': False, 'hipster': False, 'divey': False, 'touristy': False, 'trendy': False, 'upscale': False, 'casual': True}"", 'BikeParking: True', 'BusinessAcceptsCreditCards: True', ""BusinessParking: {'garage': False, 'street': True, 'validated': False, 'lot': False, 'valet': False}"", 'Caters: True', 'GoodForKids: True', ""GoodForMeal: {'dessert': False, 'latenight': False, 'lunch': False, 'dinner': True, 'breakfast': False, 'brunch': False}"", 'HasTV: False', 'NoiseLevel: quiet', 'OutdoorSeating: False', 'RestaurantsAttire: casual', 'RestaurantsDelivery: False', 'RestaurantsGoodForGroups: True', 'RestaurantsPriceRange2: 2', 'RestaurantsReservations: True', 'RestaurantsTableService: True', 'RestaurantsTakeOut: True', 'WheelchairAccessible: True', 'WiFi: no']",-79.9916741,1241 Penn Ave,15222,PA,1,AspFf1d9sRaUloPJAHMqAg,business
Spaghetti Warehouse,Pittsburgh,99,"['Monday 11:0-22:0', 'Tuesday 11:0-22:0', 'Wednesday 11:0-22:0', 'Thursday 11:0-22:0', 'Friday 11:0-23:0', 'Saturday 11:0-23:0', 'Sunday 11:0-22:0']",Strip District,"['Italian', 'Restaurants']",40.455916,2.5,"['Alcohol: full_bar', ""Ambience: {'romantic': False, 'intimate': False, 'classy': False, 'hipster': False, 'divey': False, 'touristy': False, 'trendy': False, 'upscale': False, 'casual': True}"", 'BikeParking: True', 'BusinessAcceptsCreditCards: True', ""BusinessParking: {'garage': False, 'street': False, 'validated': False, 'lot': True, 'valet': False}"", 'Caters: True', 'GoodForKids: True', ""GoodForMeal: {'dessert': False, 'latenight': False, 'lunch': False, 'dinner': True, 'breakfast': False, 'brunch': False}"", 'HasTV: True', 'NoiseLevel: average', 'OutdoorSeating: False', 'RestaurantsAttire: casual', 'RestaurantsDelivery: False', 'RestaurantsGoodForGroups: True', 'RestaurantsPriceRange2: 2', 'RestaurantsReservations: True', 'RestaurantsTableService: True', 'RestaurantsTakeOut: True', 'WheelchairAccessible: True', 'WiFi: no']",-79.979271,2601 Smallman St,15222,PA,0,GbcFCQp9VmgMaW_jaMAq_Q,business
Il Mercato,Pittsburgh,3,,Strip District,"['Food', 'Nightlife', 'Seafood', 'Bars', 'Restaurants']",40.4543526,3.5,"['BusinessAcceptsCreditCards: True', ""BusinessParking: {'garage': False, 'street': True, 'validated': False, 'lot': False, 'valet': False}"", 'RestaurantsPriceRange2: 2', 'WheelchairAccessible: True']",-79.9828179,2349 Railroad St,15222,PA,0,5JpT-YazYAR1V8wRk4tV6g,business
Restaurant Bitoque,Montréal,23,"['Tuesday 17:0-22:0', 'Wednesday 17:0-22:0', 'Thursday 17:0-22:0', 'Friday 17:0-23:0', 'Saturday 17:0-23:0', 'Sunday 17:0-23:0']",Sud-Ouest,"['Portuguese', 'Restaurants']",45.479332,3.5,"['Alcohol: full_bar', 'BusinessAcceptsCreditCards: True', ""BusinessParking: {'garage': False, 'street': True, 'validated': False, 'lot': False, 'valet': False}"", 'Caters: False', 'DogsAllowed: False', 'GoodForKids: True', ""GoodForMeal: {'dessert': False, 'latenight': False, 'lunch': False, 'dinner': False, 'breakfast': False, 'brunch': False}"", 'HasTV: False', 'NoiseLevel: average', 'OutdoorSeating: False', 'RestaurantsAttire: casual', 'RestaurantsDelivery: False', 'RestaurantsGoodForGroups: True', 'RestaurantsPriceRange2: 3', 'RestaurantsReservations: True', 'RestaurantsTableService: True', 'RestaurantsTakeOut: False', 'WheelchairAccessible: True', 'WiFi: free']",-73.581482,3706 Notre-Dame Rue O,H4C 1P7,QC,1,6qZ7ENuqaPqwuttURXQSWg,business
Mr Hero,Cleveland,7,"['Monday 11:0-22:0', 'Tuesday 11:0-22:0', 'Wednesday 11:0-22:0', 'Thursday 11:0-22:0', 'Friday 11:0-22:0', 'Saturday 12:0-22:0', 'Sunday 12:0-21:0']",Clark-Fulton,"['Delis', 'Sandwiches', 'Restaurants', 'Burgers']",41.4697440299,4.5,"['BusinessAcceptsCreditCards: True', 'GoodForKids: True', ""GoodForMeal: {'dessert': False, 'latenight': False, 'lunch': False, 'dinner': False, 'breakfast': False, 'brunch': False}"", 'OutdoorSeating: False', 'RestaurantsAttire: casual', 'RestaurantsPriceRange2: 1', 'RestaurantsReservations: False', 'RestaurantsTableService: False', 'RestaurantsTakeOut: True', 'WheelchairAccessible: True', 'WiFi: free']",-81.69949385,3101 W 25th St,44109,OH,1,eGt0GhiFS0FPJNRGJkp0fw,business
Spice And Aroma,Toronto,5,,Chinatown,"['Hot Pot', 'Restaurants', 'Chinese', 'Food Delivery Services', 'Food']",43.6564695862,4.0,"['BikeParking: False', 'Caters: False', 'GoodForKids: True', ""GoodForMeal: {'dessert': False, 'latenight': False, 'lunch': False, 'dinner': False, 'breakfast': False, 'brunch': False}"", 'HasTV: True', 'NoiseLevel: loud', 'OutdoorSeating: False', 'RestaurantsAttire: casual', 'RestaurantsGoodForGroups: True', 'RestaurantsPriceRange2: 2', 'RestaurantsReservations: False', 'RestaurantsTableService: False', 'RestaurantsTakeOut: True', 'WiFi: free', ""Ambience: {'romantic': False, 'intimate': False, 'classy': False, 'hipster': False, 'touristy': False, 'trendy': False, 'upscale': False, 'casual': False}"", 'RestaurantsDelivery: False']",-79.3991608089,387 Spadina Avenue,M5T 2G6,ON,1,KynXf-SiyaxrnJ4w9bhfUw,business
El Cazador,North Las Vegas,16,,,"['Restaurants', 'Mexican']",36.1959883,4.0,"['Alcohol: beer_and_wine', ""Ambience: {'romantic': False, 'intimate': False, 'classy': False, 'hipster': False, 'divey': False, 'touristy': False, 'trendy': False, 'upscale': False, 'casual': False}"", 'BikeParking: False', 'BusinessAcceptsCreditCards: True', ""BusinessParking: {'garage': False, 'street': False, 'validated': False, 'lot': False, 'valet': False}"", 'GoodForKids: True', ""GoodForMeal: {'dessert': False, 'latenight': False, 'lunch': True, 'dinner': False, 'breakfast': False, 'brunch': False}"", 'HasTV: True', 'NoiseLevel: average', 'OutdoorSeating: False', 'RestaurantsAttire: casual', 'RestaurantsDelivery: False', 'RestaurantsGoodForGroups: True', 'RestaurantsPriceRange2: 2', 'RestaurantsReservations: False', 'RestaurantsTableService: True', 'RestaurantsTakeOut: True', 'WheelchairAccessible: True', 'WiFi: free']",-115.1269814,1108 E Lake Mead Blvd,89030,NV,1,vXNMO4APx3TfVLWkqZSUMw,business
Sushi Fiji,Montréal,3,"['Monday 11:0-21:0', 'Tuesday 11:0-21:0', 'Wednesday 11:0-21:0', 'Thursday 11:0-21:0', 'Friday 11:0-21:0', 'Saturday 12:0-21:0', 'Sunday 12:0-21:0']",Plateau-Mont-Royal,"['Japanese', 'Sushi Bars', 'Restaurants']",45.5206614,4.0,"[""Ambience: {'romantic': False, 'intimate': False, 'classy': False, 'hipster': False, 'touristy': False, 'trendy': False, 'upscale': False, 'casual': False}"", ""GoodForMeal: {'dessert': False, 'latenight': False, 'lunch': False, 'dinner': False, 'breakfast': False, 'brunch': False}""]",-73.5985036,5235 Avenue du Parc,H2V 4G9,QC,1,uNgc0cSJ4PVHMbt-MpPTUQ,business
Subway,Las Vegas,21,"['Monday 0:0-0:0', 'Tuesday 0:0-0:0', 'Wednesday 0:0-0:0', 'Thursday 0:0-0:0', 'Friday 0:0-0:0', 'Saturday 0:0-0:0', 'Sunday 0:0-0:0']",Southwest,"['Restaurants', 'Sandwiches', 'Fast Food', 'Soup']",35.9974897,2.5,"['Alcohol: none', ""Ambience: {'romantic': False, 'intimate': False, 'classy': False, 'hipster': False, 'divey': False, 'touristy': False, 'trendy': False, 'upscale': False, 'casual': False}"", 'BikeParking: True', 'BusinessAcceptsBitcoin: False', 'BusinessAcceptsCreditCards: True', ""BusinessParking: {'garage': False, 'street': False, 'validated': False, 'lot': True, 'valet': False}"", 'Caters: True', 'DogsAllowed: True', 'DriveThru: False', 'GoodForKids: True', ""GoodForMeal: {'dessert': False, 'latenight': False, 'lunch': False, 'dinner': False, 'breakfast': False, 'brunch': False}"", 'HasTV: False', 'NoiseLevel: quiet', 'OutdoorSeating: False', 'RestaurantsAttire: casual', 'RestaurantsDelivery: True', 'RestaurantsGoodForGroups: False', 'RestaurantsPriceRange2: 1', 'RestaurantsReservations: False', 'RestaurantsTableService: False', 'RestaurantsTakeOut: True', 'WheelchairAccessible: True', 'WiFi: no']",-115.2056326,"10550 S Highlands Pkwy, Ste 100",89141,NV,1,PrFfdw7WuGAnrkyAIzX65g,business
Samurai Sam's,Scottsdale,18,"['Monday 10:0-20:0', 'Tuesday 10:0-20:0', 'Wednesday 10:0-20:0', 'Thursday 10:0-20:0', 'Friday 10:0-20:0', 'Saturday 10:0-20:0']",,"['Japanese', 'Restaurants']",33.5733663,3.5,"['Alcohol: none', ""Ambience: {'romantic': False, 'intimate': False, 'classy': False, 'hipster': False, 'divey': False, 'touristy': False, 'trendy': False, 'upscale': False, 'casual': True}"", 'BikeParking: True', 'BusinessAcceptsCreditCards: True', ""BusinessParking: {'garage': False, 'street': False, 'validated': False, 'lot': True, 'valet': False}"", 'Caters: True', 'GoodForKids: True', ""GoodForMeal: {'dessert': False, 'latenight': False, 'lunch': True, 'dinner': False, 'breakfast': False, 'brunch': False}"", 'HasTV: True', 'NoiseLevel: average', 'OutdoorSeating: True', 'RestaurantsAttire: casual', 'RestaurantsDelivery: False', 'RestaurantsGoodForGroups: True', 'RestaurantsPriceRange2: 1', 'RestaurantsReservations: False', 'RestaurantsTableService: False', 'RestaurantsTakeOut: True', 'WheelchairAccessible: False', 'WiFi: no']",-111.8626899,10105 East Via Linda,85258,AZ,1,qq1ux1zmCEmFfUOq538j8g,business
Miracle Mile Deli,Phoenix,5,,,"['Shopping Centers', 'Shopping', 'Delis', 'Restaurants']",33.449188,4.0,"['RestaurantsTableService: False', 'RestaurantsTakeOut: True', 'WheelchairAccessible: True']",-112.0772,9 Park Central Mall,85003,AZ,0,QB3y9F9SByx_s6oKSTaSsQ,business
Einstein Bros Bagels,Phoenix,19,"['Monday 5:0-17:0', 'Tuesday 5:0-17:0', 'Wednesday 5:0-17:0', 'Thursday 5:0-17:0', 'Friday 5:0-17:0', 'Saturday 6:0-16:0', 'Sunday 6:0-15:0']",,"['Restaurants', 'Food', 'Breakfast & Brunch', 'Delis', 'Bagels']",33.639741,2.5,"['Alcohol: none', ""Ambience: {'romantic': False, 'intimate': False, 'classy': False, 'hipster': False, 'divey': False, 'touristy': False, 'trendy': False, 'upscale': False, 'casual': True}"", 'BikeParking: True', 'BusinessAcceptsCreditCards: True', ""BusinessParking: {'garage': False, 'street': False, 'validated': False, 'lot': True, 'valet': False}"", 'Caters: True', 'GoodForKids: True', ""GoodForMeal: {'dessert': False, 'latenight': False, 'lunch': True, 'dinner': False, 'breakfast': True, 'brunch': True}"", 'HasTV: False', 'NoiseLevel: average', 'OutdoorSeating: True', 'RestaurantsAttire: casual', 'RestaurantsDelivery: False', 'RestaurantsGoodForGroups: True', 'RestaurantsPriceRange2: 1', 'RestaurantsReservations: False', 'RestaurantsTableService: False', 'RestaurantsTakeOut: True', 'WiFi: free']",-112.152326,"4304 W Bell Rd, Ste B",85003,AZ,1,eVNio5bnzrLPuebbgnKVzw,business
HoneyBaked Ham,Charlotte,7,"['Monday 9:0-18:0', 'Tuesday 9:0-18:0', 'Wednesday 9:0-18:0', 'Thursday 9:0-18:0', 'Friday 9:0-18:0', 'Saturday 10:0-18:0', 'Sunday 11:0-17:0']",,"['Cafes', 'Restaurants', 'Sandwiches', 'Caterers', 'Food', 'Meat Shops', 'Specialty Food', 'Delis', 'Event Planning & Services']",35.086169,4.0,"['Alcohol: none', ""Ambience: {'romantic': False, 'intimate': False, 'classy': False, 'hipster': False, 'divey': False, 'touristy': False, 'trendy': False, 'upscale': False, 'casual': False}"", 'BusinessAcceptsCreditCards: True', ""BusinessParking: {'garage': False, 'street': False, 'validated': False, 'lot': False, 'valet': False}"", 'GoodForKids: True', ""GoodForMeal: {'dessert': False, 'latenight': False, 'lunch': False, 'dinner': False, 'breakfast': False, 'brunch': False}"", 'NoiseLevel: quiet', 'OutdoorSeating: False', 'RestaurantsAttire: casual', 'RestaurantsDelivery: False', 'RestaurantsGoodForGroups: False', 'RestaurantsPriceRange2: 2', 'RestaurantsReservations: False', 'RestaurantsTableService: False', 'RestaurantsTakeOut: True']",-80.849874,7649  Pineville Matthews Rd.,28226,NC,1,x2iDANjTtHvhCPJ2EzlMCQ,business
Cips Sports Bar,Pittsburgh,5,"['Monday 16:0-2:0', 'Tuesday 16:0-2:0', 'Wednesday 16:0-2:0', 'Thursday 16:0-2:0', 'Friday 11:0-2:0', 'Saturday 11:0-2:0', 'Sunday 11:0-2:0']",Dormont,"['American (Traditional)', 'Bars', 'Sports Bars', 'Nightlife', 'Restaurants']",40.3927151,3.0,"['Alcohol: full_bar', ""Ambience: {'romantic': False, 'intimate': False, 'classy': False, 'hipster': False, 'divey': False, 'touristy': False, 'trendy': False, 'upscale': False, 'casual': False}"", 'BusinessAcceptsCreditCards: True', ""BusinessParking: {'garage': False, 'street': False, 'validated': False, 'lot': False, 'valet': False}"", 'Caters: False', 'CoatCheck: False', 'GoodForDancing: False', 'GoodForKids: True', ""GoodForMeal: {'dessert': False, 'latenight': False, 'lunch': False, 'dinner': False, 'breakfast': False, 'brunch': False}"", 'HasTV: True', 'NoiseLevel: loud', 'OutdoorSeating: False', 'RestaurantsAttire: casual', 'RestaurantsDelivery: False', 'RestaurantsGoodForGroups: True', 'RestaurantsPriceRange2: 2', 'RestaurantsTableService: True', 'RestaurantsTakeOut: True', 'Smoking: no', 'WiFi: free']",-80.0372474,3023 W  Liberty Ave,15216,PA,0,dUqWP5lD4ubaNahijWJ_YQ,business
Avon Brewing Company,Avon,22,"['Tuesday 11:0-0:0', 'Wednesday 11:0-0:0', 'Thursday 11:0-0:0', 'Friday 11:0-0:0', 'Saturday 11:0-0:0']",,"['Food', 'Nightlife', 'American (Traditional)', 'Salad', 'Breweries', 'Gastropubs', 'Bars', 'Sandwiches', 'Restaurants', 'Beer Bar']",41.4516222,3.0,"[""Ambience: {'romantic': False, 'intimate': False, 'classy': False, 'hipster': False, 'divey': False, 'touristy': False, 'trendy': False, 'upscale': False, 'casual': False}"", 'BusinessAcceptsCreditCards: True', 'GoodForDancing: False', 'GoodForKids: False', ""GoodForMeal: {'dessert': False, 'latenight': False, 'lunch': False, 'dinner': False, 'breakfast': False, 'brunch': False}"", 'HappyHour: True', 'HasTV: True', 'RestaurantsAttire: casual', 'RestaurantsDelivery: False', 'RestaurantsGoodForGroups: True', 'RestaurantsPriceRange2: 2', 'RestaurantsReservations: True', 'RestaurantsTakeOut: True', ""BusinessParking: {'garage': False, 'street': False, 'validated': False, 'lot': False, 'valet': False}"", 'BikeParking: True']",-82.0354909,37040 Detroit Rd,44011,OH,1,y-510QoccKhLxLL-VN_pig,business
Pizza Pizza,Toronto,10,"['Monday 11:0-2:0', 'Tuesday 11:0-2:0', 'Wednesday 11:0-2:0', 'Thursday 11:0-3:0', 'Friday 11:0-3:0', 'Saturday 11:0-3:0', 'Sunday 11:0-2:0']",Church-Wellesley Village,"['Pizza', 'Restaurants']",43.6659478,2.5,"['Alcohol: none', ""Ambience: {'romantic': False, 'intimate': False, 'classy': False, 'hipster': False, 'touristy': False, 'trendy': False, 'upscale': False, 'casual': False}"", 'BikeParking: True', 'BusinessAcceptsCreditCards: True', ""BusinessParking: {'garage': False, 'street': False, 'validated': False, 'lot': False, 'valet': False}"", 'Caters: True', 'GoodForKids: True', ""GoodForMeal: {'dessert': False, 'latenight': False, 'lunch': False, 'dinner': False, 'breakfast': False, 'brunch': False}"", 'HasTV: True', 'NoiseLevel: loud', 'OutdoorSeating: False', 'RestaurantsAttire: casual', 'RestaurantsDelivery: True', 'RestaurantsGoodForGroups: True', 'RestaurantsPriceRange2: 1', 'RestaurantsReservations: False', 'RestaurantsTableService: False', 'RestaurantsTakeOut: True', 'WiFi: paid']",-79.3806846,68 Wellesley Street E,M4Y 1H2,ON,1,V_P9yqnmr9Ol42VWfFjW4g,business
Pennsbury Pub & Grill,Pittsburgh,13,"['Monday 11:0-2:0', 'Tuesday 11:0-2:0', 'Wednesday 11:0-2:0', 'Thursday 11:0-2:0', 'Friday 11:0-2:0', 'Saturday 11:0-2:0', 'Sunday 11:0-2:0']",,"['American (New)', 'Bars', 'Restaurants', 'Pubs', 'Nightlife']",40.4294453,3.5,"['BikeParking: False', 'BusinessAcceptsCreditCards: True', 'GoodForDancing: False', 'GoodForKids: True', ""GoodForMeal: {'dessert': False, 'latenight': False, 'lunch': False, 'dinner': False, 'breakfast': False, 'brunch': False}"", 'HappyHour: True', 'HasTV: True', 'OutdoorSeating: False', 'RestaurantsAttire: casual', 'RestaurantsDelivery: False', 'RestaurantsGoodForGroups: True', 'RestaurantsPriceRange2: 1', 'RestaurantsReservations: False', 'RestaurantsTakeOut: True']",-80.0993103,1049 Pennsbury Blvd,15205,PA,1,xcjEnqXQU4a6FfomtQR9tQ,business
Il Carpaccio,Gerlingen,3,"['Monday 11:30-14:30', 'Monday 17:30-23:0', 'Tuesday 11:30-14:30', 'Tuesday 17:30-23:0', 'Wednesday 11:30-14:30', 'Wednesday 17:30-23:0', 'Thursday 11:30-14:30', 'Thursday 17:30-23:0', 'Friday 11:30-14:30', 'Friday 17:30-23:0', 'Saturday 11:30-14:30', 'Sunday 11:30-14:30', 'Sunday 17:30-23:0']",,"['Italian', 'Restaurants']",48.8064932,2.0,"[""Ambience: {'romantic': False, 'intimate': False, 'classy': False, 'hipster': False, 'touristy': False, 'trendy': False, 'upscale': False, 'casual': False}"", 'GoodForKids: False', ""GoodForMeal: {'dessert': False, 'latenight': False, 'lunch': False, 'dinner': False, 'breakfast': False, 'brunch': False}"", 'HasTV: False', 'RestaurantsAttire: casual', 'RestaurantsDelivery: False', 'RestaurantsGoodForGroups: True', 'RestaurantsPriceRange2: 2', 'RestaurantsReservations: True', 'RestaurantsTakeOut: True', 'WiFi: no']",9.071732,Dieselstr. 31,70839,BW,1,W8ipANpPBdXdRfsGXDAdZw,business
Chez Fourna,Montréal,3,,Ville-Marie,"['Lebanese', 'Restaurants', 'Middle Eastern']",45.5009429,4.5,"['BusinessAcceptsCreditCards: True', 'GoodForKids: True', 'RestaurantsAttire: casual', 'RestaurantsDelivery: False', 'RestaurantsReservations: False', 'RestaurantsTakeOut: True']",-73.5721816,977 Ste-Catherine,H3B 4W3,QC,1,Eu8UHz3F44ZGrT3OhKpJ_Q,business
Flyjin,Montréal,37,"['Wednesday 19:0-23:0', 'Thursday 19:0-23:0', 'Friday 19:0-23:0', 'Saturday 19:0-23:0']",Ville-Marie,"['Cafes', 'Japanese', 'Restaurants', 'Food', 'Coffee & Tea']",45.5015198,3.5,"['Alcohol: full_bar', ""Ambience: {'romantic': False, 'intimate': False, 'classy': False, 'hipster': False, 'touristy': False, 'trendy': True, 'upscale': False, 'casual': False}"", 'BikeParking: True', 'BusinessAcceptsCreditCards: True', ""BusinessParking: {'garage': False, 'street': True, 'validated': False, 'lot': False, 'valet': False}"", 'Caters: False', 'GoodForKids: False', ""GoodForMeal: {'dessert': False, 'latenight': True, 'lunch': False, 'dinner': False, 'breakfast': False, 'brunch': False}"", 'HasTV: False', 'NoiseLevel: loud', 'OutdoorSeating: False', 'RestaurantsAttire: dressy', 'RestaurantsDelivery: False', 'RestaurantsGoodForGroups: True', 'RestaurantsPriceRange2: 3', 'RestaurantsReservations: True', 'RestaurantsTableService: True', 'RestaurantsTakeOut: False', 'WheelchairAccessible: False', 'WiFi: free']",-73.5567037,417 Rue Saint-Pierre,H2Y 2M3,QC,1,OSXpi4u9RZfWq1FZt5qG0w,business
IHOP,Gastonia,15,"['Monday 6:0-0:0', 'Tuesday 6:0-0:0', 'Wednesday 6:0-0:0', 'Thursday 6:0-0:0', 'Friday 0:0-0:0', 'Saturday 0:0-0:0', 'Sunday 6:0-0:0']",,"['Restaurants', 'Breakfast & Brunch', 'American (Traditional)']",35.2658915,3.0,"['Alcohol: none', ""Ambience: {'romantic': False, 'intimate': False, 'classy': False, 'hipster': False, 'divey': False, 'touristy': False, 'trendy': False, 'upscale': False, 'casual': True}"", 'BikeParking: False', 'BusinessAcceptsCreditCards: True', ""BusinessParking: {'garage': False, 'street': False, 'validated': False, 'lot': True, 'valet': False}"", 'Caters: False', 'GoodForKids: True', ""GoodForMeal: {'dessert': False, 'latenight': False, 'lunch': False, 'dinner': False, 'breakfast': True, 'brunch': False}"", 'HasTV: False', 'NoiseLevel: average', 'OutdoorSeating: False', 'RestaurantsAttire: casual', 'RestaurantsDelivery: False', 'RestaurantsGoodForGroups: True', 'RestaurantsPriceRange2: 1', 'RestaurantsReservations: False', 'RestaurantsTableService: True', 'RestaurantsTakeOut: True', 'WiFi: no']",-81.1327466,504 Cox Rd,28054,NC,1,nMl2QWpH3J0r0-rdjBSefA,business
Upper Crust Bar & Social Club,Davidson,20,"['Wednesday 16:0-23:0', 'Thursday 16:0-23:0', 'Friday 16:0-0:0', 'Saturday 16:0-0:0']",,"['Cocktail Bars', 'Bars', 'Nightlife', 'Restaurants', 'Seafood', 'Sports Bars']",35.4979941,3.5,"['Alcohol: full_bar', ""Ambience: {'romantic': False, 'intimate': False, 'classy': False, 'hipster': False, 'divey': False, 'touristy': False, 'trendy': False, 'upscale': False, 'casual': False}"", 'BikeParking: True', 'BusinessAcceptsCreditCards: True', ""BusinessParking: {'garage': False, 'street': False, 'validated': False, 'lot': False, 'valet': False}"", 'GoodForDancing: False', 'GoodForKids: False', 'HappyHour: False', 'HasTV: True', ""Music: {'dj': False, 'background_music': False, 'no_music': False, 'karaoke': False, 'live': True, 'video': False, 'jukebox': False}"", 'NoiseLevel: average', 'OutdoorSeating: False', 'RestaurantsAttire: dressy', 'RestaurantsDelivery: False', 'RestaurantsGoodForGroups: True', 'RestaurantsReservations: True', 'RestaurantsTableService: True', 'RestaurantsTakeOut: False', 'RestaurantsPriceRange2: 2']",-80.8494036,208 S Main St,28036,NC,1,MlRbpYTrE7V1nKhT7eGUjg,business
Big Jim's Roadhouse,Hendersonville,13,"['Monday 11:0-21:0', 'Tuesday 11:0-21:0', 'Wednesday 11:0-21:0', 'Thursday 11:0-21:0', 'Friday 11:0-22:0', 'Saturday 15:0-22:0']",,"['American (Traditional)', 'Restaurants']",40.2999523986,4.0,"['Alcohol: full_bar', ""Ambience: {'romantic': False, 'intimate': False, 'classy': False, 'hipster': False, 'divey': False, 'touristy': False, 'trendy': False, 'upscale': False, 'casual': False}"", 'BikeParking: True', 'BusinessAcceptsCreditCards: True', ""BusinessParking: {'garage': False, 'street': False, 'validated': False, 'lot': True, 'valet': False}"", 'Caters: True', 'GoodForKids: True', ""GoodForMeal: {'dessert': False, 'latenight': False, 'lunch': False, 'dinner': False, 'breakfast': False, 'brunch': False}"", 'HasTV: True', 'NoiseLevel: average', 'OutdoorSeating: False', 'RestaurantsAttire: casual', 'RestaurantsDelivery: False', 'RestaurantsGoodForGroups: True', 'RestaurantsPriceRange2: 2', 'RestaurantsReservations: False', 'RestaurantsTableService: True', 'RestaurantsTakeOut: True', 'WiFi: no']",-80.1524734497,10 Cecil Henderson Rd,15339,PA,1,tzUwZKhtDX7QixvXex-wZw,business
Day & Night Angus Steak Raw Bar,Markham,59,"['Monday 17:0-1:0', 'Tuesday 17:0-1:0', 'Wednesday 17:0-1:0', 'Thursday 17:0-1:0', 'Friday 17:0-1:0', 'Saturday 17:0-1:0', 'Sunday 17:0-1:0']",Unionville,"['Steakhouses', 'Seafood', 'Restaurants']",43.8706434,3.5,"['Alcohol: full_bar', ""Ambience: {'romantic': True, 'intimate': False, 'classy': False, 'hipster': False, 'touristy': False, 'trendy': False, 'upscale': False, 'casual': False}"", 'BikeParking: True', 'BusinessAcceptsCreditCards: True', ""BusinessParking: {'garage': False, 'street': False, 'validated': False, 'lot': True, 'valet': False}"", 'Caters: False', 'GoodForKids: False', ""GoodForMeal: {'dessert': False, 'latenight': False, 'lunch': False, 'dinner': True, 'breakfast': False, 'brunch': False}"", 'HasTV: False', 'NoiseLevel: quiet', 'OutdoorSeating: True', 'RestaurantsAttire: casual', 'RestaurantsDelivery: False', 'RestaurantsGoodForGroups: True', 'RestaurantsPriceRange2: 3', 'RestaurantsReservations: True', 'RestaurantsTableService: True', 'RestaurantsTakeOut: False', 'WiFi: no']",-79.304152,548 Carlton Road,L3R 0C6,ON,1,hlwTMF6p-iCZKY89YcBTXg,business
Sea Stone,Las Vegas,4,,Westside,"['Asian Fusion', 'Restaurants', 'Sushi Bars']",36.1607779,3.0,"['Alcohol: full_bar', 'BusinessAcceptsCreditCards: True', ""BusinessParking: {'garage': False, 'street': False, 'validated': False, 'lot': False, 'valet': False}"", 'GoodForKids: False', ""GoodForMeal: {'dessert': False, 'latenight': False, 'lunch': False, 'dinner': False, 'breakfast': False, 'brunch': False}"", 'OutdoorSeating: True', 'RestaurantsAttire: casual', 'RestaurantsGoodForGroups: True', 'RestaurantsPriceRange2: 2', 'RestaurantsReservations: True', 'RestaurantsTableService: True', 'WheelchairAccessible: True']",-115.2914106,1050 S Rampart Blvd,89145,NV,0,Q-uKlL1dEX8CBISwGAXDrw,business
San Francesco Foods - Clinton,Toronto,42,"['Monday 9:0-21:0', 'Tuesday 9:0-21:0', 'Wednesday 9:0-21:0', 'Thursday 9:0-22:0', 'Friday 9:0-23:0', 'Saturday 9:0-23:0', 'Sunday 9:0-22:0']",Little Italy,"['Restaurants', 'Pizza', 'Sandwiches', 'Italian']",43.6537655,4.0,"['Alcohol: none', ""Ambience: {'romantic': False, 'intimate': False, 'classy': False, 'hipster': False, 'touristy': False, 'trendy': False, 'upscale': False, 'casual': True}"", 'BikeParking: True', 'BusinessAcceptsCreditCards: True', ""BusinessParking: {'garage': False, 'street': True, 'validated': False, 'lot': False, 'valet': False}"", 'Caters: True', 'DogsAllowed: False', 'GoodForKids: True', ""GoodForMeal: {'dessert': False, 'latenight': False, 'lunch': True, 'dinner': True, 'breakfast': False, 'brunch': False}"", 'HasTV: True', 'NoiseLevel: average', 'OutdoorSeating: False', 'RestaurantsAttire: casual', 'RestaurantsDelivery: True', 'RestaurantsGoodForGroups: False', 'RestaurantsPriceRange2: 1', 'RestaurantsReservations: False', 'RestaurantsTableService: False', 'RestaurantsTakeOut: True', 'WheelchairAccessible: False', 'WiFi: no']",-79.4133199,10 Clinton Street,M6J 2N8,ON,1,NOKaVqvi4hI8RgGjFCFIAg,business
FountainPark,Edinburgh,21,"['Monday 9:0-0:30', 'Tuesday 9:0-0:30', 'Wednesday 9:0-0:30', 'Thursday 9:0-0:30', 'Friday 9:0-0:30', 'Saturday 9:0-0:30', 'Sunday 9:0-0:30']",,"['Arts & Entertainment', 'Shopping', 'Cinema', 'Nightlife', 'Shopping Centers', 'Restaurants']",55.9412846035,3.5,"['BikeParking: True', ""BusinessParking: {'garage': True, 'street': False, 'lot': False, 'valet': False}"", 'GoodForKids: True', 'RestaurantsPriceRange2: 2', 'WheelchairAccessible: True']",-3.2170839406,130 Dundee Street,EH11 1AF,EDH,1,_rJa2ixV89s1vmhtPouBXQ,business
McDonald's,Glendale,7,,,"['Restaurants', 'Burgers', 'Fast Food']",33.636891,2.5,"['BusinessAcceptsCreditCards: True', 'DriveThru: True', 'GoodForKids: True', ""GoodForMeal: {'dessert': False, 'latenight': False, 'lunch': False, 'dinner': False, 'breakfast': False, 'brunch': False}"", 'HasTV: False', 'OutdoorSeating: True', 'RestaurantsAttire: casual', 'RestaurantsDelivery: False', 'RestaurantsGoodForGroups: True', 'RestaurantsPriceRange2: 1', 'RestaurantsReservations: False', 'RestaurantsTakeOut: True']",-112.184398,5845 W Bell Rd,85308,AZ,1,k8PmUlLzZQSTb2lxE1AlzA,business
Moosehead Grill,Amherst,28,"['Monday 16:0-20:30', 'Tuesday 11:30-20:30', 'Wednesday 11:30-20:30', 'Thursday 11:30-20:30', 'Friday 11:30-21:30', 'Saturday 12:0-21:30', 'Sunday 12:0-20:0']",,"['American (New)', 'Restaurants', 'Barbeque']",41.3844136,3.5,"['Alcohol: full_bar', ""Ambience: {'romantic': False, 'intimate': False, 'classy': False, 'hipster': False, 'divey': False, 'touristy': False, 'trendy': False, 'upscale': False, 'casual': True}"", 'BikeParking: False', 'BusinessAcceptsCreditCards: True', ""BusinessParking: {'garage': False, 'street': False, 'validated': False, 'lot': True, 'valet': False}"", 'Caters: True', 'GoodForKids: True', ""GoodForMeal: {'dessert': False, 'latenight': False, 'lunch': True, 'dinner': True, 'breakfast': False, 'brunch': False}"", 'HasTV: True', 'NoiseLevel: loud', 'OutdoorSeating: False', 'RestaurantsAttire: casual', 'RestaurantsDelivery: False', 'RestaurantsGoodForGroups: True', 'RestaurantsPriceRange2: 2', 'RestaurantsReservations: True', 'RestaurantsTableService: True', 'RestaurantsTakeOut: True', 'WheelchairAccessible: True']",-82.2110783,7660 Leavitt Rd,44001,OH,1,vWKx7aOkg1wYjMBF57jFrw,business
Court House Cafe,Phoenix,4,,,"['Sandwiches', 'Restaurants']",33.4500119,4.0,['RestaurantsPriceRange2: 1'],-112.0756189,"111 W Monroe St, Ste 300",85003,AZ,0,XGceA6cfprg5G7CnUCiADQ,business
500 Degrees New York Style Pizzeria,Charlotte,103,"['Monday 11:0-21:0', 'Tuesday 11:0-21:0', 'Wednesday 11:0-21:0', 'Thursday 11:0-21:0', 'Friday 11:0-23:0', 'Saturday 11:0-22:0']",,"['Pizza', 'Restaurants']",35.1533683,4.5,"['Alcohol: none', ""Ambience: {'romantic': False, 'intimate': False, 'classy': False, 'hipster': False, 'divey': False, 'touristy': False, 'trendy': False, 'upscale': False, 'casual': True}"", 'BikeParking: True', 'BusinessAcceptsCreditCards: True', ""BusinessParking: {'garage': False, 'street': False, 'validated': False, 'lot': True, 'valet': False}"", 'Caters: True', 'GoodForKids: True', ""GoodForMeal: {'dessert': False, 'latenight': False, 'lunch': True, 'dinner': False, 'breakfast': False, 'brunch': False}"", 'HasTV: True', 'NoiseLevel: average', 'OutdoorSeating: False', 'RestaurantsAttire: casual', 'RestaurantsDelivery: True', 'RestaurantsGoodForGroups: True', 'RestaurantsPriceRange2: 1', 'RestaurantsReservations: False', 'RestaurantsTableService: True', 'RestaurantsTakeOut: True', 'WheelchairAccessible: True', 'WiFi: free']",-80.8752317,6037 South Blvd,28217,NC,1,Yc5_nA9NqqxOp8WCugF-Ng,business
Fort Mill Family Restaurant,Fort Mill,43,"['Tuesday 6:0-15:0', 'Wednesday 6:0-15:0', 'Thursday 6:0-21:0', 'Friday 6:0-21:0', 'Saturday 6:0-21:0', 'Sunday 6:0-15:0']",,"['Breakfast & Brunch', 'American (New)', 'American (Traditional)', 'Restaurants', 'Diners']",35.0087239,4.0,"['Alcohol: none', ""Ambience: {'romantic': False, 'intimate': False, 'classy': False, 'hipster': False, 'divey': False, 'touristy': False, 'trendy': False, 'upscale': False, 'casual': True}"", 'BikeParking: True', 'BusinessAcceptsCreditCards: True', ""BusinessParking: {'garage': False, 'street': False, 'validated': False, 'lot': True, 'valet': False}"", 'Caters: False', 'GoodForKids: True', ""GoodForMeal: {'dessert': False, 'latenight': False, 'lunch': False, 'dinner': False, 'breakfast': True, 'brunch': False}"", 'HasTV: True', 'NoiseLevel: quiet', 'OutdoorSeating: True', 'RestaurantsAttire: casual', 'RestaurantsDelivery: False', 'RestaurantsGoodForGroups: True', 'RestaurantsPriceRange2: 1', 'RestaurantsReservations: False', 'RestaurantsTableService: True', 'RestaurantsTakeOut: True', 'WiFi: free']",-80.9149577,1359 Hwy 160 E,29715,SC,1,qe1HlnWwBfOOy76_7sirkA,business
How Lee Chinese Food,Pittsburgh,194,"['Monday 11:0-21:30', 'Tuesday 11:0-21:30', 'Wednesday 11:0-21:30', 'Thursday 11:0-21:30', 'Friday 11:0-22:0', 'Saturday 11:0-22:0', 'Sunday 12:0-21:30']",Squirrel Hill,"['Chinese', 'Restaurants']",40.4378528,4.0,"['Alcohol: none', ""Ambience: {'romantic': False, 'intimate': False, 'classy': False, 'hipster': False, 'divey': False, 'touristy': False, 'trendy': False, 'upscale': False, 'casual': True}"", 'BikeParking: True', 'BusinessAcceptsCreditCards: True', ""BusinessParking: {'garage': False, 'street': True, 'validated': False, 'lot': False, 'valet': False}"", 'Caters: False', 'GoodForKids: True', ""GoodForMeal: {'dessert': False, 'latenight': False, 'lunch': False, 'dinner': True, 'breakfast': False, 'brunch': False}"", 'HasTV: False', 'NoiseLevel: average', 'OutdoorSeating: False', 'RestaurantsAttire: casual', 'RestaurantsDelivery: True', 'RestaurantsGoodForGroups: True', 'RestaurantsPriceRange2: 2', 'RestaurantsReservations: True', 'RestaurantsTableService: True', 'RestaurantsTakeOut: True', 'WheelchairAccessible: True', 'WiFi: no']",-79.9195345,5888 Forbes Ave,15217,PA,1,BIqsItY0vyOshMpJ0I4cPg,business
Rare 120,Las Vegas,76,,Eastside,"['Restaurants', 'Steakhouses']",36.1295416,3.0,"['Alcohol: full_bar', ""Ambience: {'romantic': False, 'intimate': False, 'classy': False, 'hipster': False, 'divey': False, 'touristy': False, 'trendy': True, 'upscale': False, 'casual': False}"", 'BusinessAcceptsCreditCards: True', ""BusinessParking: {'garage': True, 'street': False, 'validated': False, 'lot': False, 'valet': False}"", 'GoodForKids: False', ""GoodForMeal: {'dessert': False, 'latenight': False, 'lunch': False, 'dinner': True, 'breakfast': False, 'brunch': False}"", 'OutdoorSeating: False', 'RestaurantsAttire: casual', 'RestaurantsDelivery: False', 'RestaurantsGoodForGroups: True', 'RestaurantsPriceRange2: 3', 'RestaurantsReservations: True', 'RestaurantsTableService: True', 'RestaurantsTakeOut: False', 'WheelchairAccessible: True']",-115.1325897,"Hard Rock Hotel and Casino, 4455 Paradise Rd",89169,NV,0,1VTezD8PLosh-FeNxSRQ7g,business
Sushi One,Mississauga,20,"['Monday 11:0-22:0', 'Tuesday 11:0-22:0', 'Wednesday 11:0-22:0', 'Thursday 11:0-22:0', 'Friday 11:0-22:0', 'Saturday 11:0-22:0', 'Sunday 11:0-21:0']",East Credit,"['Restaurants', 'Sushi Bars']",43.5920953729,3.5,"['Alcohol: beer_and_wine', ""Ambience: {'romantic': False, 'intimate': False, 'classy': False, 'hipster': False, 'touristy': False, 'trendy': False, 'upscale': False, 'casual': True}"", 'BikeParking: True', 'BusinessAcceptsCreditCards: True', ""BusinessParking: {'garage': False, 'street': False, 'validated': False, 'lot': True, 'valet': False}"", 'Caters: True', 'GoodForKids: True', ""GoodForMeal: {'dessert': False, 'latenight': False, 'lunch': True, 'dinner': False, 'breakfast': False, 'brunch': False}"", 'HasTV: False', 'NoiseLevel: quiet', 'OutdoorSeating: False', 'RestaurantsAttire: casual', 'RestaurantsDelivery: False', 'RestaurantsGoodForGroups: True', 'RestaurantsPriceRange2: 2', 'RestaurantsReservations: True', 'RestaurantsTableService: True', 'RestaurantsTakeOut: True', 'WiFi: no']",-79.6678679691,670 Eglinton Avenue W,L5R 3V2,ON,1,i12YE6eVVW3Rou3yOHk6RA,business
Joe's Crab Shack,Tempe,217,"['Monday 11:0-0:0', 'Tuesday 11:0-0:0', 'Wednesday 11:0-0:0', 'Thursday 11:0-0:0', 'Friday 11:0-0:0', 'Saturday 11:0-0:0', 'Sunday 11:0-0:0']",,"['Restaurants', 'Seafood', 'American (Traditional)']",33.3787501,3.0,"['Alcohol: full_bar', ""Ambience: {'romantic': False, 'intimate': False, 'classy': False, 'hipster': False, 'divey': False, 'touristy': False, 'trendy': False, 'upscale': False, 'casual': True}"", 'BYOB: False', 'BYOBCorkage: no', 'BikeParking: True', 'BusinessAcceptsCreditCards: True', ""BusinessParking: {'garage': False, 'street': False, 'validated': False, 'lot': True, 'valet': False}"", 'Caters: False', 'GoodForKids: True', ""GoodForMeal: {'dessert': False, 'latenight': False, 'lunch': True, 'dinner': True, 'breakfast': False, 'brunch': False}"", 'HasTV: True', 'NoiseLevel: average', 'OutdoorSeating: True', 'RestaurantsAttire: casual', 'RestaurantsDelivery: False', 'RestaurantsGoodForGroups: True', 'RestaurantsPriceRange2: 2', 'RestaurantsReservations: True', 'RestaurantsTableService: True', 'RestaurantsTakeOut: True', 'WheelchairAccessible: True', 'WiFi: no']",-111.9663674,1606 W Baseline,85283,AZ,1,JR2ma-JU1CO_xVD_p5-RPw,business
Colette Grand Cafe,Toronto,147,"['Monday 7:0-15:0', 'Monday 17:0-23:0', 'Tuesday 7:0-15:0', 'Tuesday 17:0-23:0', 'Wednesday 7:0-15:0', 'Wednesday 17:0-23:0', 'Thursday 7:0-15:0', 'Thursday 17:0-23:0', 'Friday 7:0-15:0', 'Friday 17:0-23:0', 'Saturday 7:0-23:0', 'Sunday 7:0-23:0']",,"['Restaurants', 'French', 'Coffee & Tea', 'Cafes', 'Food']",43.6428452,3.5,"['Alcohol: full_bar', ""Ambience: {'romantic': False, 'intimate': False, 'classy': False, 'hipster': False, 'touristy': False, 'trendy': True, 'upscale': False, 'casual': False}"", 'BikeParking: True', 'BusinessAcceptsCreditCards: True', ""BusinessParking: {'garage': False, 'street': True, 'validated': False, 'lot': False, 'valet': False}"", 'Caters: True', 'GoodForKids: False', ""GoodForMeal: {'dessert': False, 'latenight': False, 'lunch': False, 'dinner': False, 'breakfast': False, 'brunch': True}"", 'HasTV: False', 'NoiseLevel: average', 'OutdoorSeating: True', 'RestaurantsAttire: dressy', 'RestaurantsDelivery: False', 'RestaurantsGoodForGroups: True', 'RestaurantsPriceRange2: 3', 'RestaurantsReservations: True', 'RestaurantsTableService: True', 'RestaurantsTakeOut: False', 'WiFi: free']",-79.4016711,550 Wellington Street W,M5V 2V5,ON,1,MdjIl105vqCYUGKFSUVytA,business
Delina Restaurant,Toronto,18,,The Beach,"['Middle Eastern', 'Restaurants', 'Fast Food']",43.6687965,4.5,"['Alcohol: none', ""Ambience: {'romantic': False, 'intimate': False, 'classy': False, 'hipster': False, 'touristy': False, 'trendy': False, 'upscale': False, 'casual': False}"", 'BikeParking: True', 'BusinessAcceptsCreditCards: True', ""BusinessParking: {'garage': False, 'street': False, 'validated': False, 'lot': False, 'valet': False}"", 'Caters: True', 'DriveThru: False', 'GoodForKids: True', ""GoodForMeal: {'dessert': False, 'latenight': False, 'lunch': True, 'dinner': False, 'breakfast': False, 'brunch': False}"", 'HasTV: False', 'NoiseLevel: average', 'OutdoorSeating: True', 'RestaurantsAttire: casual', 'RestaurantsDelivery: True', 'RestaurantsGoodForGroups: True', 'RestaurantsPriceRange2: 1', 'RestaurantsReservations: False', 'RestaurantsTableService: False', 'RestaurantsTakeOut: True', 'WiFi: no']",-79.3051794,1891 Queen St E,M4L 1H3,ON,1,kktb-uIc2YjNWOdbW4ktCg,business
Birria Estilo Michoacan,Phoenix,6,,,"['Mexican', 'Restaurants']",33.4580234,4.0,"['Alcohol: none', ""Ambience: {'romantic': False, 'intimate': False, 'classy': False, 'hipster': False, 'divey': False, 'touristy': False, 'trendy': False, 'upscale': False, 'casual': False}"", 'BusinessAcceptsCreditCards: True', ""BusinessParking: {'garage': False, 'street': False, 'validated': False, 'lot': False, 'valet': False}"", 'Caters: False', 'GoodForKids: True', ""GoodForMeal: {'dessert': False, 'latenight': False, 'lunch': False, 'dinner': False, 'breakfast': False, 'brunch': False}"", 'HasTV: True', 'NoiseLevel: average', 'OutdoorSeating: False', 'RestaurantsAttire: casual', 'RestaurantsDelivery: False', 'RestaurantsGoodForGroups: True', 'RestaurantsPriceRange2: 1', 'RestaurantsReservations: False', 'RestaurantsTableService: False', 'RestaurantsTakeOut: True', 'WiFi: no']",-112.0914179,906 N 15th Ave,85007,AZ,1,5UaVi_cwnoAvIBp0g4aF2Q,business
Gloria Espresso Bar & Cafe,Toronto,13,"['Monday 8:0-19:0', 'Tuesday 8:0-19:0', 'Wednesday 8:0-19:0', 'Thursday 8:0-19:0', 'Friday 8:0-19:0', 'Saturday 8:0-19:0', 'Sunday 8:0-19:0']",High Park,"['Restaurants', 'Coffee & Tea', 'Cafes', 'Food']",43.6532229,5.0,"['Alcohol: none', ""Ambience: {'romantic': False, 'intimate': False, 'classy': False, 'hipster': True, 'touristy': False, 'trendy': False, 'upscale': False, 'casual': False}"", 'BikeParking: True', 'BusinessAcceptsCreditCards: True', ""BusinessParking: {'garage': False, 'street': True, 'validated': False, 'lot': False, 'valet': False}"", 'Caters: True', 'DogsAllowed: False', 'GoodForKids: True', ""GoodForMeal: {'dessert': False, 'latenight': False, 'lunch': False, 'dinner': False, 'breakfast': False, 'brunch': False}"", 'HasTV: False', 'NoiseLevel: quiet', 'OutdoorSeating: True', 'RestaurantsAttire: casual', 'RestaurantsDelivery: False', 'RestaurantsPriceRange2: 1', 'RestaurantsReservations: False', 'RestaurantsTableService: False', 'RestaurantsTakeOut: True', 'WheelchairAccessible: False', 'WiFi: free', 'RestaurantsGoodForGroups: False']",-79.4519268,478 Roncesvalles Avenue,M6R 2N5,ON,1,Hza5nxnDz-MEnCG-Im6-Nw,business
Restaurant India's Oven,Montréal,12,"['Monday 11:0-22:30', 'Tuesday 11:0-22:30', 'Wednesday 11:0-22:30', 'Thursday 11:0-22:30', 'Friday 11:0-23:0', 'Saturday 11:0-23:0', 'Sunday 11:0-22:30']",Villeray-Saint-Michel-Parc-Extension,"['Indian', 'Asian Fusion', 'Pakistani', 'Restaurants']",45.528812,4.0,"['Alcohol: beer_and_wine', ""Ambience: {'romantic': False, 'intimate': False, 'classy': False, 'hipster': False, 'touristy': False, 'trendy': False, 'upscale': False, 'casual': False}"", 'BikeParking: True', 'BusinessAcceptsCreditCards: True', ""BusinessParking: {'garage': False, 'street': True, 'validated': False, 'lot': False, 'valet': False}"", 'Caters: False', 'GoodForKids: True', ""GoodForMeal: {'dessert': False, 'latenight': False, 'lunch': False, 'dinner': False, 'breakfast': False, 'brunch': False}"", 'HasTV: True', 'NoiseLevel: average', 'OutdoorSeating: False', 'RestaurantsAttire: casual', 'RestaurantsDelivery: True', 'RestaurantsGoodForGroups: True', 'RestaurantsPriceRange2: 2', 'RestaurantsReservations: True', 'RestaurantsTableService: True', 'RestaurantsTakeOut: True', 'WheelchairAccessible: True', 'WiFi: no']",-73.622855,454 Rue Jean-Talon Ouest,H3N 1R3,QC,1,R7SEUVtQN_ZYS_ATRb_K8w,business
Springbox Kitchen,Toronto,12,,,"['Restaurants', 'Sandwiches']",43.6443812,2.0,"['Alcohol: none', ""Ambience: {'romantic': False, 'intimate': False, 'classy': False, 'hipster': False, 'touristy': False, 'trendy': False, 'upscale': False, 'casual': False}"", 'BusinessAcceptsCreditCards: True', 'GoodForKids: False', 'HasTV: False', 'NoiseLevel: average', 'OutdoorSeating: False', 'RestaurantsAttire: casual', 'RestaurantsDelivery: False', 'RestaurantsGoodForGroups: True', 'RestaurantsPriceRange2: 2', 'RestaurantsReservations: False', 'RestaurantsTableService: False', 'RestaurantsTakeOut: True']",-79.4010781,628 King Street W,M5V 1M7,ON,0,v85W1Qv99YvKpru3oPSp2A,business
Palmieri's Restaurants,Plum,12,"['Monday 8:0-22:0', 'Tuesday 8:0-22:0', 'Wednesday 8:0-22:0', 'Thursday 8:0-22:0', 'Friday 8:0-22:0', 'Saturday 8:0-22:0']",,"['Restaurants', 'Steakhouses', 'Venues & Event Spaces', 'Event Planning & Services', 'Italian']",40.4519999,4.0,"['BikeParking: False', 'BusinessAcceptsCreditCards: True', 'GoodForKids: True', ""GoodForMeal: {'dessert': False, 'latenight': False, 'lunch': False, 'dinner': False, 'breakfast': False, 'brunch': False}"", 'OutdoorSeating: False', 'RestaurantsAttire: casual', 'RestaurantsDelivery: False', 'RestaurantsGoodForGroups: True', 'RestaurantsPriceRange2: 2', 'RestaurantsReservations: True', 'RestaurantsTableService: True', 'RestaurantsTakeOut: True', 'WiFi: no']",-79.7271293,951 Old Frankstown Rd,15239,PA,1,JW7-UF3cdQIo-HAiK29HUQ,business
Grandslam Pizza,Plum,8,"['Monday 11:0-22:0', 'Tuesday 11:0-22:0', 'Wednesday 11:0-22:0', 'Thursday 11:0-22:0', 'Friday 11:0-22:0', 'Saturday 11:0-22:0', 'Sunday 11:0-22:0']",,"['Cafeteria', 'Restaurants', 'Pizza', 'Fast Food']",40.4762986,3.5,"['Alcohol: none', ""Ambience: {'romantic': False, 'intimate': False, 'classy': False, 'hipster': False, 'divey': False, 'touristy': False, 'trendy': False, 'upscale': False, 'casual': False}"", 'BusinessAcceptsCreditCards: True', ""BusinessParking: {'garage': False, 'street': False, 'validated': False, 'lot': False, 'valet': False}"", 'Caters: True', 'DriveThru: True', 'GoodForKids: True', ""GoodForMeal: {'dessert': False, 'latenight': False, 'lunch': False, 'dinner': False, 'breakfast': False, 'brunch': False}"", 'HasTV: True', 'NoiseLevel: average', 'OutdoorSeating: False', 'RestaurantsAttire: casual', 'RestaurantsDelivery: True', 'RestaurantsGoodForGroups: True', 'RestaurantsPriceRange2: 2', 'RestaurantsReservations: False', 'RestaurantsTakeOut: True']",-79.7098555,417 Abers Creek Rd,15239,PA,1,veU3mhOn8kF87VfE_JvKlg,business
Arby's Roast Beef,Tempe,9,,,"['Sandwiches', 'Restaurants', 'Fast Food']",33.3496042,3.5,"['Alcohol: none', ""Ambience: {'romantic': False, 'intimate': False, 'classy': False, 'hipster': False, 'divey': False, 'touristy': False, 'trendy': False, 'upscale': False, 'casual': False}"", 'BikeParking: False', 'BusinessAcceptsCreditCards: True', ""BusinessParking: {'garage': False, 'street': False, 'validated': False, 'lot': False, 'valet': False}"", 'DriveThru: True', 'GoodForKids: True', ""GoodForMeal: {'dessert': False, 'latenight': False, 'lunch': True, 'dinner': False, 'breakfast': False, 'brunch': False}"", 'HasTV: False', 'OutdoorSeating: True', 'RestaurantsAttire: casual', 'RestaurantsDelivery: False', 'RestaurantsGoodForGroups: True', 'RestaurantsPriceRange2: 1', 'RestaurantsReservations: False', 'RestaurantsTakeOut: True']",-111.9627431,1392 W Elliot Rd,85284,AZ,1,h8ZB8cLiPo3x2f1fZr7e-A,business
Mika's Greek,Tempe,101,"['Monday 11:0-21:0', 'Tuesday 11:0-21:0', 'Wednesday 11:0-21:0', 'Thursday 11:0-21:0', 'Friday 11:0-21:0', 'Saturday 11:0-21:0']",,"['Mediterranean', 'Restaurants', 'Vegetarian', 'Greek']",33.3495575156,4.0,"['Alcohol: none', ""Ambience: {'romantic': False, 'intimate': False, 'classy': False, 'hipster': False, 'divey': False, 'touristy': False, 'trendy': False, 'upscale': False, 'casual': True}"", 'BikeParking: True', 'BusinessAcceptsCreditCards: True', ""BusinessParking: {'garage': False, 'street': False, 'validated': False, 'lot': True, 'valet': False}"", 'Caters: True', 'DogsAllowed: False', 'GoodForKids: True', ""GoodForMeal: {'dessert': False, 'latenight': False, 'lunch': True, 'dinner': False, 'breakfast': False, 'brunch': False}"", 'HasTV: False', 'NoiseLevel: quiet', 'OutdoorSeating: True', 'RestaurantsAttire: casual', 'RestaurantsDelivery: True', 'RestaurantsGoodForGroups: True', 'RestaurantsPriceRange2: 1', 'RestaurantsReservations: False', 'RestaurantsTableService: False', 'RestaurantsTakeOut: True', 'WheelchairAccessible: True', 'WiFi: no']",-111.949797459,"780 W Elliot Rd, Ste 104",85284,AZ,1,2q2gGuigGrCFmx3juLAVww,business
Licklider's Deli & Grill,Las Vegas,4,"['Monday 7:0-15:0', 'Tuesday 7:0-15:0', 'Wednesday 7:0-15:0', 'Thursday 7:0-15:0', 'Friday 7:0-15:0', 'Saturday 8:0-12:30']",Southeast,"['Restaurants', 'Breakfast & Brunch', 'Food Delivery Services', 'Delis', 'American (Traditional)', 'Food']",36.098467,5.0,"[""Ambience: {'romantic': False, 'intimate': False, 'classy': False, 'hipster': False, 'divey': False, 'touristy': False, 'trendy': False, 'upscale': False, 'casual': False}"", 'BikeParking: True', 'BusinessAcceptsCreditCards: True', ""BusinessParking: {'garage': False, 'street': False, 'validated': False, 'lot': False, 'valet': False}"", 'GoodForKids: True', ""GoodForMeal: {'dessert': False, 'latenight': False, 'lunch': False, 'dinner': False, 'breakfast': False, 'brunch': False}"", 'HasTV: True', 'NoiseLevel: quiet', 'OutdoorSeating: False', 'RestaurantsAttire: casual', 'RestaurantsDelivery: True', 'RestaurantsGoodForGroups: True', 'RestaurantsPriceRange2: 1', 'RestaurantsReservations: False', 'RestaurantsTableService: True', 'RestaurantsTakeOut: True']",-115.148375,"5030 Paradise Rd, Ste B110",89119,NV,0,dpVMSMJjJtwhO_Zvugc5_w,business
360 Gourmet Burrito,Las Vegas,8,,Southeast,"['Mexican', 'Restaurants', 'Fast Food']",36.0857159758,1.5,"['BusinessAcceptsCreditCards: True', 'GoodForKids: False', 'RestaurantsDelivery: False', 'RestaurantsReservations: False', 'RestaurantsTakeOut: True']",-115.153187808,21 Wayne Newton Boulevard,89119,NV,1,Zd9Vav56GNFv2vKxh17WEw,business
Fuzzy's Taco Shop,Madison,67,"['Monday 9:0-21:0', 'Tuesday 9:0-21:0', 'Wednesday 9:0-21:0', 'Thursday 9:0-21:0', 'Friday 9:0-22:0', 'Saturday 9:0-22:0', 'Sunday 9:0-20:0']",Sunset Village,"['Restaurants', 'Mexican']",43.0751082,3.5,"['Alcohol: beer_and_wine', ""Ambience: {'romantic': False, 'intimate': False, 'classy': False, 'hipster': False, 'divey': False, 'touristy': False, 'trendy': False, 'upscale': False, 'casual': True}"", 'BusinessAcceptsCreditCards: True', ""BusinessParking: {'garage': False, 'street': False, 'validated': False, 'lot': True, 'valet': False}"", 'Caters: True', 'GoodForKids: True', ""GoodForMeal: {'dessert': False, 'latenight': False, 'lunch': True, 'dinner': False, 'breakfast': False, 'brunch': False}"", 'HasTV: True', 'NoiseLevel: loud', 'OutdoorSeating: True', 'RestaurantsAttire: casual', 'RestaurantsDelivery: True', 'RestaurantsGoodForGroups: True', 'RestaurantsPriceRange2: 1', 'RestaurantsReservations: False', 'RestaurantsTableService: False', 'RestaurantsTakeOut: True', 'WiFi: free']",-89.4476881,3519 University Ave,53719,WI,0,9w18Hgg_UmI18YyVTP_E3Q,business
Mad Mexican,Toronto,30,"['Monday 10:0-21:0', 'Tuesday 10:0-21:0', 'Wednesday 10:0-21:0', 'Thursday 10:0-23:0', 'Friday 10:0-23:0', 'Saturday 10:0-23:0', 'Sunday 10:0-21:0']",Bloor-West Village,"['Food', 'Restaurants', 'Mexican']",43.6577905,4.0,"['Alcohol: full_bar', ""Ambience: {'romantic': False, 'intimate': False, 'classy': False, 'hipster': False, 'touristy': False, 'trendy': False, 'upscale': False, 'casual': True}"", 'BusinessAcceptsCreditCards: True', ""BusinessParking: {'garage': False, 'street': True, 'validated': False, 'lot': False, 'valet': False}"", 'Caters: True', 'GoodForKids: True', ""GoodForMeal: {'dessert': False, 'latenight': False, 'lunch': True, 'dinner': False, 'breakfast': False, 'brunch': False}"", 'HasTV: False', 'NoiseLevel: average', 'OutdoorSeating: False', 'RestaurantsAttire: casual', 'RestaurantsDelivery: False', 'RestaurantsGoodForGroups: True', 'RestaurantsPriceRange2: 2', 'RestaurantsReservations: False', 'RestaurantsTableService: True', 'RestaurantsTakeOut: True', 'WiFi: no']",-79.4878006,383 Jane Street,M6S 3Z3,ON,0,ZBFfY_WLbp19sADTZ_LRMg,business
Tequila Cowboy Bar & Grill,Pittsburgh,27,"['Monday 11:0-2:30', 'Tuesday 11:0-2:30', 'Wednesday 11:0-2:30', 'Thursday 11:0-2:30', 'Friday 11:0-2:30', 'Saturday 11:0-2:30', 'Sunday 11:0-2:30']",North Side,"['Restaurants', 'Event Planning & Services', 'Party & Event Planning', 'Bars', 'Nightlife', 'American (Traditional)']",40.4455501126,2.5,"['Alcohol: full_bar', ""Ambience: {'romantic': False, 'intimate': False, 'classy': False, 'hipster': False, 'divey': False, 'touristy': False, 'trendy': False, 'upscale': False, 'casual': False}"", 'BikeParking: True', 'BusinessAcceptsCreditCards: True', 'GoodForDancing: True', 'GoodForKids: False', ""GoodForMeal: {'dessert': False, 'latenight': False, 'lunch': False, 'dinner': False, 'breakfast': False, 'brunch': False}"", 'HappyHour: True', 'HasTV: True', ""Music: {'dj': False, 'background_music': False, 'no_music': False, 'karaoke': False, 'live': False, 'video': False, 'jukebox': False}"", 'OutdoorSeating: True', 'RestaurantsAttire: casual', 'RestaurantsGoodForGroups: True', 'RestaurantsPriceRange2: 2', 'RestaurantsTableService: True', 'RestaurantsTakeOut: True', 'Smoking: outdoor', 'WheelchairAccessible: True', 'WiFi: free', 'RestaurantsDelivery: False', 'RestaurantsReservations: False']",-80.0113372877,380 N Shore Dr,15212,PA,1,eog-ECRuj1O1II13t--36A,business
Rolberto's,Phoenix,21,,,"['Mexican', 'Restaurants']",33.5102487,3.5,"['Alcohol: none', ""Ambience: {'romantic': False, 'intimate': False, 'classy': False, 'hipster': False, 'divey': False, 'touristy': False, 'trendy': False, 'upscale': False, 'casual': False}"", 'BikeParking: True', 'BusinessAcceptsCreditCards: True', ""BusinessParking: {'garage': False, 'street': False, 'validated': False, 'lot': True, 'valet': False}"", 'Caters: False', 'GoodForKids: True', ""GoodForMeal: {'dessert': False, 'latenight': True, 'lunch': False, 'dinner': False, 'breakfast': False, 'brunch': False}"", 'HasTV: False', 'NoiseLevel: quiet', 'OutdoorSeating: True', 'RestaurantsAttire: casual', 'RestaurantsCounterService: True', 'RestaurantsDelivery: False', 'RestaurantsGoodForGroups: False', 'RestaurantsPriceRange2: 1', 'RestaurantsReservations: False', 'RestaurantsTableService: False', 'RestaurantsTakeOut: True', 'WheelchairAccessible: True', 'WiFi: no']",-112.0652928,5032 N 7th St,85014,AZ,1,_ikylomPLdTgVtE0xWR_1Q,business
Sullivan's Steakhouse,Charlotte,185,"['Monday 11:30-14:0', 'Monday 17:30-23:0', 'Tuesday 11:30-14:0', 'Tuesday 17:30-23:0', 'Wednesday 11:30-14:0', 'Wednesday 17:30-23:0', 'Thursday 11:30-14:0', 'Thursday 17:30-23:0', 'Friday 11:30-14:0', 'Friday 17:30-23:0', 'Saturday 17:30-23:0', 'Sunday 17:0-22:0']",South End,"['Steakhouses', 'Restaurants']",35.2102729,4.0,"['Alcohol: full_bar', ""Ambience: {'romantic': False, 'intimate': False, 'classy': True, 'hipster': False, 'divey': False, 'touristy': False, 'trendy': False, 'upscale': False, 'casual': False}"", 'BusinessAcceptsCreditCards: True', ""BusinessParking: {'garage': False, 'street': False, 'validated': False, 'lot': False, 'valet': True}"", 'Caters: True', 'GoodForKids: False', ""GoodForMeal: {'dessert': False, 'latenight': False, 'lunch': False, 'dinner': True, 'breakfast': False, 'brunch': False}"", 'HasTV: True', 'NoiseLevel: average', 'Open24Hours: False', 'OutdoorSeating: True', 'RestaurantsAttire: dressy', 'RestaurantsDelivery: False', 'RestaurantsGoodForGroups: True', 'RestaurantsPriceRange2: 3', 'RestaurantsReservations: True', 'RestaurantsTableService: True', 'RestaurantsTakeOut: True', 'WheelchairAccessible: True', 'WiFi: no', 'BikeParking: True']",-80.8600584,"1928 South Blvd, Ste 200",28203,NC,1,UByM7N0mF-ylIGUuIWHCtA,business
The Continental,Fitchburg,15,,,"['Restaurants', 'Italian']",43.005696,2.5,"['Alcohol: full_bar', ""Ambience: {'romantic': False, 'intimate': False, 'classy': False, 'hipster': False, 'divey': False, 'touristy': False, 'trendy': False, 'upscale': False, 'casual': False}"", 'BusinessAcceptsCreditCards: True', ""BusinessParking: {'garage': False, 'street': False, 'validated': False, 'lot': True, 'valet': False}"", 'GoodForKids: False', ""GoodForMeal: {'dessert': False, 'latenight': False, 'lunch': False, 'dinner': True, 'breakfast': False, 'brunch': False}"", 'HasTV: True', 'NoiseLevel: average', 'OutdoorSeating: True', 'RestaurantsAttire: casual', 'RestaurantsDelivery: False', 'RestaurantsGoodForGroups: True', 'RestaurantsPriceRange2: 2', 'RestaurantsReservations: True', 'RestaurantsTableService: True', 'RestaurantsTakeOut: True', 'WheelchairAccessible: True']",-89.426917,2784 S Fish Hatchery Rd,53711,WI,0,6ByLcHHPTXepgDg7mx3A0A,business
Vaihinger Pizza Kebaphaus,Stuttgart,8,"['Monday 8:0-1:0', 'Tuesday 8:0-1:0', 'Wednesday 8:0-1:0', 'Thursday 8:0-1:0', 'Friday 7:0-2:0', 'Saturday 7:0-2:0']",,"['Fast Food', 'Restaurants', 'Kebab']",48.730670929,3.0,"['Alcohol: none', ""GoodForMeal: {'dessert': False, 'latenight': False, 'lunch': False, 'dinner': False, 'breakfast': False, 'brunch': False}"", 'HasTV: False', 'OutdoorSeating: True', 'RestaurantsAttire: casual', 'RestaurantsPriceRange2: 2', 'RestaurantsTakeOut: True']",9.111989975,Hauptstr. 10,70563,BW,1,CAEbFhyg6qBMba26mGwjdQ,business
Frisch's,Pittsburgh,24,"['Monday 9:0-21:0', 'Tuesday 9:0-21:0', 'Wednesday 9:0-21:0', 'Thursday 9:0-21:0', 'Friday 9:0-22:0', 'Saturday 9:0-21:0', 'Sunday 10:0-21:0']",,"['Restaurants', 'Pizza', 'Chicken Wings', 'Sandwiches']",40.3592663,4.0,"['Alcohol: beer_and_wine', ""Ambience: {'romantic': False, 'intimate': False, 'classy': False, 'hipster': False, 'divey': False, 'touristy': False, 'trendy': False, 'upscale': False, 'casual': False}"", 'BikeParking: True', 'BusinessAcceptsCreditCards: True', ""BusinessParking: {'garage': False, 'street': False, 'validated': False, 'lot': True, 'valet': False}"", 'Caters: True', 'GoodForKids: True', ""GoodForMeal: {'dessert': False, 'latenight': False, 'lunch': True, 'dinner': False, 'breakfast': False, 'brunch': False}"", 'HasTV: True', 'NoiseLevel: average', 'OutdoorSeating: True', 'RestaurantsAttire: casual', 'RestaurantsDelivery: False', 'RestaurantsGoodForGroups: True', 'RestaurantsPriceRange2: 1', 'RestaurantsReservations: False', 'RestaurantsTableService: False', 'RestaurantsTakeOut: True', 'WiFi: no']",-80.0022905,"5301 Grove Rd, Suite E 530",15236,PA,1,FsDogwXYckKUgs5VUoPbJw,business
Seoul Oak,Spring Valley,14,,Chinatown,"['Korean', 'Restaurants']",36.1270306,3.0,"[""Ambience: {'romantic': False, 'intimate': False, 'classy': False, 'hipster': False, 'divey': False, 'touristy': False, 'trendy': False, 'upscale': False, 'casual': False}"", 'BusinessAcceptsCreditCards: True', ""BusinessParking: {'garage': False, 'street': False, 'validated': False, 'lot': False, 'valet': False}"", 'GoodForKids: True', ""GoodForMeal: {'dessert': False, 'latenight': False, 'lunch': True, 'dinner': False, 'breakfast': False, 'brunch': False}"", 'HasTV: True', 'NoiseLevel: average', 'OutdoorSeating: False', 'RestaurantsAttire: casual', 'RestaurantsGoodForGroups: True', 'RestaurantsPriceRange2: 2', 'RestaurantsTableService: True', 'RestaurantsTakeOut: True', 'WheelchairAccessible: True']",-115.2096939,5030 Spring Mountain Rd,89103,NV,0,6HeH0ibEjE3aqugIyHF0Ww,business
Aussichtsreich,Stuttgart,17,,,"['German', 'International', 'Bars', 'Nightlife', 'Restaurants']",48.8177694,3.5,"['Alcohol: beer_and_wine', ""Ambience: {'romantic': False, 'intimate': False, 'classy': False, 'hipster': False, 'touristy': False, 'trendy': False, 'upscale': False, 'casual': False}"", 'BikeParking: True', 'BusinessAcceptsCreditCards: True', ""BusinessParking: {'garage': False, 'street': False, 'validated': False, 'lot': False, 'valet': False}"", 'Caters: False', 'CoatCheck: True', 'DogsAllowed: False', 'GoodForDancing: False', 'GoodForKids: True', ""GoodForMeal: {'dessert': False, 'latenight': False, 'lunch': False, 'dinner': False, 'breakfast': False, 'brunch': False}"", 'HappyHour: False', 'HasTV: True', ""Music: {'dj': False, 'background_music': False, 'no_music': False, 'karaoke': False, 'live': False, 'video': False, 'jukebox': False}"", 'NoiseLevel: very_loud', 'OutdoorSeating: True', 'RestaurantsAttire: casual', 'RestaurantsDelivery: False', 'RestaurantsGoodForGroups: True', 'RestaurantsPriceRange2: 4', 'RestaurantsReservations: True', 'RestaurantsTableService: True', 'RestaurantsTakeOut: False', 'Smoking: yes', 'WiFi: no']",9.1925013,Auerbachstr. 182,70376,BW,1,9w__PBhBCwiL8G4HbyFAsA,business
Waffle House,Huntersville,6,"['Monday 0:0-0:0', 'Tuesday 0:0-0:0', 'Wednesday 0:0-0:0', 'Thursday 0:0-0:0', 'Friday 0:0-0:0', 'Saturday 0:0-0:0', 'Sunday 0:0-0:0']",,"['Restaurants', 'American (New)', 'Breakfast & Brunch', 'Diners', 'Waffles', 'American (Traditional)']",35.408382,2.5,"['Alcohol: none', ""Ambience: {'romantic': False, 'intimate': False, 'classy': False, 'hipster': False, 'divey': False, 'touristy': False, 'trendy': False, 'upscale': False, 'casual': False}"", 'BikeParking: False', 'BusinessAcceptsCreditCards: True', ""BusinessParking: {'garage': False, 'street': False, 'validated': False, 'lot': False, 'valet': False}"", 'Caters: False', 'GoodForKids: True', ""GoodForMeal: {'dessert': False, 'latenight': False, 'lunch': False, 'dinner': False, 'breakfast': False, 'brunch': False}"", 'HasTV: False', 'NoiseLevel: very_loud', 'OutdoorSeating: False', 'RestaurantsAttire: casual', 'RestaurantsDelivery: False', 'RestaurantsGoodForGroups: False', 'RestaurantsPriceRange2: 1', 'RestaurantsReservations: False', 'RestaurantsTableService: True', 'RestaurantsTakeOut: True', 'WiFi: free']",-80.854003,14106 Statesville Rd,28078,NC,1,DRaRNDsxtFUPbxEiy-rfTw,business
Rocco's NY Pizzeria,Las Vegas,240,"['Monday 11:0-21:0', 'Tuesday 11:0-21:0', 'Wednesday 11:0-21:0', 'Thursday 11:0-21:0', 'Friday 11:0-22:0', 'Saturday 11:0-22:0', 'Sunday 11:0-21:0']",Summerlin,"['Restaurants', 'Pizza']",36.1612270133,4.0,"['Alcohol: none', ""Ambience: {'romantic': False, 'intimate': False, 'classy': False, 'hipster': False, 'divey': False, 'touristy': False, 'trendy': False, 'upscale': False, 'casual': True}"", 'BikeParking: True', 'BusinessAcceptsCreditCards: True', ""BusinessParking: {'garage': False, 'street': False, 'validated': False, 'lot': True, 'valet': False}"", 'Caters: True', 'GoodForKids: True', ""GoodForMeal: {'dessert': False, 'latenight': False, 'lunch': True, 'dinner': True, 'breakfast': False, 'brunch': False}"", 'HasTV: True', 'NoiseLevel: average', 'OutdoorSeating: True', 'RestaurantsAttire: casual', 'RestaurantsDelivery: True', 'RestaurantsGoodForGroups: True', 'RestaurantsPriceRange2: 1', 'RestaurantsReservations: False', 'RestaurantsTableService: False', 'RestaurantsTakeOut: True', 'WheelchairAccessible: True', 'WiFi: no']",-115.332990837,"10860 W Charleston Blvd, Ste 190",89135,NV,1,Gdv3qhsDeQzZ2Ag-Tzq6vA,business
Jules Cafe Patisserie,Toronto,34,"['Monday 8:0-18:0', 'Tuesday 8:0-18:0', 'Wednesday 8:0-18:0', 'Thursday 8:0-18:0', 'Friday 8:0-18:0', 'Saturday 8:0-18:0', 'Sunday 8:0-17:0']",Mount Pleasant and Davisville,"['Bakeries', 'Food', 'French', 'Mediterranean', 'Restaurants']",43.7041655,3.5,"['BikeParking: True', 'BusinessAcceptsCreditCards: True', ""BusinessParking: {'garage': False, 'street': True, 'validated': False, 'lot': False, 'valet': False}"", 'GoodForKids: False', 'RestaurantsDelivery: False', 'RestaurantsGoodForGroups: False', 'RestaurantsPriceRange2: 3', 'RestaurantsReservations: False', 'RestaurantsTakeOut: True']",-79.3882122,617 Mount Pleasant Road,M4S 2M5,ON,1,YH8Bn-7pLR-SFR8MCgQj1w,business
Park Hyatt Toronto Kosher Annona Restaurant,Toronto,4,,Discovery District,"['Restaurants', 'Kosher']",43.6683962,5.0,"['Alcohol: full_bar', ""Ambience: {'romantic': False, 'intimate': False, 'classy': False, 'hipster': False, 'touristy': False, 'trendy': False, 'upscale': False, 'casual': False}"", 'BikeParking: True', 'BusinessAcceptsCreditCards: True', ""BusinessParking: {'garage': False, 'street': False, 'validated': False, 'lot': False, 'valet': False}"", 'GoodForKids: False', ""GoodForMeal: {'dessert': False, 'latenight': False, 'lunch': False, 'dinner': False, 'breakfast': False, 'brunch': False}"", 'HasTV: False', 'NoiseLevel: quiet', 'OutdoorSeating: False', 'RestaurantsAttire: dressy', 'RestaurantsDelivery: False', 'RestaurantsGoodForGroups: True', 'RestaurantsPriceRange2: 4', 'RestaurantsReservations: True', 'RestaurantsTableService: True', 'RestaurantsTakeOut: False', 'WiFi: free']",-79.3928365,4 Avenue Road,M5S 1T6,ON,1,nER4r71-nLBpy4ZkrsAOYg,business
Grannyssima,Montréal,3,,Plateau-Mont-Royal,"['Restaurants', 'Cafes']",45.524673,4.5,"['GoodForKids: True', 'RestaurantsReservations: True', 'RestaurantsTakeOut: True']",-73.5956008,12 Rue Maguire,H2T 1B8,QC,1,ILIPtZ-LVSriHVb6vMffhw,business
Showmars - Northlake Mall,Charlotte,5,"['Monday 10:0-21:0', 'Tuesday 10:0-21:0', 'Wednesday 10:0-21:0', 'Thursday 10:0-21:0', 'Friday 10:0-21:0', 'Saturday 10:0-21:0', 'Sunday 11:0-18:0']",,"['Seafood', 'Diners', 'Greek', 'Chinese', 'American (New)', 'Food', 'Restaurants']",35.35253,3.5,"['BusinessAcceptsCreditCards: True', 'GoodForKids: True', ""GoodForMeal: {'dessert': False, 'latenight': False, 'lunch': False, 'dinner': False, 'breakfast': False, 'brunch': False}"", 'RestaurantsAttire: casual', 'RestaurantsDelivery: False', 'RestaurantsGoodForGroups: True', 'RestaurantsPriceRange2: 1', 'RestaurantsTakeOut: True']",-80.851337,"6801 Northlake Mall Dr, Ste 206",28216,NC,1,Y24q_yO23zqY_y-QWOX-XA,business
Jatujak,Toronto,97,"['Monday 11:0-22:0', 'Tuesday 11:0-22:0', 'Wednesday 11:0-22:0', 'Thursday 11:0-22:0', 'Friday 11:0-22:0', 'Saturday 11:0-22:0', 'Sunday 11:0-22:0']",Scarborough,"['Food Delivery Services', 'Food', 'Restaurants', 'Thai']",43.6883803,4.0,"['Alcohol: none', ""Ambience: {'romantic': False, 'intimate': False, 'classy': False, 'hipster': False, 'touristy': False, 'trendy': False, 'upscale': False, 'casual': True}"", 'BikeParking: True', 'BusinessAcceptsCreditCards: True', ""BusinessParking: {'garage': False, 'street': True, 'validated': False, 'lot': True, 'valet': False}"", 'Caters: True', 'GoodForKids: True', ""GoodForMeal: {'dessert': False, 'latenight': False, 'lunch': True, 'dinner': True, 'breakfast': False, 'brunch': False}"", 'HasTV: False', 'NoiseLevel: average', 'OutdoorSeating: False', 'RestaurantsAttire: casual', 'RestaurantsDelivery: True', 'RestaurantsGoodForGroups: True', 'RestaurantsPriceRange2: 2', 'RestaurantsReservations: False', 'RestaurantsTableService: True', 'RestaurantsTakeOut: True', 'WheelchairAccessible: True', 'WiFi: free']",-79.2700165,1466 Kingston Road,M1N 1R6,ON,1,ybbcg01-j7tKJ_oLEY1uPQ,business
Bloom Bakery at Campus District,Cleveland,10,"['Monday 6:0-21:0', 'Tuesday 6:0-21:0', 'Wednesday 6:0-21:0', 'Thursday 6:0-21:0', 'Friday 6:0-21:0', 'Saturday 7:0-21:0', 'Sunday 7:0-14:0']",Quadrangle,"['Caterers', 'Bakeries', 'Desserts', 'Event Planning & Services', 'Restaurants', 'Food']",41.501222,4.0,"['BikeParking: True', 'BusinessAcceptsCreditCards: True', ""BusinessParking: {'garage': False, 'street': True, 'validated': False, 'lot': False, 'valet': False}"", 'RestaurantsDelivery: True', 'RestaurantsPriceRange2: 2', 'RestaurantsTakeOut: True']",-81.6767167,1938 Euclid Ave,44115,OH,1,F0TQeC2VGQDZbYjtrL3QTQ,business
McDonald's,Mississauga,7,,East Credit,"['Restaurants', 'Fast Food', 'Burgers']",43.5918520853,2.5,"['Alcohol: none', ""Ambience: {'romantic': False, 'intimate': False, 'classy': False, 'hipster': False, 'touristy': False, 'trendy': False, 'upscale': False, 'casual': False}"", 'BikeParking: True', 'BusinessAcceptsCreditCards: True', ""BusinessParking: {'garage': False, 'street': False, 'validated': False, 'lot': False, 'valet': False}"", 'DriveThru: True', 'GoodForKids: True', ""GoodForMeal: {'dessert': False, 'latenight': False, 'lunch': False, 'dinner': False, 'breakfast': True, 'brunch': False}"", 'HasTV: True', 'NoiseLevel: average', 'OutdoorSeating: False', 'RestaurantsAttire: casual', 'RestaurantsDelivery: False', 'RestaurantsGoodForGroups: True', 'RestaurantsPriceRange2: 1', 'RestaurantsReservations: False', 'RestaurantsTableService: False', 'RestaurantsTakeOut: True', 'WiFi: free']",-79.6680919826,670 Eglinton Avenue W,L5R 3V2,ON,1,9j-tpziI0OEZYzU07nn4mw,business
Banh Mi & Ti,Pittsburgh,54,"['Monday 11:0-19:0', 'Tuesday 11:0-19:0', 'Wednesday 11:0-19:0', 'Thursday 11:0-19:0', 'Friday 11:0-20:0', 'Saturday 11:0-20:0', 'Sunday 12:0-17:0']",Lawrenceville,"['Vietnamese', 'Food', 'Restaurants', 'Cafes', 'Bubble Tea']",40.472081,5.0,"['Alcohol: none', 'BikeParking: True', 'BusinessAcceptsBitcoin: False', 'BusinessAcceptsCreditCards: True', ""BusinessParking: {'garage': False, 'street': True, 'validated': False, 'lot': False, 'valet': False}"", 'Caters: True', 'HasTV: False', 'NoiseLevel: average', 'OutdoorSeating: False', 'RestaurantsAttire: casual', 'RestaurantsDelivery: False', 'RestaurantsPriceRange2: 1', 'RestaurantsReservations: False', 'RestaurantsTableService: False', 'RestaurantsTakeOut: True', 'WheelchairAccessible: True', 'WiFi: free', 'GoodForKids: True', ""Ambience: {'romantic': False, 'intimate': False, 'classy': False, 'hipster': False, 'divey': False, 'touristy': False, 'trendy': False, 'upscale': False, 'casual': True}"", 'RestaurantsGoodForGroups: False', ""GoodForMeal: {'dessert': False, 'latenight': False, 'lunch': True, 'dinner': True, 'breakfast': False, 'brunch': False}""]",-79.95886,4502 Butler St,15201,PA,1,4mYS-4UOjTKgsf0tX1_IkQ,business
Black Rock Pizza,Urbana,3,,,"['Pizza', 'Restaurants']",40.1112417,4.5,"['Alcohol: full_bar', ""Ambience: {'romantic': False, 'intimate': False, 'classy': False, 'hipster': False, 'divey': False, 'touristy': False, 'trendy': False, 'upscale': False, 'casual': False}"", 'BusinessAcceptsCreditCards: True', ""BusinessParking: {'garage': False, 'street': False, 'validated': False, 'lot': False, 'valet': False}"", 'GoodForKids: True', ""GoodForMeal: {'dessert': False, 'latenight': False, 'lunch': False, 'dinner': False, 'breakfast': False, 'brunch': False}"", 'HasTV: True', 'NoiseLevel: average', 'OutdoorSeating: False', 'RestaurantsAttire: casual', 'RestaurantsGoodForGroups: True', 'RestaurantsTableService: True', 'RestaurantsTakeOut: True']",-88.2071629,142 Lincoln Sq,61801,IL,0,EI1JbmO_Le9u3qaYJtlMjA,business
Shanghai 1938,Urbana,3,"['Monday 16:30-21:0', 'Tuesday 11:0-21:0', 'Wednesday 11:0-21:0', 'Thursday 11:0-21:0', 'Friday 11:0-22:0', 'Saturday 12:0-22:0', 'Sunday 12:0-21:0']",,"['Chinese', 'Restaurants']",40.1108998121,1.0,"['BusinessAcceptsCreditCards: True', 'GoodForKids: False', ""GoodForMeal: {'dessert': False, 'latenight': False, 'lunch': False, 'dinner': False, 'breakfast': False, 'brunch': False}"", 'RestaurantsAttire: casual', 'RestaurantsDelivery: True', 'RestaurantsPriceRange2: 2', 'RestaurantsTakeOut: True']",-88.225634608,200 S Matthews,61801,IL,1,cGuUEFw374zfpr3Cp8ywJw,business
Burrito Boyz,Mississauga,7,"['Monday 11:0-23:0', 'Tuesday 11:0-23:0', 'Wednesday 11:0-23:0', 'Thursday 11:0-23:0', 'Friday 11:0-23:0', 'Saturday 11:0-23:0', 'Sunday 11:0-23:0']",,"['Restaurants', 'Mexican']",43.582983,4.0,"[""Ambience: {'romantic': False, 'intimate': False, 'classy': False, 'hipster': False, 'touristy': False, 'trendy': False, 'upscale': False, 'casual': False}"", 'BusinessAcceptsCreditCards: True', 'GoodForKids: True', ""GoodForMeal: {'dessert': False, 'latenight': False, 'lunch': False, 'dinner': False, 'breakfast': False, 'brunch': False}"", 'HasTV: False', 'NoiseLevel: loud', 'OutdoorSeating: False', 'RestaurantsAttire: casual', 'RestaurantsDelivery: False', 'RestaurantsGoodForGroups: True', 'RestaurantsPriceRange2: 1', 'RestaurantsReservations: False', 'RestaurantsTakeOut: True']",-79.761172,"6560 Meadowvale Town Centre Circle, Unit 5",L5N 4B7,ON,1,ncqOM1DgAq2mQ4zY9Za0Mg,business
Dairy Queen Pickering,Pickering,6,,,"['Restaurants', 'Fast Food']",43.827927,2.5,"['BikeParking: False', 'BusinessAcceptsCreditCards: True', ""BusinessParking: {'garage': False, 'street': False, 'validated': False, 'lot': False, 'valet': False}"", 'Caters: False', 'DriveThru: True', 'GoodForKids: True', ""GoodForMeal: {'dessert': False, 'latenight': False, 'lunch': False, 'dinner': False, 'breakfast': False, 'brunch': False}"", 'HasTV: False', 'NoiseLevel: quiet', 'OutdoorSeating: True', 'RestaurantsAttire: casual', 'RestaurantsDelivery: False', 'RestaurantsGoodForGroups: True', 'RestaurantsPriceRange2: 2', 'RestaurantsReservations: False', 'RestaurantsTableService: False', 'RestaurantsTakeOut: True']",-79.0971564,1099 Kingston Road,L1V 1B5,ON,1,R30ah7G5ZD0pBAUEh3hltg,business
Wild Wing,Toronto,11,,,"['Restaurants', 'Chicken Wings']",43.7578236,3.0,"['Alcohol: full_bar', ""Ambience: {'romantic': False, 'intimate': False, 'classy': False, 'hipster': False, 'touristy': False, 'trendy': False, 'upscale': False, 'casual': False}"", 'BikeParking: False', 'BusinessAcceptsCreditCards: True', 'GoodForKids: True', 'HasTV: True', 'OutdoorSeating: True', 'RestaurantsAttire: casual', 'RestaurantsDelivery: False', 'RestaurantsGoodForGroups: True', 'RestaurantsPriceRange2: 2', 'RestaurantsReservations: True', 'RestaurantsTakeOut: True', 'WiFi: free']",-79.3151106,1 Ellesmere Road,M1R 5G8,ON,1,bumnC6L2ZL2mLk8srO2deQ,business
Starbucks,Leonberg,4,,,"['Restaurants', 'Donuts', 'Coffee & Tea', 'Food', 'Cafes']",48.7954499883,3.0,"['BusinessAcceptsCreditCards: True', 'GoodForKids: False', 'RestaurantsDelivery: False', 'RestaurantsGoodForGroups: True', 'RestaurantsReservations: False', 'RestaurantsTakeOut: True']",9.0114842687,"EKZ Leo Center, Leonberger Str. 98 - 108",71229,BW,1,UT-HYHyQd2BcBdU6_5iZMw,business
Serrano's Mexican Restaurant,Las Vegas,111,"['Tuesday 9:0-22:0', 'Wednesday 9:0-22:0', 'Thursday 9:0-22:0', 'Friday 9:0-22:0', 'Saturday 9:0-22:0', 'Sunday 9:0-17:0']",Westside,"['Restaurants', 'Mexican']",36.1725604183,4.5,"['Alcohol: none', ""Ambience: {'romantic': False, 'intimate': False, 'classy': False, 'hipster': False, 'divey': False, 'touristy': False, 'trendy': False, 'upscale': False, 'casual': True}"", 'BikeParking: True', 'BusinessAcceptsCreditCards: True', ""BusinessParking: {'garage': False, 'street': False, 'validated': False, 'lot': True, 'valet': False}"", 'Caters: True', 'GoodForKids: True', ""GoodForMeal: {'dessert': True, 'latenight': False, 'lunch': True, 'dinner': True, 'breakfast': False, 'brunch': False}"", 'HasTV: False', 'NoiseLevel: quiet', 'OutdoorSeating: False', 'RestaurantsAttire: casual', 'RestaurantsDelivery: False', 'RestaurantsGoodForGroups: True', 'RestaurantsPriceRange2: 1', 'RestaurantsReservations: False', 'RestaurantsTableService: True', 'RestaurantsTakeOut: True', 'WiFi: no', 'DogsAllowed: False']",-115.245821625,136 S Rainbow Blvd,89145,NV,1,bgx6gYdktqEoQwBdo5lRbA,business
Starbucks,Mississauga,6,"['Monday 6:0-22:0', 'Tuesday 6:0-22:0', 'Wednesday 6:0-22:0', 'Thursday 6:0-22:0', 'Friday 6:0-22:0', 'Saturday 6:0-22:0', 'Sunday 6:0-22:0']",,"['Cafes', 'Coffee & Tea', 'Food', 'Restaurants']",43.5865482973,4.0,"['BikeParking: True', 'BusinessAcceptsCreditCards: True', ""BusinessParking: {'garage': False, 'street': False, 'validated': False, 'lot': False, 'valet': False}"", 'OutdoorSeating: True', 'RestaurantsPriceRange2: 2', 'RestaurantsTakeOut: True', 'WiFi: free']",-79.6472595008,4076 Confederaton Parkway,L5B,ON,1,ScOTKZmRqKvy6wv-QkZxTQ,business
Crosstown Coffee Bar,Toronto,19,"['Monday 7:0-17:0', 'Tuesday 7:0-17:0', 'Wednesday 7:0-17:0', 'Thursday 7:0-17:0', 'Friday 7:0-17:0', 'Saturday 8:0-17:0', 'Sunday 8:0-17:0']",Yonge and Eglinton,"['Food', 'Cafes', 'Restaurants', 'Coffee & Tea']",43.7044927,4.5,"[""Ambience: {'romantic': False, 'intimate': False, 'classy': False, 'hipster': False, 'touristy': False, 'trendy': False, 'upscale': False, 'casual': False}"", 'BusinessAcceptsCreditCards: True', 'GoodForKids: True', 'HasTV: False', 'NoiseLevel: average', 'OutdoorSeating: True', 'RestaurantsAttire: casual', 'RestaurantsDelivery: False', 'RestaurantsGoodForGroups: True', 'RestaurantsPriceRange2: 2', 'RestaurantsReservations: False', 'RestaurantsTakeOut: True', 'WiFi: free']",-79.4070672,187 Highbourne Road,M5P 2J8,ON,1,XIQZC49qv_75_3sKQApSsw,business
Waldhotel & Restaurant Sindelfingen,Sindelfingen,3,,,"['Event Planning & Services', 'Hotels & Travel', 'Hotels', 'Restaurants']",48.7302754473,4.5,"['BusinessAcceptsCreditCards: True', 'RestaurantsPriceRange2: 2', 'WiFi: free']",9.0032179398,Friedrich Ebert Str.40,71067,BW,1,hu4bwL_zSiyikjGMvzbobg,business
Panini's Warehouse District,Cleveland,43,,Warehouse District,"['Bars', 'Pizza', 'Pubs', 'Nightlife', 'Restaurants', 'Sandwiches']",41.499988,3.5,"['Alcohol: full_bar', ""Ambience: {'romantic': False, 'intimate': False, 'classy': False, 'hipster': False, 'divey': False, 'touristy': False, 'trendy': False, 'upscale': False, 'casual': True}"", ""BestNights: {'monday': False, 'tuesday': False, 'friday': True, 'wednesday': False, 'thursday': False, 'sunday': True, 'saturday': True}"", 'BikeParking: True', 'BusinessAcceptsCreditCards: True', ""BusinessParking: {'garage': False, 'street': True, 'validated': False, 'lot': False, 'valet': False}"", 'Caters: False', 'CoatCheck: False', 'GoodForDancing: False', 'GoodForKids: False', ""GoodForMeal: {'dessert': False, 'latenight': True, 'lunch': True, 'dinner': False, 'breakfast': False, 'brunch': False}"", 'HappyHour: True', 'HasTV: True', ""Music: {'dj': False, 'background_music': False, 'no_music': False, 'karaoke': False, 'live': False, 'video': False, 'jukebox': True}"", 'NoiseLevel: loud', 'OutdoorSeating: True', 'RestaurantsAttire: casual', 'RestaurantsDelivery: False', 'RestaurantsGoodForGroups: True', 'RestaurantsPriceRange2: 1', 'RestaurantsReservations: False', 'RestaurantsTableService: False', 'RestaurantsTakeOut: True', 'WheelchairAccessible: True', 'WiFi: no']",-81.69932,1290 W 6th St,44113,OH,0,JCdEeoMxmY-kBgIrjbvwRw,business
Biergarten,Pittsburgh,27,"['Tuesday 16:0-21:0', 'Wednesday 16:0-22:0', 'Thursday 16:0-22:0', 'Friday 16:0-0:0', 'Saturday 12:0-0:0', 'Sunday 12:0-18:0']",Downtown,"['Bars', 'Beer Gardens', 'Nightlife', 'Restaurants', 'Wine Bars']",40.4414480387,3.0,"['Alcohol: beer_and_wine', ""Ambience: {'romantic': False, 'intimate': False, 'classy': False, 'hipster': False, 'divey': False, 'touristy': False, 'trendy': True, 'upscale': False, 'casual': False}"", ""BestNights: {'monday': False, 'tuesday': False, 'friday': True, 'wednesday': False, 'thursday': True, 'sunday': False, 'saturday': True}"", 'BikeParking: True', 'BusinessAcceptsCreditCards: True', ""BusinessParking: {'garage': False, 'street': False, 'validated': False, 'lot': False, 'valet': False}"", 'CoatCheck: False', 'GoodForDancing: False', 'HappyHour: True', 'HasTV: True', ""Music: {'dj': False, 'background_music': True, 'no_music': False, 'karaoke': False, 'live': False, 'video': False, 'jukebox': False}"", 'NoiseLevel: average', 'OutdoorSeating: True', 'RestaurantsGoodForGroups: True', 'RestaurantsPriceRange2: 2', 'Smoking: no']",-79.9963676268,620 William Penn Pl,15219,PA,1,Bh6M_VzX9RH1BS8W-uoUwQ,business
Sushi Kai,Toronto,102,"['Monday 11:30-14:30', 'Tuesday 11:30-14:30', 'Wednesday 11:30-14:30', 'Thursday 11:30-14:30', 'Friday 11:30-14:30', 'Saturday 14:0-21:30', 'Sunday 17:0-21:30']",Mount Pleasant and Davisville,"['Japanese', 'Sushi Bars', 'Restaurants']",43.7079473,2.5,"['Alcohol: beer_and_wine', ""Ambience: {'romantic': False, 'intimate': False, 'classy': False, 'hipster': False, 'touristy': False, 'trendy': False, 'upscale': False, 'casual': True}"", 'BikeParking: True', 'BusinessAcceptsCreditCards: True', ""BusinessParking: {'garage': False, 'street': True, 'validated': False, 'lot': False, 'valet': False}"", 'Caters: True', 'GoodForKids: True', ""GoodForMeal: {'dessert': False, 'latenight': False, 'lunch': False, 'dinner': True, 'breakfast': False, 'brunch': False}"", 'HasTV: True', 'NoiseLevel: average', 'OutdoorSeating: False', 'RestaurantsAttire: casual', 'RestaurantsDelivery: True', 'RestaurantsGoodForGroups: True', 'RestaurantsPriceRange2: 2', 'RestaurantsReservations: True', 'RestaurantsTableService: True', 'RestaurantsTakeOut: True', 'WheelchairAccessible: False', 'WiFi: free']",-79.3932332,168 Eglinton Avenue E,M4P 1A6,ON,1,JnKzrXKxY1cThJ0vNk-4pA,business
The Longest Yard Restaurant,Toronto,24,"['Monday 11:0-0:0', 'Tuesday 11:0-0:0', 'Wednesday 11:0-1:0', 'Thursday 11:0-1:0', 'Friday 11:0-1:0', 'Saturday 11:0-1:0', 'Sunday 11:0-23:0']",Mount Pleasant and Davisville,"['Sandwiches', 'Gastropubs', 'Breakfast & Brunch', 'Nightlife', 'Restaurants', 'American (Traditional)', 'Pubs', 'Bars']",43.7026552,3.0,"['Alcohol: full_bar', ""Ambience: {'romantic': False, 'intimate': False, 'classy': False, 'hipster': False, 'touristy': False, 'trendy': False, 'upscale': False, 'casual': False}"", ""BestNights: {'monday': False, 'tuesday': False, 'friday': True, 'wednesday': False, 'thursday': False, 'sunday': False, 'saturday': False}"", 'BikeParking: True', 'BusinessAcceptsCreditCards: True', ""BusinessParking: {'garage': False, 'street': True, 'validated': False, 'lot': False, 'valet': False}"", 'GoodForDancing: False', 'GoodForKids: True', ""GoodForMeal: {'dessert': False, 'latenight': False, 'lunch': True, 'dinner': True, 'breakfast': False, 'brunch': False}"", 'HappyHour: True', 'HasTV: True', ""Music: {'dj': False, 'background_music': True, 'no_music': False, 'karaoke': False, 'live': False, 'video': False, 'jukebox': False}"", 'NoiseLevel: average', 'OutdoorSeating: True', 'RestaurantsAttire: casual', 'RestaurantsDelivery: True', 'RestaurantsGoodForGroups: True', 'RestaurantsPriceRange2: 2', 'RestaurantsReservations: True', 'RestaurantsTableService: True', 'RestaurantsTakeOut: True', 'WheelchairAccessible: False']",-79.3877002,535 Mt Pleasant Road,M4S 2M5,ON,0,ikQ7dbYDkTtg78Y5Y1DByA,business
Firefly,Las Vegas,1130,"['Monday 11:30-1:0', 'Tuesday 11:30-1:0', 'Wednesday 11:30-1:0', 'Thursday 11:30-1:0', 'Friday 11:30-2:0', 'Saturday 11:30-2:0', 'Sunday 10:0-1:0']",Eastside,"['Restaurants', 'Tapas Bars', 'Spanish', 'Tapas/Small Plates']",36.120135075,4.5,"['Alcohol: full_bar', ""Ambience: {'romantic': False, 'intimate': False, 'classy': False, 'hipster': False, 'divey': False, 'touristy': False, 'trendy': False, 'upscale': False, 'casual': True}"", 'BikeParking: True', 'BusinessAcceptsCreditCards: True', ""BusinessParking: {'garage': False, 'street': False, 'validated': False, 'lot': True, 'valet': False}"", 'Caters: True', 'DogsAllowed: False', 'GoodForKids: False', ""GoodForMeal: {'dessert': False, 'latenight': True, 'lunch': False, 'dinner': True, 'breakfast': False, 'brunch': False}"", 'HasTV: True', 'NoiseLevel: average', 'OutdoorSeating: True', 'RestaurantsAttire: casual', 'RestaurantsDelivery: False', 'RestaurantsGoodForGroups: True', 'RestaurantsPriceRange2: 2', 'RestaurantsReservations: True', 'RestaurantsTableService: True', 'RestaurantsTakeOut: True', 'WheelchairAccessible: True', 'WiFi: free']",-115.154417458,3824 Paradise Rd,89169,NV,1,kRgAf6j2y1eR0wOFdzFAuw,business
56 Kitchen,Solon,47,"['Monday 11:0-22:0', 'Tuesday 11:0-22:0', 'Wednesday 11:0-22:0', 'Thursday 11:0-22:0', 'Friday 11:0-22:0', 'Saturday 11:0-22:0']",,"['Nightlife', 'Bars', 'Restaurants', 'Pizza', 'American (New)']",41.3864229,4.5,"['Alcohol: full_bar', ""Ambience: {'romantic': False, 'intimate': False, 'classy': False, 'hipster': False, 'divey': False, 'touristy': False, 'trendy': False, 'upscale': False, 'casual': False}"", 'BikeParking: False', 'BusinessAcceptsCreditCards: True', ""BusinessParking: {'garage': False, 'street': False, 'validated': False, 'lot': True, 'valet': False}"", 'Caters: True', 'CoatCheck: False', 'GoodForDancing: False', 'GoodForKids: True', ""GoodForMeal: {'dessert': False, 'latenight': False, 'lunch': False, 'dinner': False, 'breakfast': False, 'brunch': False}"", 'HappyHour: True', 'HasTV: True', ""Music: {'dj': False, 'background_music': True, 'no_music': False, 'karaoke': False, 'live': False, 'video': False, 'jukebox': False}"", 'OutdoorSeating: False', 'RestaurantsAttire: casual', 'RestaurantsDelivery: False', 'RestaurantsGoodForGroups: True', 'RestaurantsPriceRange2: 2', 'RestaurantsReservations: True', 'RestaurantsTableService: True', 'RestaurantsTakeOut: True', 'NoiseLevel: loud', 'Smoking: no']",-81.440083,33587 Aurora Rd,44139,OH,1,_6n27rKvvDiPzWjcF24onA,business
All Good,Edinburgh,8,"['Monday 8:0-16:0', 'Tuesday 8:0-15:0', 'Wednesday 8:0-15:0', 'Thursday 8:0-16:0', 'Friday 8:0-16:0', 'Saturday 9:30-15:0']",West End,"['Coffee & Tea', 'Restaurants', 'Food', 'Sandwiches']",55.9457445,4.0,"['Alcohol: none', 'BusinessAcceptsCreditCards: True', ""BusinessParking: {'garage': False, 'street': False, 'lot': False, 'valet': False}"", 'Caters: True', ""GoodForMeal: {'dessert': False, 'latenight': False, 'lunch': False, 'dinner': False, 'breakfast': False, 'brunch': False}"", 'OutdoorSeating: False', 'RestaurantsAttire: casual', 'RestaurantsGoodForGroups: False', 'RestaurantsPriceRange2: 1', 'RestaurantsTableService: True', 'RestaurantsTakeOut: True', 'WiFi: free']",-3.210137,107-109 Morrison Street,EH3 8BX,EDH,0,QD6WyyGUW2dYNWmCVVIIUw,business
Crazy Mocha Coffee,Pittsburgh,14,"['Monday 7:0-21:0', 'Tuesday 7:0-21:0', 'Wednesday 7:0-21:0', 'Thursday 7:0-21:0', 'Friday 7:0-21:0', 'Saturday 8:0-21:0', 'Sunday 9:0-21:0']",Lawrenceville,"['Restaurants', 'Sandwiches', 'Food', 'Coffee & Tea']",40.4692949,3.5,"['BikeParking: True', 'BusinessAcceptsCreditCards: True', ""BusinessParking: {'garage': False, 'street': True, 'validated': False, 'lot': False, 'valet': False}"", 'GoodForKids: True', ""GoodForMeal: {'dessert': False, 'latenight': False, 'lunch': False, 'dinner': False, 'breakfast': False, 'brunch': False}"", 'HasTV: False', 'OutdoorSeating: True', 'RestaurantsAttire: casual', 'RestaurantsDelivery: False', 'RestaurantsGoodForGroups: True', 'RestaurantsPriceRange2: 1', 'RestaurantsReservations: False', 'RestaurantsTakeOut: True', 'WiFi: free']",-79.9612733,4032 Butler St,15201,PA,1,o1fTwfqN0sDFNpV1CkOPPg,business
Glow,Montréal,5,"['Monday 11:0-18:0', 'Tuesday 11:0-18:0', 'Wednesday 11:0-18:0', 'Thursday 11:0-18:0', 'Friday 11:0-18:0', 'Saturday 12:0-17:0']",Outremont,"['Restaurants', 'Vegan', 'Juice Bars & Smoothies', 'Vegetarian', 'Food', 'Salad', 'Gluten-Free']",45.5216695,4.0,"['Alcohol: none', ""Ambience: {'romantic': False, 'intimate': False, 'classy': False, 'hipster': False, 'touristy': False, 'trendy': False, 'upscale': False, 'casual': False}"", 'BikeParking: True', 'BusinessAcceptsCreditCards: True', ""BusinessParking: {'garage': False, 'street': True, 'validated': False, 'lot': False, 'valet': False}"", 'Caters: True', 'DogsAllowed: True', 'GoodForKids: True', ""GoodForMeal: {'dessert': False, 'latenight': False, 'lunch': False, 'dinner': False, 'breakfast': False, 'brunch': False}"", 'HasTV: False', 'OutdoorSeating: False', 'RestaurantsAttire: casual', 'RestaurantsDelivery: True', 'RestaurantsGoodForGroups: True', 'RestaurantsPriceRange2: 1', 'RestaurantsReservations: False', 'RestaurantsTakeOut: True', 'WiFi: free']",-73.6140214,1281A Avenue Van Horne,H2V 1K5,QC,0,e8LyJefmrtdrFwnCufhmSw,business
Sweet Tea's Restaurant & Catering,Pineville,73,"['Monday 11:0-20:0', 'Tuesday 11:0-20:0', 'Wednesday 11:0-20:0', 'Thursday 11:0-20:0', 'Friday 11:0-21:0', 'Saturday 11:0-21:0']",,"['American (Traditional)', 'Restaurants', 'Caterers', 'Event Planning & Services']",35.0869866,3.5,"['Alcohol: beer_and_wine', ""Ambience: {'romantic': False, 'intimate': False, 'classy': False, 'hipster': False, 'divey': False, 'touristy': False, 'trendy': False, 'upscale': False, 'casual': True}"", 'BusinessAcceptsCreditCards: True', ""BusinessParking: {'garage': False, 'street': False, 'validated': False, 'lot': True, 'valet': False}"", 'Caters: True', 'GoodForKids: True', ""GoodForMeal: {'dessert': False, 'latenight': False, 'lunch': True, 'dinner': False, 'breakfast': False, 'brunch': False}"", 'HasTV: False', 'NoiseLevel: average', 'OutdoorSeating: False', 'RestaurantsAttire: casual', 'RestaurantsDelivery: True', 'RestaurantsGoodForGroups: True', 'RestaurantsPriceRange2: 2', 'RestaurantsReservations: True', 'RestaurantsTableService: True', 'RestaurantsTakeOut: True', 'WheelchairAccessible: True', 'WiFi: free']",-80.8717654,9101 Pineville Matthews Rd,28134,NC,0,-guxo51AuUa_J8RuJ70EWg,business
DiBella's Subs,Warrensville Hts.,31,"['Monday 10:0-21:0', 'Tuesday 10:0-21:0', 'Wednesday 10:0-21:0', 'Thursday 10:0-21:0', 'Friday 10:0-22:0', 'Saturday 10:0-22:0', 'Sunday 10:0-21:0']",,"['Sandwiches', 'Restaurants', 'Delis', 'Salad']",41.4471645,3.5,"['Alcohol: none', ""Ambience: {'romantic': False, 'intimate': False, 'classy': False, 'hipster': False, 'divey': False, 'touristy': False, 'trendy': False, 'upscale': False, 'casual': True}"", 'BikeParking: True', 'BusinessAcceptsCreditCards: True', ""BusinessParking: {'garage': False, 'street': False, 'validated': False, 'lot': True, 'valet': False}"", 'Caters: True', 'GoodForKids: True', ""GoodForMeal: {'dessert': False, 'latenight': False, 'lunch': True, 'dinner': False, 'breakfast': False, 'brunch': False}"", 'HasTV: False', 'NoiseLevel: average', 'OutdoorSeating: False', 'RestaurantsAttire: casual', 'RestaurantsDelivery: True', 'RestaurantsGoodForGroups: True', 'RestaurantsPriceRange2: 1', 'RestaurantsReservations: False', 'RestaurantsTableService: False', 'RestaurantsTakeOut: True', 'WheelchairAccessible: False', 'WiFi: no']",-81.4968477,4025 Richmond Rd,44122,OH,1,Y28XY3fko-Sdb9RBBgCDRQ,business
Dobe & Andy,Montréal,29,"['Monday 8:0-19:0', 'Tuesday 8:0-19:0', 'Wednesday 8:0-19:0', 'Thursday 8:0-19:0', 'Friday 8:0-19:0', 'Saturday 8:0-19:0', 'Sunday 8:0-19:0']",Ville-Marie,"['Restaurants', 'Chinese']",45.5077638,4.0,"['Alcohol: none', ""Ambience: {'romantic': False, 'intimate': False, 'classy': False, 'hipster': False, 'touristy': False, 'trendy': False, 'upscale': False, 'casual': False}"", 'BikeParking: True', 'BusinessAcceptsCreditCards: False', ""BusinessParking: {'garage': False, 'street': False, 'validated': False, 'lot': False, 'valet': False}"", 'Caters: True', 'GoodForKids: True', ""GoodForMeal: {'dessert': False, 'latenight': False, 'lunch': True, 'dinner': False, 'breakfast': False, 'brunch': False}"", 'HasTV: False', 'NoiseLevel: loud', 'OutdoorSeating: False', 'RestaurantsAttire: casual', 'RestaurantsDelivery: False', 'RestaurantsGoodForGroups: True', 'RestaurantsPriceRange2: 1', 'RestaurantsReservations: False', 'RestaurantsTableService: True', 'RestaurantsTakeOut: True', 'WiFi: no']",-73.5619422,1111 Saint-Urbain Rue,H2Z 1Y6,QC,1,WkqoHQYYfnQuKEU4a8kjGQ,business
The P Jays Take Out,Scarborough,16,"['Monday 11:0-19:30', 'Tuesday 11:0-19:30', 'Wednesday 11:0-19:30', 'Thursday 11:0-19:30', 'Friday 11:0-19:30', 'Saturday 11:30-18:0']",Scarborough,"['Restaurants', 'Caribbean', 'Canadian (New)']",43.7963011,4.5,"[""Ambience: {'romantic': False, 'intimate': False, 'classy': False, 'hipster': False, 'touristy': False, 'trendy': False, 'upscale': False, 'casual': False}"", 'BusinessAcceptsCreditCards: False', ""BusinessParking: {'garage': False, 'street': False, 'validated': False, 'lot': False, 'valet': False}"", 'GoodForKids: True', ""GoodForMeal: {'dessert': False, 'latenight': False, 'lunch': False, 'dinner': False, 'breakfast': False, 'brunch': False}"", 'NoiseLevel: average', 'OutdoorSeating: False', 'RestaurantsAttire: casual', 'RestaurantsDelivery: True', 'RestaurantsGoodForGroups: False', 'RestaurantsPriceRange2: 2', 'RestaurantsReservations: False', 'RestaurantsTableService: False', 'RestaurantsTakeOut: True', 'BikeParking: True', 'HasTV: False', 'Alcohol: none', 'WiFi: no']",-79.2930538,2677 Kennedy Road,M1T 3H8,ON,1,-q-9ZxIi-pQ9vNAtEkvkYA,business
Amber Hotel Leonberg / Stuttgart,Leonberg,6,"['Monday 0:0-0:0', 'Tuesday 0:0-0:0', 'Wednesday 0:0-0:0', 'Thursday 0:0-0:0', 'Friday 0:0-0:0', 'Saturday 0:0-0:0', 'Sunday 0:0-0:0']",,"['Hotels', 'Hotels & Travel', 'Restaurants', 'Event Planning & Services']",48.795889,4.0,"['BusinessAcceptsBitcoin: False', 'BusinessAcceptsCreditCards: True', 'DogsAllowed: True', 'RestaurantsPriceRange2: 2', 'WiFi: paid']",9.0141849,Römerstr. 102,71229,BW,1,vxvQKcQqufR6aR1gX6MmWA,business
Las Mkt,Las Vegas,21,,Southeast,"['Sandwiches', 'Restaurants', 'American (Traditional)']",36.08044,2.5,"['Alcohol: none', ""Ambience: {'romantic': False, 'intimate': False, 'classy': False, 'hipster': False, 'divey': False, 'touristy': False, 'trendy': False, 'upscale': False, 'casual': False}"", 'BikeParking: False', 'BusinessAcceptsCreditCards: True', 'Caters: False', 'GoodForKids: True', ""GoodForMeal: {'dessert': False, 'latenight': False, 'lunch': False, 'dinner': False, 'breakfast': True, 'brunch': False}"", 'HasTV: False', 'OutdoorSeating: False', 'RestaurantsAttire: casual', 'RestaurantsDelivery: False', 'RestaurantsGoodForGroups: False', 'RestaurantsPriceRange2: 2', 'RestaurantsReservations: False', 'RestaurantsTableService: False', 'RestaurantsTakeOut: True', 'WiFi: no']",-115.146097,"McCarran International Airport, 5757 Wayne Newton Blvd",89119,NV,1,Mv2SeBkY0DASmwO1-mM-iQ,business
Popeye's Famous Fried Chicken and Biscuits,Las Vegas,7,,,"['Restaurants', 'Fast Food']",36.2369865,3.5,"['Alcohol: none', ""Ambience: {'romantic': False, 'intimate': False, 'classy': False, 'hipster': False, 'divey': False, 'touristy': False, 'trendy': False, 'upscale': False, 'casual': False}"", 'BikeParking: True', 'BusinessAcceptsCreditCards: True', ""BusinessParking: {'garage': False, 'street': False, 'validated': False, 'lot': False, 'valet': False}"", 'Caters: True', 'DriveThru: True', 'GoodForKids: True', ""GoodForMeal: {'dessert': False, 'latenight': False, 'lunch': True, 'dinner': False, 'breakfast': False, 'brunch': False}"", 'HasTV: False', 'NoiseLevel: average', 'OutdoorSeating: False', 'RestaurantsAttire: casual', 'RestaurantsDelivery: False', 'RestaurantsGoodForGroups: True', 'RestaurantsPriceRange2: 1', 'RestaurantsReservations: False', 'RestaurantsTableService: False', 'RestaurantsTakeOut: True', 'WiFi: no']",-115.0479396,5581 Rickenbacker Rd,89115,NV,1,zb8kMYcte7WLcB-7CG3vNg,business
Burrito Masters,Oakville,9,"['Monday 11:0-22:0', 'Tuesday 11:0-22:0', 'Wednesday 11:0-22:0', 'Thursday 11:0-22:0', 'Friday 11:0-22:0', 'Saturday 12:0-22:0', 'Sunday 12:0-21:0']",,"['Mexican', 'Fast Food', 'Restaurants']",43.4831052,3.0,"['Alcohol: none', ""Ambience: {'romantic': False, 'intimate': False, 'classy': False, 'hipster': False, 'touristy': False, 'trendy': False, 'upscale': False, 'casual': False}"", 'BikeParking: True', 'BusinessAcceptsCreditCards: True', ""BusinessParking: {'garage': False, 'street': False, 'validated': False, 'lot': True, 'valet': False}"", 'Caters: True', 'DogsAllowed: False', 'GoodForKids: True', ""GoodForMeal: {'dessert': False, 'latenight': False, 'lunch': False, 'dinner': False, 'breakfast': False, 'brunch': False}"", 'HasTV: True', 'NoiseLevel: average', 'OutdoorSeating: True', 'RestaurantsAttire: casual', 'RestaurantsDelivery: True', 'RestaurantsGoodForGroups: True', 'RestaurantsReservations: False', 'RestaurantsTableService: False', 'RestaurantsTakeOut: True', 'WheelchairAccessible: True', 'WiFi: no', 'RestaurantsPriceRange2: 1']",-79.7129498,2335 Trafalgar Road,L6H 6N9,ON,1,SlNVQmdzHfMKI_uPQoC28A,business
Veranda Restaurant & Wine Bar,Fitchburg,35,"['Monday 15:0-21:0', 'Tuesday 15:0-21:0', 'Wednesday 15:0-21:0', 'Thursday 15:0-21:0', 'Friday 15:0-22:0', 'Saturday 15:0-22:0']",,"['Restaurants', 'Nightlife', 'Wine Bars', 'Mediterranean', 'Bars']",43.006191,3.5,"['Alcohol: full_bar', ""Ambience: {'romantic': False, 'intimate': False, 'classy': False, 'hipster': False, 'divey': False, 'touristy': False, 'trendy': False, 'upscale': False, 'casual': True}"", 'BusinessAcceptsCreditCards: True', ""BusinessParking: {'garage': False, 'street': False, 'validated': False, 'lot': True, 'valet': False}"", 'Caters: True', 'GoodForDancing: False', 'GoodForKids: False', ""GoodForMeal: {'dessert': False, 'latenight': False, 'lunch': False, 'dinner': False, 'breakfast': False, 'brunch': False}"", 'HappyHour: True', 'HasTV: True', 'NoiseLevel: average', 'OutdoorSeating: True', 'RestaurantsAttire: casual', 'RestaurantsDelivery: False', 'RestaurantsGoodForGroups: True', 'RestaurantsPriceRange2: 3', 'RestaurantsReservations: True', 'RestaurantsTableService: True', 'RestaurantsTakeOut: True', 'WheelchairAccessible: True', 'WiFi: free']",-89.426755,2790 S Fish Hatchery Rd,53711,WI,0,d00CmCZ6WlNTMlYCfyuZ0g,business
Touché Restaurant & Martini Lounge,Toronto,3,"['Tuesday 18:0-2:0', 'Wednesday 18:0-2:0', 'Thursday 18:0-2:0', 'Friday 18:0-2:0', 'Saturday 18:0-2:0', 'Sunday 18:0-2:0']",Little Italy,"['Lounges', 'Nightlife', 'Canadian (New)', 'Restaurants', 'Bars']",43.6549857,2.5,"['Alcohol: full_bar', 'NoiseLevel: loud', 'RestaurantsGoodForGroups: True', 'Smoking: yes']",-79.4169332,669 College Street,M6G 1B9,ON,1,FzhOeO3CCQ3EUsuIUwh41g,business
Rosati's Pizza,Scottsdale,38,"['Monday 11:0-22:0', 'Tuesday 11:0-22:0', 'Wednesday 11:0-22:0', 'Thursday 11:0-22:0', 'Friday 11:0-23:0', 'Saturday 11:0-23:0', 'Sunday 11:0-22:0']",,"['Food Delivery Services', 'Italian', 'Food', 'Restaurants', 'Pizza']",33.5846795,4.0,"['Alcohol: none', ""Ambience: {'romantic': False, 'intimate': False, 'classy': False, 'hipster': False, 'divey': True, 'touristy': False, 'trendy': False, 'upscale': False, 'casual': False}"", 'BikeParking: True', 'BusinessAcceptsBitcoin: True', 'BusinessAcceptsCreditCards: True', ""BusinessParking: {'garage': False, 'street': False, 'validated': False, 'lot': True, 'valet': False}"", 'Caters: True', 'GoodForKids: True', ""GoodForMeal: {'dessert': False, 'latenight': False, 'lunch': True, 'dinner': True, 'breakfast': False, 'brunch': False}"", 'HasTV: True', 'NoiseLevel: average', 'OutdoorSeating: False', 'RestaurantsAttire: casual', 'RestaurantsDelivery: True', 'RestaurantsGoodForGroups: True', 'RestaurantsPriceRange2: 2', 'RestaurantsReservations: True', 'RestaurantsTableService: True', 'RestaurantsTakeOut: True', 'WheelchairAccessible: True', 'WiFi: free']",-111.8302356,"10855 N 116th St, Ste 140",85259,AZ,1,HAvlj15w6j1noGeY0kleDQ,business
Royal Pizzeria & Spaghetti House,Georgetown,3,,,"['Restaurants', 'Italian', 'Pizza']",43.6506838,2.5,"['GoodForKids: True', 'RestaurantsDelivery: True', 'RestaurantsGoodForGroups: True', 'RestaurantsReservations: True', 'RestaurantsTakeOut: True']",-79.9116956,134 Guelph Street,L7G 4A5,ON,1,SdEeTEv3tgXN-d_c4nhBNw,business
Blue Heron Grill,Fort Mill,4,"['Monday 11:30-20:0', 'Tuesday 11:30-20:0', 'Wednesday 11:30-20:0', 'Thursday 11:30-20:0', 'Friday 11:30-20:0', 'Saturday 11:30-20:0', 'Sunday 11:30-17:0']",,"['Restaurants', 'Party & Event Planning', 'Event Planning & Services', 'Seafood', 'American (New)']",34.9305809,4.0,"['Alcohol: full_bar', 'BusinessAcceptsCreditCards: True', 'GoodForKids: True', 'NoiseLevel: average', 'RestaurantsAttire: casual', 'RestaurantsDelivery: True', 'RestaurantsGoodForGroups: True', 'RestaurantsPriceRange2: 1', 'RestaurantsReservations: False', 'RestaurantsTableService: True', 'RestaurantsTakeOut: True']",-80.8433902,23012 Kingfisher Dr,29707,SC,0,6cIH7YCatwfF6Gt6xhj5_g,business
Johnny Rockets,Las Vegas,52,"['Monday 11:0-0:0', 'Tuesday 11:0-0:0', 'Wednesday 11:0-0:0', 'Thursday 11:0-0:0', 'Friday 11:0-2:0', 'Saturday 11:0-2:0', 'Sunday 11:0-0:0']",The Strip,"['Restaurants', 'Sandwiches', 'Diners', 'Burgers', 'American (Traditional)']",36.1142773,3.0,"['Alcohol: beer_and_wine', ""Ambience: {'romantic': False, 'intimate': False, 'classy': False, 'hipster': False, 'divey': False, 'touristy': True, 'trendy': False, 'upscale': False, 'casual': False}"", 'BikeParking: False', 'BusinessAcceptsCreditCards: True', ""BusinessParking: {'garage': True, 'street': False, 'validated': False, 'lot': False, 'valet': False}"", 'Caters: False', 'DriveThru: False', 'GoodForKids: True', 'HasTV: False', 'OutdoorSeating: False', 'RestaurantsAttire: casual', 'RestaurantsDelivery: False', 'RestaurantsGoodForGroups: True', 'RestaurantsPriceRange2: 2', 'RestaurantsReservations: False', 'RestaurantsTableService: True', 'RestaurantsTakeOut: True', 'WiFi: no', ""GoodForMeal: {'dessert': False, 'latenight': False, 'lunch': True, 'dinner': True, 'breakfast': False, 'brunch': False}"", 'NoiseLevel: loud']",-115.1709763,3645 Las Vegas Blvd S,89117,NV,1,YLL7tZjII-lsEprbfVkMzQ,business
Violet Angel,Sainte-Anne-De-Bellevue,12,,,"['Canadian (New)', 'Pizza', 'Restaurants']",45.4040858,4.5,"['Alcohol: full_bar', ""Ambience: {'romantic': False, 'intimate': False, 'classy': False, 'hipster': False, 'touristy': False, 'trendy': False, 'upscale': False, 'casual': True}"", 'BikeParking: True', 'BusinessAcceptsCreditCards: True', ""BusinessParking: {'garage': False, 'street': True, 'validated': False, 'lot': False, 'valet': False}"", 'Caters: True', 'GoodForKids: True', ""GoodForMeal: {'dessert': False, 'latenight': False, 'lunch': True, 'dinner': False, 'breakfast': False, 'brunch': False}"", 'HasTV: False', 'NoiseLevel: average', 'OutdoorSeating: True', 'RestaurantsAttire: casual', 'RestaurantsDelivery: False', 'RestaurantsGoodForGroups: True', 'RestaurantsPriceRange2: 2', 'RestaurantsReservations: True', 'RestaurantsTableService: True', 'RestaurantsTakeOut: True']",-73.953437,150 Rue Sainte-Anne,H9X 1M4,QC,1,iesuYDfW6VYYLUn-IOMNmg,business
Tommy's Restaurant,Cleveland Heights,353,"['Monday 9:0-21:0', 'Tuesday 9:0-21:0', 'Wednesday 9:0-21:0', 'Thursday 9:0-21:0', 'Friday 9:0-22:0', 'Saturday 7:30-22:0', 'Sunday 9:0-21:0']",,"['Vegetarian', 'Restaurants', 'American (Traditional)', 'Vegan']",41.5099593143,4.0,"['Alcohol: none', ""Ambience: {'romantic': False, 'intimate': False, 'classy': False, 'hipster': False, 'divey': False, 'touristy': False, 'trendy': False, 'upscale': False, 'casual': True}"", 'BYOB: False', 'BYOBCorkage: no', 'BikeParking: True', 'BusinessAcceptsCreditCards: True', ""BusinessParking: {'garage': False, 'street': True, 'validated': False, 'lot': False, 'valet': False}"", 'Caters: False', 'GoodForKids: True', ""GoodForMeal: {'dessert': False, 'latenight': False, 'lunch': True, 'dinner': False, 'breakfast': False, 'brunch': False}"", 'HasTV: False', 'NoiseLevel: average', 'OutdoorSeating: False', 'RestaurantsAttire: casual', 'RestaurantsDelivery: False', 'RestaurantsGoodForGroups: True', 'RestaurantsPriceRange2: 2', 'RestaurantsReservations: False', 'RestaurantsTableService: True', 'RestaurantsTakeOut: True', 'WheelchairAccessible: True', 'WiFi: free']",-81.5801372801,1824 Coventry Rd,44118,OH,1,MVIthKWqwkQz0dai7LkVzQ,business
Habanero's,Toronto,22,,St. Lawrence,"['Restaurants', 'Caterers', 'Event Planning & Services', 'Mexican']",43.6485607,2.0,"['Alcohol: full_bar', ""Ambience: {'romantic': False, 'intimate': False, 'classy': False, 'hipster': False, 'touristy': False, 'trendy': False, 'upscale': False, 'casual': False}"", 'BusinessAcceptsCreditCards: True', ""BusinessParking: {'garage': False, 'street': True, 'validated': False, 'lot': False, 'valet': False}"", 'Caters: True', 'GoodForKids: True', ""GoodForMeal: {'dessert': False, 'latenight': False, 'lunch': False, 'dinner': True, 'breakfast': False, 'brunch': False}"", 'OutdoorSeating: False', 'RestaurantsAttire: casual', 'RestaurantsDelivery: True', 'RestaurantsGoodForGroups: True', 'RestaurantsPriceRange2: 2', 'RestaurantsReservations: True', 'RestaurantsTableService: True', 'RestaurantsTakeOut: False', 'WheelchairAccessible: False']",-79.3745641,52 Wellington Street E,M5E 1C7,ON,0,kkmnzRWOq9mJVpQQzgv-9w,business
The Captain's Boil,Toronto,136,"['Monday 11:0-23:0', 'Tuesday 11:0-23:0', 'Wednesday 11:0-23:0', 'Thursday 11:0-23:0', 'Friday 11:0-0:0', 'Saturday 11:0-0:0', 'Sunday 11:0-23:0']",Downtown Core,"['Seafood', 'Restaurants', 'Asian Fusion', 'Cajun/Creole']",43.6624099,3.5,"['Alcohol: beer_and_wine', ""Ambience: {'romantic': False, 'intimate': False, 'classy': False, 'hipster': False, 'touristy': False, 'trendy': False, 'upscale': False, 'casual': True}"", 'BikeParking: True', 'BusinessAcceptsCreditCards: True', ""BusinessParking: {'garage': False, 'street': True, 'validated': False, 'lot': False, 'valet': False}"", 'Caters: False', 'GoodForKids: True', ""GoodForMeal: {'dessert': False, 'latenight': False, 'lunch': False, 'dinner': True, 'breakfast': False, 'brunch': False}"", 'HasTV: True', 'NoiseLevel: average', 'OutdoorSeating: False', 'RestaurantsAttire: casual', 'RestaurantsDelivery: False', 'RestaurantsGoodForGroups: True', 'RestaurantsPriceRange2: 2', 'RestaurantsReservations: True', 'RestaurantsTableService: True', 'RestaurantsTakeOut: True', 'WheelchairAccessible: False', 'WiFi: no']",-79.3837258,476 Yonge St,M5G 1G7,ON,1,bLtC8xJXkd1b6MT0KjnSvw,business
Rockne's,Stow,23,"['Monday 11:0-21:0', 'Tuesday 11:0-21:0', 'Wednesday 11:0-21:0', 'Thursday 11:0-21:0', 'Friday 11:0-22:0', 'Saturday 11:0-22:0', 'Sunday 11:0-21:0']",,"['American (Traditional)', 'Restaurants']",41.182708,3.0,"['Alcohol: full_bar', ""Ambience: {'romantic': False, 'intimate': False, 'classy': False, 'hipster': False, 'divey': False, 'touristy': False, 'trendy': False, 'upscale': False, 'casual': True}"", 'BikeParking: True', 'BusinessAcceptsCreditCards: True', ""BusinessParking: {'garage': False, 'street': False, 'validated': False, 'lot': True, 'valet': False}"", 'Caters: False', 'GoodForKids: True', ""GoodForMeal: {'dessert': False, 'latenight': False, 'lunch': True, 'dinner': False, 'breakfast': False, 'brunch': False}"", 'HasTV: True', 'NoiseLevel: average', 'OutdoorSeating: False', 'RestaurantsAttire: casual', 'RestaurantsDelivery: False', 'RestaurantsGoodForGroups: True', 'RestaurantsPriceRange2: 2', 'RestaurantsReservations: False', 'RestaurantsTableService: True', 'RestaurantsTakeOut: True', 'WiFi: free']",-81.4727177,4240 Hudson Dr,44224,OH,1,wq2_ZM7KU_Wc93tonTTsdQ,business
Camus,Phoenix,15,,,"['Nightlife', 'Restaurants']",33.491112,4.5,"['BYOB: False', 'BYOBCorkage: no', 'BusinessAcceptsCreditCards: True', ""BusinessParking: {'garage': False, 'street': False, 'validated': False, 'lot': True, 'valet': False}"", 'GoodForKids: False', 'HappyHour: True', 'OutdoorSeating: True', 'RestaurantsAttire: casual', 'RestaurantsDelivery: False', 'RestaurantsGoodForGroups: True', 'RestaurantsPriceRange2: 2', 'RestaurantsReservations: True', 'RestaurantsTableService: True']",-112.0791977,401 W Clarendon Ave,85013,AZ,0,hJgAUo66s6v0ndqeMdW2mw,business
Romano Panini,Newmarket,3,"['Monday 11:0-20:0', 'Tuesday 11:0-20:0', 'Wednesday 11:0-20:0', 'Thursday 11:0-20:0', 'Friday 11:0-21:0', 'Saturday 11:0-20:0', 'Sunday 12:0-17:0']",,"['Restaurants', 'Sandwiches', 'Italian']",44.0393698606,4.0,"['Alcohol: none', ""Ambience: {'romantic': False, 'intimate': False, 'classy': False, 'hipster': False, 'touristy': False, 'trendy': False, 'upscale': False, 'casual': False}"", 'BusinessAcceptsCreditCards: True', 'GoodForKids: True', ""GoodForMeal: {'dessert': False, 'latenight': False, 'lunch': False, 'dinner': False, 'breakfast': False, 'brunch': False}"", 'HasTV: True', 'NoiseLevel: quiet', 'OutdoorSeating: False', 'RestaurantsAttire: casual', 'RestaurantsDelivery: True', 'RestaurantsGoodForGroups: True', 'RestaurantsPriceRange2: 1', 'RestaurantsReservations: False', 'RestaurantsTableService: False', 'RestaurantsTakeOut: True']",-79.4776978788,"16850 Yonge Street, Suite 103",L3Y 5L8,ON,1,PXHQ0u-mKdPA5fZ0auG9Gg,business
Porteree,Toronto,3,"['Monday 11:0-2:0', 'Tuesday 11:0-2:0', 'Wednesday 11:0-2:0', 'Thursday 11:0-2:0', 'Friday 11:0-2:0', 'Saturday 11:0-2:0', 'Sunday 11:0-2:0']",Little Italy,"['Nightlife', 'Bars', 'Pubs', 'Italian', 'Indian', 'Restaurants']",43.6552566,3.0,"['Alcohol: full_bar', ""Ambience: {'romantic': False, 'intimate': False, 'classy': False, 'hipster': False, 'touristy': False, 'trendy': False, 'upscale': False, 'casual': False}"", ""BestNights: {'monday': False, 'tuesday': False, 'friday': True, 'wednesday': False, 'thursday': True, 'sunday': False, 'saturday': True}"", 'BusinessAcceptsCreditCards: True', ""BusinessParking: {'garage': False, 'street': False, 'validated': False, 'lot': False, 'valet': False}"", 'Caters: True', 'CoatCheck: False', 'GoodForDancing: False', 'GoodForKids: True', ""GoodForMeal: {'dessert': False, 'latenight': False, 'lunch': False, 'dinner': False, 'breakfast': False, 'brunch': False}"", 'HasTV: True', ""Music: {'dj': False, 'background_music': True, 'no_music': False, 'karaoke': False, 'live': False, 'video': False, 'jukebox': False}"", 'NoiseLevel: average', 'OutdoorSeating: True', 'RestaurantsAttire: casual', 'RestaurantsDelivery: True', 'RestaurantsGoodForGroups: True', 'RestaurantsPriceRange2: 2', 'RestaurantsTableService: True', 'RestaurantsTakeOut: True', 'Smoking: no']",-79.4132866,583 College Street,M6G 1B2,ON,0,YhZNYAnifMOmIddWh2YwcQ,business
Uncorked Wine Lounge & Eatery,Scottsdale,21,"['Monday 11:0-22:0', 'Tuesday 11:0-22:0', 'Wednesday 11:0-22:0', 'Thursday 11:0-23:0', 'Friday 11:0-0:0', 'Saturday 12:0-23:0']",,"['Nightlife', 'Restaurants', 'American (Traditional)', 'Tapas Bars', 'Bars', 'Wine Bars']",33.6404376434,4.5,"['Alcohol: beer_and_wine', ""Ambience: {'romantic': False, 'intimate': False, 'classy': False, 'hipster': False, 'divey': False, 'touristy': False, 'trendy': False, 'upscale': False, 'casual': False}"", ""BestNights: {'monday': True, 'tuesday': False, 'friday': False, 'wednesday': False, 'thursday': False, 'sunday': False, 'saturday': False}"", 'BikeParking: True', 'BusinessAcceptsCreditCards: True', 'GoodForDancing: False', 'GoodForKids: False', ""GoodForMeal: {'dessert': False, 'latenight': False, 'lunch': False, 'dinner': False, 'breakfast': False, 'brunch': False}"", 'HappyHour: True', 'HasTV: True', 'NoiseLevel: quiet', 'OutdoorSeating: True', 'RestaurantsAttire: casual', 'RestaurantsDelivery: False', 'RestaurantsGoodForGroups: True', 'RestaurantsReservations: True', 'RestaurantsTakeOut: True', 'WiFi: free', 'RestaurantsPriceRange2: 1']",-111.924478442,"17025 North Scottsdale Rd, Ste 140",85255,AZ,1,_qu6EHzJVXHRhA4-2mGFrg,business
Zuppa's Deli,Wexford,46,"['Monday 10:0-20:0', 'Tuesday 10:0-20:0', 'Wednesday 10:0-20:0', 'Thursday 10:0-20:0', 'Friday 10:0-20:0', 'Saturday 10:0-16:0']",,"['Restaurants', 'Delis', 'Italian']",40.6162585,4.5,"['Alcohol: none', ""Ambience: {'romantic': False, 'intimate': False, 'classy': False, 'hipster': False, 'divey': False, 'touristy': False, 'trendy': False, 'upscale': False, 'casual': True}"", 'BikeParking: True', 'BusinessAcceptsCreditCards: True', ""BusinessParking: {'garage': False, 'street': False, 'validated': False, 'lot': True, 'valet': False}"", 'Caters: True', 'GoodForKids: True', ""GoodForMeal: {'dessert': False, 'latenight': False, 'lunch': True, 'dinner': False, 'breakfast': False, 'brunch': False}"", 'HasTV: True', 'NoiseLevel: quiet', 'OutdoorSeating: True', 'RestaurantsAttire: casual', 'RestaurantsDelivery: False', 'RestaurantsGoodForGroups: True', 'RestaurantsPriceRange2: 1', 'RestaurantsReservations: False', 'RestaurantsTableService: False', 'RestaurantsTakeOut: True', 'WheelchairAccessible: True', 'WiFi: no']",-80.0548796,10850 Perry Hwy,15090,PA,1,JZwPJyoJnqlfjCsrnSUmNw,business
Willows Tavern,Waunakee,3,,,"['American (Traditional)', 'Nightlife', 'Restaurants', 'Bars']",43.1498592,2.5,"[""Ambience: {'romantic': False, 'intimate': False, 'classy': False, 'hipster': False, 'divey': False, 'touristy': False, 'trendy': False, 'upscale': False, 'casual': False}"", 'BikeParking: True', 'BusinessAcceptsCreditCards: False', 'GoodForDancing: True', 'GoodForKids: False', 'HappyHour: True', 'HasTV: True', 'OutdoorSeating: True', 'RestaurantsAttire: casual', 'RestaurantsDelivery: False', 'RestaurantsGoodForGroups: True', 'RestaurantsPriceRange2: 1', 'RestaurantsReservations: False']",-89.4179647,5485 Willow Rd,53597,WI,1,eHqruXdW4K78n1BsyUkNSw,business
Harveys Restaurant,Oakville,5,"['Monday 10:0-22:30', 'Tuesday 10:0-22:30', 'Wednesday 10:0-22:30', 'Thursday 10:0-22:30', 'Friday 10:0-23:0', 'Saturday 10:0-23:0', 'Sunday 10:0-22:0']",,"['Restaurants', 'Fast Food', 'Burgers']",43.482566,4.0,"['Alcohol: none', ""Ambience: {'romantic': False, 'intimate': False, 'classy': False, 'hipster': False, 'touristy': False, 'trendy': False, 'upscale': False, 'casual': False}"", 'BikeParking: False', 'BusinessAcceptsCreditCards: True', ""BusinessParking: {'garage': False, 'street': False, 'validated': False, 'lot': False, 'valet': False}"", 'Caters: True', 'DriveThru: True', 'GoodForKids: True', ""GoodForMeal: {'dessert': False, 'latenight': False, 'lunch': False, 'dinner': False, 'breakfast': False, 'brunch': False}"", 'HasTV: False', 'NoiseLevel: quiet', 'OutdoorSeating: False', 'RestaurantsAttire: casual', 'RestaurantsDelivery: False', 'RestaurantsGoodForGroups: True', 'RestaurantsPriceRange2: 1', 'RestaurantsReservations: False', 'RestaurantsTableService: True', 'RestaurantsTakeOut: True', 'WheelchairAccessible: True', 'WiFi: no']",-79.6953266,1011 Upper Middle Rd E,L6H 4L2,ON,1,sr398VHeK-7idHG40TIJOQ,business
Café Frida,Montreal,48,"['Monday 11:0-21:0', 'Tuesday 11:0-21:0', 'Wednesday 11:0-21:0', 'Thursday 11:0-21:0', 'Friday 11:0-21:0', 'Saturday 11:0-21:0']",Sud-Ouest,"['Restaurants', 'Cafes', 'Mexican']",45.4746144,4.5,"['Alcohol: none', ""Ambience: {'romantic': False, 'intimate': False, 'classy': False, 'hipster': False, 'touristy': False, 'trendy': False, 'upscale': False, 'casual': True}"", 'BikeParking: True', 'BusinessAcceptsCreditCards: False', 'Caters: False', 'GoodForKids: True', ""GoodForMeal: {'dessert': False, 'latenight': False, 'lunch': True, 'dinner': True, 'breakfast': False, 'brunch': False}"", 'HasTV: False', 'NoiseLevel: quiet', 'OutdoorSeating: False', 'RestaurantsAttire: casual', 'RestaurantsDelivery: False', 'RestaurantsGoodForGroups: False', 'RestaurantsPriceRange2: 1', 'RestaurantsReservations: False', 'RestaurantsTableService: False', 'RestaurantsTakeOut: True', 'WiFi: no', ""BusinessParking: {'garage': False, 'street': True, 'validated': False, 'lot': False, 'valet': False}""]",-73.5869638,4412 Rue Notre-Dame,H4C 1S1,QC,1,s0GeAnaUENWb2xAn_6EX-Q,business
Dry Bean,Fitchburg,5,,,"['Pubs', 'American (New)', 'Nightlife', 'Bars', 'Restaurants']",43.0216304,2.0,"['Alcohol: full_bar', ""Ambience: {'romantic': False, 'intimate': False, 'classy': False, 'hipster': False, 'divey': False, 'touristy': False, 'trendy': False, 'upscale': False, 'casual': False}"", ""BestNights: {'monday': False, 'tuesday': False, 'friday': True, 'wednesday': False, 'thursday': False, 'sunday': False, 'saturday': True}"", 'BusinessAcceptsCreditCards: True', ""BusinessParking: {'garage': False, 'street': False, 'validated': False, 'lot': False, 'valet': False}"", 'CoatCheck: True', 'GoodForKids: False', ""GoodForMeal: {'dessert': False, 'latenight': False, 'lunch': False, 'dinner': False, 'breakfast': False, 'brunch': False}"", ""Music: {'dj': True, 'background_music': False, 'no_music': False, 'karaoke': False, 'live': True, 'video': False, 'jukebox': False}"", 'OutdoorSeating: False', 'RestaurantsAttire: casual', 'RestaurantsDelivery: False', 'RestaurantsGoodForGroups: True', 'RestaurantsPriceRange2: 2', 'RestaurantsReservations: False', 'RestaurantsTableService: True', 'RestaurantsTakeOut: False', 'Smoking: outdoor', 'WheelchairAccessible: False', 'WiFi: no']",-89.4704037,5264 Verona Rd,53711,WI,0,vXiyhRwW2j18Zo4SKWdP3A,business
Marquis Bar & Grill,Pointe-Claire,3,"['Monday 6:0-0:0', 'Tuesday 6:0-0:0', 'Wednesday 6:0-0:0', 'Thursday 6:0-0:0', 'Friday 6:0-0:0', 'Saturday 6:30-0:0', 'Sunday 6:30-0:0']",Kirkland,"['Restaurants', 'Canadian (New)', 'Breakfast & Brunch', 'Italian']",45.4621304,2.5,"['Alcohol: full_bar', 'BusinessAcceptsCreditCards: True', ""BusinessParking: {'garage': False, 'street': False, 'validated': False, 'lot': True, 'valet': False}"", 'Caters: True', 'DogsAllowed: False', 'GoodForKids: True', 'HasTV: True', 'OutdoorSeating: False', 'RestaurantsAttire: dressy', 'RestaurantsDelivery: False', 'RestaurantsGoodForGroups: True', 'RestaurantsPriceRange2: 3', 'RestaurantsReservations: True', 'RestaurantsTableService: True', 'RestaurantsTakeOut: True', 'WheelchairAccessible: True', 'WiFi: free']",-73.8269105,6700 TransCanada Highway,H9R 1C2,QC,1,wDMgjv968uPOxtRf8FsXEA,business
Sonic,Mesa,25,,,"['Fast Food', 'Restaurants']",33.3923371,1.5,"['Alcohol: none', ""Ambience: {'romantic': False, 'intimate': False, 'classy': False, 'hipster': False, 'divey': False, 'touristy': False, 'trendy': False, 'upscale': False, 'casual': False}"", 'BikeParking: True', 'BusinessAcceptsCreditCards: True', 'Caters: False', 'DriveThru: True', 'GoodForKids: True', ""GoodForMeal: {'dessert': False, 'latenight': False, 'lunch': False, 'dinner': False, 'breakfast': False, 'brunch': False}"", 'HasTV: False', 'NoiseLevel: average', 'OutdoorSeating: True', 'RestaurantsAttire: casual', 'RestaurantsDelivery: False', 'RestaurantsGoodForGroups: False', 'RestaurantsPriceRange2: 1', 'RestaurantsReservations: False', 'RestaurantsTakeOut: True', 'WheelchairAccessible: False', 'WiFi: no']",-111.754444,1260 S Val Vista Dr,85204,AZ,1,Rtaca3VZIioxy6N006NKaQ,business
China Buffet,Champlain,3,"['Monday 10:0-23:0', 'Tuesday 10:0-23:0', 'Wednesday 10:0-23:0', 'Thursday 10:0-23:0', 'Friday 10:0-23:0', 'Saturday 10:0-23:0', 'Sunday 12:0-23:30']",,"['Buffets', 'Restaurants']",44.975666,2.5,"['Alcohol: none', 'BusinessAcceptsCreditCards: True', ""BusinessParking: {'garage': False, 'street': False, 'validated': False, 'lot': False, 'valet': False}"", 'GoodForKids: True', ""GoodForMeal: {'dessert': False, 'latenight': False, 'lunch': False, 'dinner': False, 'breakfast': False, 'brunch': False}"", 'HasTV: False', 'NoiseLevel: quiet', 'OutdoorSeating: False', 'RestaurantsAttire: casual', 'RestaurantsGoodForGroups: True', 'RestaurantsPriceRange2: 2', 'RestaurantsReservations: False', 'RestaurantsTableService: True', 'RestaurantsTakeOut: True', 'WiFi: no']",-73.4849314,876 State Rt 11,12919,NY,1,Uz77JHl5e6zlGa-71-6_dA,business
Riviera Pizza & Pasta,Pittsburgh,20,"['Monday 10:0-0:0', 'Tuesday 10:0-0:0', 'Wednesday 10:0-0:0', 'Thursday 10:0-0:0', 'Friday 10:0-1:0', 'Saturday 10:0-1:0', 'Sunday 10:0-0:0']",North Side,"['Italian', 'Restaurants', 'Burgers', 'Pizza']",40.4600751,3.5,"['Alcohol: full_bar', ""Ambience: {'romantic': False, 'intimate': False, 'classy': False, 'hipster': False, 'divey': False, 'touristy': False, 'trendy': False, 'upscale': False, 'casual': False}"", 'BikeParking: False', 'BusinessAcceptsCreditCards: True', ""BusinessParking: {'garage': False, 'street': False, 'validated': False, 'lot': False, 'valet': False}"", 'DriveThru: False', 'GoodForKids: True', ""GoodForMeal: {'dessert': False, 'latenight': False, 'lunch': False, 'dinner': False, 'breakfast': False, 'brunch': False}"", 'HasTV: False', 'NoiseLevel: quiet', 'OutdoorSeating: False', 'RestaurantsAttire: casual', 'RestaurantsDelivery: True', 'RestaurantsGoodForGroups: True', 'RestaurantsPriceRange2: 1', 'RestaurantsReservations: False', 'RestaurantsTableService: False']",-79.9910633,1213 Spring Garden Ave,15212,PA,1,oRKyGtUsN5IcRReN7ScUwQ,business
Subway,Davidson,5,,,"['Fast Food', 'Restaurants', 'Sandwiches']",35.5034994,3.0,"['BikeParking: False', 'BusinessAcceptsCreditCards: True', ""BusinessParking: {'garage': False, 'street': False, 'validated': False, 'lot': False, 'valet': False}"", 'GoodForKids: True', ""GoodForMeal: {'dessert': False, 'latenight': False, 'lunch': False, 'dinner': False, 'breakfast': False, 'brunch': False}"", 'RestaurantsAttire: casual', 'RestaurantsGoodForGroups: True', 'RestaurantsPriceRange2: 1', 'RestaurantsReservations: False', 'RestaurantsTakeOut: True']",-80.8631998,170 Harbour Place Dr,28036,NC,1,x2HFl9z3xKf-Anup4dXp-Q,business
Ming's Bistro,Davidson,36,"['Monday 11:0-22:0', 'Tuesday 11:0-22:0', 'Wednesday 11:0-22:0', 'Thursday 11:0-22:0', 'Friday 11:0-22:0', 'Saturday 11:0-22:0', 'Sunday 17:0-22:0']",,"['Chinese', 'Sushi Bars', 'Restaurants']",35.501694,3.5,"['Alcohol: beer_and_wine', ""Ambience: {'romantic': False, 'intimate': False, 'classy': False, 'hipster': False, 'divey': False, 'touristy': False, 'trendy': False, 'upscale': False, 'casual': True}"", 'BikeParking: True', 'BusinessAcceptsCreditCards: True', ""BusinessParking: {'garage': False, 'street': True, 'validated': False, 'lot': False, 'valet': False}"", 'Caters: False', 'DogsAllowed: False', 'GoodForKids: True', ""GoodForMeal: {'dessert': False, 'latenight': False, 'lunch': True, 'dinner': True, 'breakfast': False, 'brunch': False}"", 'HasTV: True', 'NoiseLevel: average', 'OutdoorSeating: False', 'RestaurantsAttire: casual', 'RestaurantsDelivery: False', 'RestaurantsGoodForGroups: True', 'RestaurantsPriceRange2: 2', 'RestaurantsReservations: True', 'RestaurantsTableService: True', 'RestaurantsTakeOut: True', 'WheelchairAccessible: True', 'WiFi: free']",-80.861008,"624 Jetton St, Ste 160",28036,NC,1,Pu7GTgTzdjbxAhr8A73zGA,business
Wirtshaus am Ezach,Leonberg,4,"['Monday 17:0-0:0', 'Tuesday 17:0-0:0', 'Wednesday 17:0-0:0', 'Thursday 17:0-0:0', 'Friday 17:0-0:0', 'Sunday 11:30-14:0', 'Sunday 17:30-23:0']",,"['Restaurants', 'Swabian']",48.7917782,4.5,"['BusinessAcceptsCreditCards: False', ""BusinessParking: {'garage': False, 'street': True, 'validated': False, 'lot': True, 'valet': False}"", 'DogsAllowed: True', 'OutdoorSeating: True', 'RestaurantsDelivery: False', 'RestaurantsGoodForGroups: True', 'RestaurantsTakeOut: False', 'WheelchairAccessible: True']",9.0019518,Gebersheimer Str.  1,71229,BW,1,qJqhYuqLsPR2Pjpbdb4HEQ,business
La Reyna Mexican Restaurant & Mariscos,Las Vegas,15,"['Monday 10:0-21:0', 'Wednesday 10:0-21:0', 'Thursday 10:0-21:0', 'Friday 10:0-22:0', 'Saturday 9:0-22:0', 'Sunday 9:0-22:0']",Sunrise,"['Mexican', 'Restaurants']",36.17617,4.0,"['Alcohol: beer_and_wine', ""Ambience: {'romantic': False, 'intimate': False, 'classy': False, 'hipster': False, 'divey': False, 'touristy': False, 'trendy': False, 'upscale': False, 'casual': False}"", 'BusinessAcceptsCreditCards: True', ""BusinessParking: {'garage': False, 'street': True, 'validated': False, 'lot': True, 'valet': False}"", 'Caters: True', 'GoodForKids: True', ""GoodForMeal: {'dessert': False, 'latenight': True, 'lunch': False, 'dinner': False, 'breakfast': False, 'brunch': True}"", 'HasTV: True', 'NoiseLevel: average', 'OutdoorSeating: False', 'RestaurantsAttire: casual', 'RestaurantsDelivery: True', 'RestaurantsGoodForGroups: True', 'RestaurantsPriceRange2: 2', 'RestaurantsReservations: True', 'RestaurantsTableService: True', 'RestaurantsTakeOut: True', 'WheelchairAccessible: True', 'WiFi: no', 'BikeParking: False']",-115.0630157,"745 N Nellis Blvd, Ste 1",89110,NV,1,522GgMvOvzaKCEX6BfAtvg,business
Airport Bukhara,Mississauga,12,,Malton,"['Restaurants', 'Buffets', 'Indian']",43.7069374,3.0,"['Alcohol: full_bar', 'BikeParking: False', 'BusinessAcceptsCreditCards: True', 'GoodForKids: True', ""GoodForMeal: {'dessert': False, 'latenight': False, 'lunch': False, 'dinner': False, 'breakfast': False, 'brunch': False}"", 'HasTV: True', 'NoiseLevel: very_loud', 'RestaurantsAttire: casual', 'RestaurantsDelivery: True', 'RestaurantsGoodForGroups: True', 'RestaurantsPriceRange2: 2', 'RestaurantsReservations: True', 'RestaurantsTableService: True', 'RestaurantsTakeOut: True', 'WiFi: free', ""Ambience: {'romantic': False, 'intimate': False, 'classy': False, 'hipster': False, 'touristy': False, 'trendy': False, 'upscale': False, 'casual': False}""]",-79.6467324,7166 Airport Road,L4T 2H2,ON,1,idrN6XWKErG6nKDsEMNbOQ,business
Kabab Palace,Tempe,128,"['Monday 17:30-21:30', 'Tuesday 11:0-14:30', 'Tuesday 17:30-21:30', 'Wednesday 11:0-14:30', 'Wednesday 17:30-21:30', 'Thursday 11:0-14:30', 'Thursday 17:30-21:30', 'Friday 11:0-14:30', 'Saturday 11:30-15:0', 'Sunday 11:30-15:0', 'Sunday 17:30-21:30']",,"['Buffets', 'Restaurants', 'Indian']",33.3496649,3.5,"['Alcohol: none', ""Ambience: {'romantic': False, 'intimate': False, 'classy': False, 'hipster': False, 'divey': False, 'touristy': False, 'trendy': False, 'upscale': False, 'casual': True}"", 'BYOBCorkage: no', 'BikeParking: True', 'BusinessAcceptsCreditCards: True', ""BusinessParking: {'garage': False, 'street': False, 'validated': False, 'lot': True, 'valet': False}"", 'Caters: True', ""DietaryRestrictions: {'dairy-free': False, 'gluten-free': False, 'vegan': False, 'kosher': False, 'halal': False, 'soy-free': False, 'vegetarian': True}"", 'GoodForKids: True', ""GoodForMeal: {'dessert': False, 'latenight': False, 'lunch': True, 'dinner': True, 'breakfast': False, 'brunch': False}"", 'HasTV: True', 'NoiseLevel: average', 'Open24Hours: False', 'OutdoorSeating: False', 'RestaurantsAttire: casual', 'RestaurantsDelivery: False', 'RestaurantsGoodForGroups: True', 'RestaurantsPriceRange2: 2', 'RestaurantsReservations: True', 'RestaurantsTableService: True', 'RestaurantsTakeOut: True', 'WheelchairAccessible: True', 'WiFi: no']",-111.9475189,"710 W Elliot Rd, Ste 108",85284,AZ,1,biVQDp3K_vNP1eK5wGZOJg,business
Welcome Chicken + Donuts,Phoenix,382,"['Tuesday 8:0-16:0', 'Wednesday 8:0-16:0', 'Thursday 8:0-16:0', 'Friday 8:0-16:0', 'Saturday 8:0-16:0', 'Sunday 8:0-16:0']",,"['Chicken Shop', 'Coffee & Tea', 'Asian Fusion', 'Food', 'Restaurants', 'Chicken Wings', 'Donuts']",33.4365376582,4.0,"['Alcohol: beer_and_wine', ""Ambience: {'romantic': False, 'intimate': False, 'classy': False, 'hipster': False, 'divey': False, 'touristy': False, 'trendy': False, 'upscale': False, 'casual': True}"", 'BikeParking: True', 'BusinessAcceptsCreditCards: True', ""BusinessParking: {'garage': False, 'street': False, 'validated': False, 'lot': True, 'valet': False}"", 'ByAppointmentOnly: False', 'Caters: True', 'DogsAllowed: True', 'GoodForKids: True', ""GoodForMeal: {'dessert': False, 'latenight': False, 'lunch': False, 'dinner': False, 'breakfast': True, 'brunch': True}"", 'HasTV: False', 'NoiseLevel: average', 'OutdoorSeating: True', 'RestaurantsAttire: casual', 'RestaurantsDelivery: False', 'RestaurantsGoodForGroups: True', 'RestaurantsPriceRange2: 1', 'RestaurantsReservations: False', 'RestaurantsTableService: False', 'RestaurantsTakeOut: True', 'WheelchairAccessible: True', 'WiFi: no']",-112.048716904,1535 E Buckeye Rd,85034,AZ,1,umrDQGRNied77aVg29_fVw,business
Samurai Sam's,Phoenix,11,"['Monday 7:30-19:0', 'Tuesday 7:30-19:0', 'Wednesday 7:30-19:0', 'Thursday 7:30-19:0', 'Friday 7:30-19:0']",,"['Food', 'Japanese', 'Restaurants', 'American (New)']",33.4374586,2.5,"['Alcohol: none', ""Ambience: {'romantic': False, 'intimate': False, 'classy': False, 'hipster': False, 'divey': False, 'touristy': False, 'trendy': False, 'upscale': False, 'casual': False}"", 'BikeParking: True', 'BusinessAcceptsCreditCards: True', ""BusinessParking: {'garage': False, 'street': False, 'validated': False, 'lot': False, 'valet': False}"", 'Caters: True', 'GoodForKids: True', ""GoodForMeal: {'dessert': False, 'latenight': False, 'lunch': False, 'dinner': False, 'breakfast': False, 'brunch': False}"", 'HasTV: True', 'NoiseLevel: average', 'OutdoorSeating: False', 'RestaurantsAttire: casual', 'RestaurantsDelivery: False', 'RestaurantsGoodForGroups: True', 'RestaurantsPriceRange2: 2', 'RestaurantsReservations: False', 'RestaurantsTableService: False', 'RestaurantsTakeOut: True', 'WiFi: no']",-112.0593771,1024 E Buckeye Rd,85034,AZ,0,KuDmCggBq6zwxc8CSJxLdQ,business
The Flotterstone Inn,Penicuik,6,,,"['British', 'Restaurants']",55.8294857,3.0,"[""BusinessParking: {'garage': False, 'street': False, 'lot': False, 'valet': False}"", 'GoodForKids: True', 'NoiseLevel: loud', 'RestaurantsGoodForGroups: True', 'RestaurantsPriceRange2: 3', 'RestaurantsTakeOut: False']",-3.2722147,Biggar Rd,EH26 0RD,MLN,1,W709AlZhyvX0SxajNNfxww,business
Bacchanal Buffet,Las Vegas,5715,"['Monday 7:30-22:0', 'Tuesday 7:30-22:0', 'Wednesday 7:30-22:0', 'Thursday 7:30-22:0', 'Friday 7:30-22:0', 'Saturday 8:0-22:0', 'Sunday 8:0-22:0']",The Strip,"['Buffets', 'Sandwiches', 'Food', 'Restaurants', 'Breakfast & Brunch']",36.1158543432,4.0,"['Alcohol: full_bar', ""Ambience: {'romantic': False, 'intimate': False, 'classy': False, 'hipster': False, 'divey': False, 'touristy': False, 'trendy': False, 'upscale': False, 'casual': True}"", 'BikeParking: False', 'BusinessAcceptsCreditCards: True', ""BusinessParking: {'garage': True, 'street': False, 'validated': False, 'lot': False, 'valet': True}"", 'Caters: False', 'GoodForKids: True', ""GoodForMeal: {'dessert': False, 'latenight': False, 'lunch': False, 'dinner': True, 'breakfast': False, 'brunch': True}"", 'HasTV: False', 'NoiseLevel: average', 'OutdoorSeating: False', 'RestaurantsAttire: casual', 'RestaurantsDelivery: False', 'RestaurantsGoodForGroups: True', 'RestaurantsPriceRange2: 3', 'RestaurantsReservations: False', 'RestaurantsTableService: True', 'RestaurantsTakeOut: False', 'WheelchairAccessible: True', 'WiFi: no']",-115.176174388,"Caesars Palace Las Vegas Hotel And Casino, 3570 Las Vegas Boulevard South",89109,NV,1,RESDUcs7fIiihp38-d6_6g,business
Byzantium,Toronto,56,"['Monday 17:30-0:0', 'Tuesday 17:30-0:0', 'Wednesday 17:30-0:0', 'Thursday 17:0-1:0', 'Friday 17:0-2:0', 'Saturday 17:0-2:0', 'Sunday 17:30-0:0']",Church-Wellesley Village,"['American (New)', 'Canadian (New)', 'Bars', 'Restaurants', 'Nightlife', 'Gay Bars']",43.665398,4.0,"['Alcohol: full_bar', ""Ambience: {'romantic': False, 'intimate': False, 'classy': False, 'hipster': False, 'touristy': False, 'trendy': True, 'upscale': False, 'casual': False}"", ""BestNights: {'monday': False, 'tuesday': False, 'friday': True, 'wednesday': False, 'thursday': False, 'sunday': False, 'saturday': True}"", 'BikeParking: False', 'BusinessAcceptsCreditCards: True', ""BusinessParking: {'garage': False, 'street': True, 'validated': False, 'lot': False, 'valet': False}"", 'Caters: False', 'CoatCheck: False', 'GoodForDancing: True', 'GoodForKids: False', ""GoodForMeal: {'dessert': False, 'latenight': False, 'lunch': False, 'dinner': True, 'breakfast': False, 'brunch': False}"", 'HappyHour: False', 'HasTV: False', ""Music: {'dj': True, 'background_music': False, 'no_music': False, 'karaoke': False, 'live': False, 'video': False, 'jukebox': False}"", 'NoiseLevel: very_loud', 'OutdoorSeating: False', 'RestaurantsAttire: casual', 'RestaurantsDelivery: False', 'RestaurantsGoodForGroups: True', 'RestaurantsPriceRange2: 3', 'RestaurantsReservations: True', 'RestaurantsTableService: True', 'RestaurantsTakeOut: True', 'Smoking: no', 'WheelchairAccessible: True', 'WiFi: no']",-79.3807836,499 Church St,M4Y 2C6,ON,0,pK06Y7dSR3JfqS1DgeSKtw,business
Mama Rosa,Mississauga,3,"['Monday 8:0-0:0', 'Tuesday 8:0-0:0', 'Wednesday 8:0-0:0', 'Thursday 8:0-0:0', 'Friday 8:0-0:0', 'Saturday 8:0-0:0', 'Sunday 8:0-0:0']",Cooksville,"['Bars', 'Nightlife', 'American (Traditional)', 'Restaurants', 'Greek']",43.5817587,2.5,"['GoodForKids: False', 'OutdoorSeating: False', 'RestaurantsAttire: casual', 'RestaurantsGoodForGroups: True', 'RestaurantsPriceRange2: 2', 'RestaurantsReservations: True', 'RestaurantsTakeOut: True', ""Ambience: {'romantic': False, 'intimate': False, 'classy': False, 'hipster': False, 'touristy': False, 'trendy': False, 'upscale': False, 'casual': False}"", 'HasTV: True', 'RestaurantsDelivery: True']",-79.5862913,589 North Service Road,L5A 1B2,ON,1,CpwRy08RWAsDMU4A10tcDA,business
Spring Rolls,Brampton,32,"['Monday 11:0-22:0', 'Tuesday 11:0-22:0', 'Wednesday 11:0-22:0', 'Thursday 11:0-22:0', 'Friday 11:0-23:0', 'Saturday 11:0-23:0', 'Sunday 11:0-22:0']",,"['Restaurants', 'Sushi Bars', 'Buffets', 'Chinese']",43.7155387,2.5,"['Alcohol: full_bar', ""Ambience: {'romantic': False, 'intimate': False, 'classy': False, 'hipster': False, 'touristy': False, 'trendy': True, 'upscale': False, 'casual': False}"", 'BikeParking: True', 'BusinessAcceptsCreditCards: True', ""BusinessParking: {'garage': False, 'street': False, 'validated': False, 'lot': True, 'valet': False}"", 'Caters: True', 'DogsAllowed: False', 'GoodForKids: True', ""GoodForMeal: {'dessert': False, 'latenight': False, 'lunch': True, 'dinner': False, 'breakfast': False, 'brunch': False}"", 'HasTV: True', 'NoiseLevel: average', 'OutdoorSeating: True', 'RestaurantsAttire: casual', 'RestaurantsDelivery: False', 'RestaurantsGoodForGroups: True', 'RestaurantsPriceRange2: 2', 'RestaurantsReservations: True', 'RestaurantsTableService: True', 'RestaurantsTakeOut: True', 'WheelchairAccessible: True', 'WiFi: free']",-79.7220217,"25 Peel Centre Drive, Unit 513",L6T 3R5,ON,0,xb0a9XiNMbdXo19WTOGHuA,business
Hungry Howie's Pizza,Mesa,16,"['Monday 10:30-22:0', 'Tuesday 10:30-22:0', 'Wednesday 10:30-22:0', 'Thursday 10:30-22:0', 'Friday 10:30-0:0', 'Saturday 10:30-0:0', 'Sunday 10:30-22:0']",,"['Restaurants', 'Pizza']",33.3950959,2.0,"['Alcohol: none', ""Ambience: {'romantic': False, 'intimate': False, 'classy': False, 'hipster': False, 'divey': False, 'touristy': False, 'trendy': False, 'upscale': False, 'casual': False}"", 'BikeParking: True', 'BusinessAcceptsCreditCards: True', ""BusinessParking: {'garage': False, 'street': False, 'validated': False, 'lot': False, 'valet': False}"", 'GoodForKids: True', ""GoodForMeal: {'dessert': False, 'latenight': False, 'lunch': False, 'dinner': False, 'breakfast': False, 'brunch': False}"", 'HasTV: True', 'NoiseLevel: very_loud', 'OutdoorSeating: False', 'RestaurantsAttire: casual', 'RestaurantsDelivery: True', 'RestaurantsGoodForGroups: True', 'RestaurantsPriceRange2: 1', 'RestaurantsReservations: False', 'RestaurantsTableService: False', 'RestaurantsTakeOut: True', 'WiFi: no']",-111.7527623,3614 E Southern Ave,85206,AZ,1,5Ckj7YURoNqFrsFQTJVVHQ,business
Wienerschnitzel,Mesa,13,"['Monday 10:0-0:0', 'Tuesday 10:0-0:0', 'Wednesday 10:0-0:0', 'Thursday 10:0-0:0', 'Friday 10:0-0:0', 'Saturday 10:0-0:0', 'Sunday 10:0-0:0']",,"['Sandwiches', 'Hot Dogs', 'Restaurants', 'Fast Food']",33.3918659024,2.5,"['Alcohol: none', ""Ambience: {'romantic': False, 'intimate': False, 'classy': False, 'hipster': False, 'divey': False, 'touristy': False, 'trendy': False, 'upscale': False, 'casual': True}"", 'BusinessAcceptsCreditCards: True', ""BusinessParking: {'garage': False, 'street': False, 'validated': False, 'lot': True, 'valet': False}"", 'Caters: False', 'DriveThru: True', 'GoodForKids: True', ""GoodForMeal: {'dessert': False, 'latenight': False, 'lunch': True, 'dinner': False, 'breakfast': False, 'brunch': False}"", 'HasTV: False', 'NoiseLevel: average', 'OutdoorSeating: False', 'RestaurantsAttire: casual', 'RestaurantsDelivery: False', 'RestaurantsGoodForGroups: True', 'RestaurantsPriceRange2: 1', 'RestaurantsReservations: False', 'RestaurantsTableService: False', 'RestaurantsTakeOut: True', 'WiFi: no', 'BikeParking: False']",-111.71898365,1225 South Higley,85206,AZ,1,R8d_LNHUt7GTZtQSeM-uAg,business
Dominos pizza,Edinburgh,4,"['Monday 11:30-22:45', 'Tuesday 11:30-22:45', 'Wednesday 11:30-22:45', 'Thursday 11:30-22:45', 'Friday 11:30-22:45', 'Saturday 11:30-22:45', 'Sunday 11:30-22:45']",,"['Restaurants', 'Fast Food', 'Food Delivery Services', 'Pizza', 'Food']",55.9054743,4.0,"['Alcohol: none', 'BusinessAcceptsCreditCards: True', ""BusinessParking: {'garage': False, 'street': False, 'lot': False, 'valet': False}"", ""GoodForMeal: {'dessert': False, 'latenight': False, 'lunch': False, 'dinner': False, 'breakfast': False, 'brunch': False}"", 'HasTV: False', 'OutdoorSeating: False', 'RestaurantsDelivery: True', 'RestaurantsGoodForGroups: True', 'RestaurantsReservations: True', 'RestaurantsTakeOut: True', 'WheelchairAccessible: True', 'WiFi: no']",-3.1323752,"33 Drum Street, Gilmerton",EH17 8RQ,EDH,1,lq0ZTMUWe_gRVomeyJxjEA,business
Auntie Anne's,Las Vegas,13,,The Strip,"['Fast Food', 'Food', 'Restaurants', 'Bakeries', 'Pretzels']",36.1277253,3.0,"[""Ambience: {'romantic': False, 'intimate': False, 'classy': False, 'hipster': False, 'divey': False, 'touristy': False, 'trendy': False, 'upscale': False, 'casual': False}"", 'BikeParking: False', 'BusinessAcceptsCreditCards: True', ""BusinessParking: {'garage': False, 'street': False, 'validated': False, 'lot': False, 'valet': False}"", 'DriveThru: False', 'GoodForKids: True', ""GoodForMeal: {'dessert': False, 'latenight': False, 'lunch': False, 'dinner': False, 'breakfast': False, 'brunch': False}"", 'HasTV: False', 'OutdoorSeating: False', 'RestaurantsAttire: casual', 'RestaurantsDelivery: False', 'RestaurantsGoodForGroups: True', 'RestaurantsPriceRange2: 2', 'RestaurantsReservations: False', 'RestaurantsTakeOut: True']",-115.1744147,"3200 S Las Vegas Blvd, Spc 5534",89109,NV,1,5iAFiMPfitcYDMeII5_dnQ,business
Sam's Indian Food,Inverness,4,,,"['Restaurants', 'Indian']",57.4795022,3.5,"['GoodForKids: True', 'RestaurantsTakeOut: True']",-4.2275277,77/79 Church Street,IV1 1ES,HLD,1,ogf-BhfBAkEhALF1azx6_w,business
Willie Ty's Eatery,Sun Prairie,40,"['Tuesday 11:30-22:0', 'Wednesday 11:30-22:0', 'Thursday 11:30-22:0', 'Friday 11:30-23:0', 'Saturday 11:30-23:0', 'Sunday 11:30-21:0']",,"['American (New)', 'Burgers', 'Nightlife', 'Restaurants', 'Pubs', 'Bars']",43.1735465023,3.5,"['Alcohol: full_bar', ""Ambience: {'romantic': False, 'intimate': False, 'classy': False, 'hipster': False, 'divey': False, 'touristy': False, 'trendy': False, 'upscale': False, 'casual': True}"", ""BestNights: {'monday': False, 'tuesday': False, 'friday': False, 'wednesday': False, 'thursday': False, 'sunday': True, 'saturday': False}"", 'BikeParking: True', 'BusinessAcceptsBitcoin: False', 'BusinessAcceptsCreditCards: True', ""BusinessParking: {'garage': False, 'street': False, 'validated': False, 'lot': True, 'valet': False}"", 'Caters: True', 'CoatCheck: False', 'DogsAllowed: False', 'DriveThru: False', 'GoodForDancing: False', 'GoodForKids: True', ""GoodForMeal: {'dessert': False, 'latenight': False, 'lunch': False, 'dinner': False, 'breakfast': False, 'brunch': False}"", 'HappyHour: True', 'HasTV: True', ""Music: {'dj': False, 'background_music': False, 'no_music': False, 'karaoke': False, 'live': False, 'video': False, 'jukebox': False}"", 'NoiseLevel: average', 'OutdoorSeating: True', 'RestaurantsAttire: casual', 'RestaurantsDelivery: False', 'RestaurantsGoodForGroups: True', 'RestaurantsPriceRange2: 2', 'RestaurantsReservations: True', 'RestaurantsTableService: True', 'RestaurantsTakeOut: True', 'Smoking: no', 'WheelchairAccessible: True', 'WiFi: free']",-89.207618699,836 Grove St,53590,WI,1,GzF7sbLocL-0e9o3_zPNyw,business
Six Horses Tavern,Aurora,7,"['Monday 11:0-23:0', 'Tuesday 11:0-23:0', 'Wednesday 11:0-23:0', 'Thursday 11:0-23:0', 'Friday 11:0-0:0', 'Saturday 11:0-0:0', 'Sunday 11:0-22:0']",,"['Restaurants', 'American (Traditional)']",41.3172154963,3.0,"['Alcohol: full_bar', 'BusinessAcceptsCreditCards: True', ""BusinessParking: {'garage': False, 'street': True, 'validated': False, 'lot': False, 'valet': False}"", 'Caters: False', 'GoodForKids: True', 'HasTV: True', 'NoiseLevel: average', 'OutdoorSeating: True', 'RestaurantsAttire: casual', 'RestaurantsDelivery: False', 'RestaurantsGoodForGroups: True', 'RestaurantsPriceRange2: 2', 'RestaurantsReservations: False', 'RestaurantsTableService: True', 'RestaurantsTakeOut: True', 'WheelchairAccessible: True', 'WiFi: free']",-81.3451361284,"Aurora Inn, 30 Shawnee Trl",44202,OH,1,My63xmx3h01uY6QlHvsGRg,business
Bistro 101,Mount Horeb,23,"['Tuesday 16:0-21:0', 'Wednesday 16:0-21:0', 'Thursday 16:0-21:0', 'Friday 16:0-21:0', 'Saturday 16:0-21:0']",,"['American (New)', 'Mediterranean', 'Restaurants']",43.008397,4.0,"['Alcohol: full_bar', ""Ambience: {'romantic': False, 'intimate': True, 'classy': False, 'hipster': False, 'divey': False, 'touristy': False, 'trendy': False, 'upscale': False, 'casual': False}"", 'BusinessAcceptsCreditCards: True', ""BusinessParking: {'garage': False, 'street': True, 'validated': False, 'lot': False, 'valet': False}"", 'Caters: False', 'GoodForKids: False', ""GoodForMeal: {'dessert': False, 'latenight': False, 'lunch': False, 'dinner': False, 'breakfast': False, 'brunch': False}"", 'HasTV: True', 'NoiseLevel: average', 'OutdoorSeating: False', 'RestaurantsAttire: casual', 'RestaurantsDelivery: False', 'RestaurantsGoodForGroups: True', 'RestaurantsPriceRange2: 3', 'RestaurantsReservations: True', 'RestaurantsTableService: True', 'RestaurantsTakeOut: False', 'WheelchairAccessible: False']",-89.739315,"101 E Main St, Ste 150",53572,WI,1,M25NgFDHrozQn4MhIsEpRw,business
Cleveland Pizza Co,Mentor,8,"['Monday 10:0-22:0', 'Tuesday 10:0-22:0', 'Wednesday 10:0-22:0', 'Thursday 10:0-22:0', 'Friday 10:0-23:0', 'Saturday 10:0-23:0', 'Sunday 10:0-22:0']",,"['Pizza', 'Restaurants', 'Delis', 'Chicken Wings']",41.6668211,3.5,"['Alcohol: none', ""Ambience: {'romantic': False, 'intimate': False, 'classy': False, 'hipster': False, 'divey': False, 'touristy': False, 'trendy': False, 'upscale': False, 'casual': False}"", 'BikeParking: True', 'BusinessAcceptsBitcoin: False', 'BusinessAcceptsCreditCards: True', ""BusinessParking: {'garage': False, 'street': False, 'validated': False, 'lot': False, 'valet': False}"", 'Caters: True', 'DogsAllowed: False', 'GoodForKids: True', 'HasTV: True', 'NoiseLevel: average', 'OutdoorSeating: False', 'RestaurantsAttire: casual', 'RestaurantsDelivery: True', 'RestaurantsGoodForGroups: True', 'RestaurantsPriceRange2: 1', 'RestaurantsReservations: False', 'RestaurantsTableService: False', 'RestaurantsTakeOut: True', 'WheelchairAccessible: True', 'WiFi: no']",-81.3358828,8510 Mentor Ave,44060,OH,1,7FKvhOx2iZbz86T3aOhB2w,business
Pupusería El Zunzal,Las Vegas,23,,,"['Restaurants', 'Latin American']",36.1969016,3.0,"['Alcohol: beer_and_wine', ""Ambience: {'romantic': False, 'intimate': False, 'classy': False, 'hipster': False, 'divey': False, 'touristy': False, 'trendy': False, 'upscale': False, 'casual': False}"", 'BusinessAcceptsCreditCards: True', ""BusinessParking: {'garage': False, 'street': False, 'validated': False, 'lot': False, 'valet': False}"", 'GoodForKids: True', ""GoodForMeal: {'dessert': False, 'latenight': False, 'lunch': False, 'dinner': False, 'breakfast': True, 'brunch': False}"", 'HasTV: True', 'NoiseLevel: quiet', 'OutdoorSeating: False', 'RestaurantsAttire: casual', 'RestaurantsDelivery: False', 'RestaurantsGoodForGroups: True', 'RestaurantsPriceRange2: 2', 'RestaurantsReservations: False', 'RestaurantsTableService: False', 'RestaurantsTakeOut: True']",-115.2062221,2081 N Decatur Blvd,89108,NV,1,ZcNe9rEAZVObPKFwtM8XaA,business
Pizza Hut,Las Vegas,11,"['Monday 11:0-23:0', 'Tuesday 11:0-23:0', 'Wednesday 11:0-23:0', 'Thursday 11:0-23:0', 'Friday 11:0-0:0', 'Saturday 10:0-0:0', 'Sunday 10:0-23:0']",,"['Pizza', 'Restaurants']",36.1958244,2.5,"['Alcohol: none', 'BusinessAcceptsCreditCards: True', 'Caters: False', 'GoodForKids: False', 'NoiseLevel: average', 'RestaurantsDelivery: True', 'RestaurantsGoodForGroups: False', 'RestaurantsPriceRange2: 2', 'RestaurantsReservations: False', 'RestaurantsTakeOut: True', 'WheelchairAccessible: False', ""Ambience: {'romantic': False, 'intimate': False, 'classy': False, 'hipster': False, 'divey': False, 'touristy': False, 'trendy': False, 'upscale': False, 'casual': False}"", 'BikeParking: True', 'RestaurantsAttire: casual']",-115.2249295,6130 W. Lake Mead Blvd.,89108,NV,1,Rmw9HB35S9qobQKN6bXgmA,business
Fresh Millions Restaurant,Mesa,98,"['Monday 10:30-21:0', 'Tuesday 10:30-21:0', 'Wednesday 10:30-21:0', 'Thursday 10:30-21:0', 'Friday 10:30-21:0', 'Saturday 11:0-21:0', 'Sunday 11:0-21:0']",,"['Restaurants', 'American (New)', 'Salad', 'Sandwiches']",33.3908326,4.5,"['Alcohol: none', ""Ambience: {'romantic': False, 'intimate': False, 'classy': False, 'hipster': False, 'divey': False, 'touristy': False, 'trendy': False, 'upscale': False, 'casual': True}"", 'BikeParking: True', 'BusinessAcceptsCreditCards: True', ""BusinessParking: {'garage': False, 'street': False, 'validated': False, 'lot': True, 'valet': False}"", 'Caters: True', 'GoodForKids: True', ""GoodForMeal: {'dessert': False, 'latenight': False, 'lunch': True, 'dinner': True, 'breakfast': False, 'brunch': False}"", 'HasTV: False', 'NoiseLevel: average', 'OutdoorSeating: False', 'RestaurantsAttire: casual', 'RestaurantsDelivery: True', 'RestaurantsGoodForGroups: True', 'RestaurantsPriceRange2: 1', 'RestaurantsReservations: False', 'RestaurantsTableService: False', 'RestaurantsTakeOut: True', 'WheelchairAccessible: True', 'WiFi: no']",-111.8556958,"1130 W Grove Ave, Ste 111",85210,AZ,1,TcULtaVLDsbKunf3iW7RCQ,business
Killer Q,Matthews,3,"['Monday 9:0-21:0', 'Tuesday 9:0-21:0', 'Wednesday 9:0-21:0', 'Thursday 9:0-21:0', 'Friday 9:0-21:0', 'Saturday 11:0-18:0']",,"['Food Trucks', 'Event Planning & Services', 'Barbeque', 'Caterers', 'Food', 'Restaurants']",35.1168131,5.0,"['BusinessAcceptsCreditCards: True', 'RestaurantsDelivery: True', 'RestaurantsPriceRange2: 1', 'RestaurantsTakeOut: True']",-80.7236804,,28105,NC,1,E5SjpqSGCmJmCEjPg-teNA,business
Loco Patron,Scottsdale,274,"['Monday 11:0-2:0', 'Tuesday 11:0-2:0', 'Wednesday 11:0-2:0', 'Thursday 11:0-2:0', 'Friday 11:0-2:0', 'Saturday 11:0-2:0', 'Sunday 11:0-2:0']",,"['Bars', 'Nightlife', 'Restaurants', 'Mexican', 'Sports Bars']",33.4977693,3.5,"['Alcohol: full_bar', ""Ambience: {'romantic': False, 'intimate': False, 'classy': False, 'hipster': False, 'divey': False, 'touristy': False, 'trendy': False, 'upscale': False, 'casual': True}"", ""BestNights: {'monday': False, 'tuesday': True, 'friday': True, 'wednesday': False, 'thursday': True, 'sunday': False, 'saturday': False}"", 'BikeParking: True', 'BusinessAcceptsCreditCards: True', ""BusinessParking: {'garage': False, 'street': False, 'validated': False, 'lot': False, 'valet': False}"", 'Caters: True', 'CoatCheck: False', 'GoodForDancing: False', 'GoodForKids: False', ""GoodForMeal: {'dessert': False, 'latenight': True, 'lunch': True, 'dinner': True, 'breakfast': False, 'brunch': False}"", 'HappyHour: True', 'HasTV: True', ""Music: {'dj': False, 'background_music': False, 'no_music': False, 'karaoke': False, 'live': False, 'video': False, 'jukebox': True}"", 'NoiseLevel: average', 'OutdoorSeating: True', 'RestaurantsAttire: casual', 'RestaurantsDelivery: False', 'RestaurantsGoodForGroups: True', 'RestaurantsPriceRange2: 2', 'RestaurantsReservations: True', 'RestaurantsTableService: True', 'RestaurantsTakeOut: True', 'Smoking: outdoor', 'WheelchairAccessible: True', 'WiFi: free']",-111.9264149,4228 N Scottsdale Rd,85251,AZ,1,YQFcxE9UXrKc-QuTUu7twQ,business
Sea Star,Mississauga,3,,,"['Restaurants', 'Chinese']",43.6322349,4.5,"[""Ambience: {'romantic': False, 'intimate': False, 'classy': False, 'hipster': False, 'touristy': False, 'trendy': False, 'upscale': False, 'casual': False}"", 'BikeParking: False', 'GoodForKids: True', ""GoodForMeal: {'dessert': False, 'latenight': False, 'lunch': False, 'dinner': False, 'breakfast': False, 'brunch': False}"", 'HasTV: False', 'RestaurantsAttire: casual', 'RestaurantsDelivery: False', 'RestaurantsGoodForGroups: False', 'RestaurantsPriceRange2: 1', 'RestaurantsReservations: False', 'RestaurantsTakeOut: True']",-79.6144714,1550 S Gateway Rd,L4W 5G6,ON,1,jCFOGAOzi1n050ISOG9yug,business
Leo's Kitchen,Waxhaw,10,"['Monday 11:0-20:0', 'Tuesday 11:0-20:0', 'Wednesday 11:0-20:0', 'Thursday 11:0-20:0', 'Friday 11:0-20:0', 'Saturday 12:0-19:0']",,"['Restaurants', 'Soul Food', 'American (New)']",34.938832,4.5,"['Alcohol: none', ""Ambience: {'romantic': False, 'intimate': False, 'classy': False, 'hipster': False, 'divey': False, 'touristy': False, 'trendy': False, 'upscale': False, 'casual': False}"", 'BikeParking: True', 'BusinessAcceptsCreditCards: True', 'Caters: True', 'GoodForKids: True', 'HasTV: True', 'NoiseLevel: quiet', 'OutdoorSeating: True', 'RestaurantsAttire: casual', 'RestaurantsDelivery: False', 'RestaurantsGoodForGroups: True', 'RestaurantsPriceRange2: 1', 'RestaurantsReservations: False', 'RestaurantsTableService: False', 'RestaurantsTakeOut: True', 'WiFi: no']",-80.750895,"3901-B Providence Rd S, Ste B",28173,NC,0,-tG3pBfEBo5Di-kmBxPE1g,business
Duo,Stuttgart,4,"['Monday 10:0-2:0', 'Tuesday 10:0-2:0', 'Wednesday 10:0-2:0', 'Thursday 10:0-2:0', 'Friday 10:0-3:0', 'Saturday 10:0-3:0', 'Sunday 10:0-3:0']",,"['Coffee & Tea', 'Cafes', 'Food', 'Lounges', 'Bars', 'Restaurants', 'Nightlife', 'Pubs']",48.8044928,3.0,"['Alcohol: full_bar', ""BusinessParking: {'garage': False, 'street': False, 'validated': False, 'lot': False, 'valet': False}"", 'HasTV: True', 'RestaurantsAttire: casual', 'RestaurantsGoodForGroups: False', 'RestaurantsPriceRange2: 3', 'Smoking: yes']",9.2155978,Küblergasse 6,70372,BW,0,W-3r4XDP82XnWhgFMZL0nw,business
Coconut's Fish Cafe,Chandler,84,"['Monday 11:0-21:0', 'Tuesday 11:0-21:0', 'Wednesday 11:0-21:0', 'Thursday 11:0-21:0', 'Friday 11:0-21:0', 'Saturday 11:0-21:0', 'Sunday 11:0-21:0']",,"['Restaurants', 'Fish & Chips', 'Hawaiian', 'Seafood']",33.2468467114,4.5,"['Alcohol: beer_and_wine', ""Ambience: {'romantic': False, 'intimate': False, 'classy': False, 'hipster': False, 'divey': False, 'touristy': False, 'trendy': False, 'upscale': False, 'casual': True}"", 'BikeParking: True', 'BusinessAcceptsCreditCards: True', 'Caters: False', 'GoodForKids: True', ""GoodForMeal: {'dessert': False, 'latenight': False, 'lunch': True, 'dinner': True, 'breakfast': False, 'brunch': False}"", 'HasTV: False', 'NoiseLevel: average', 'OutdoorSeating: True', 'RestaurantsAttire: casual', 'RestaurantsDelivery: False', 'RestaurantsGoodForGroups: True', 'RestaurantsPriceRange2: 2', 'RestaurantsReservations: False', 'RestaurantsTableService: False', 'RestaurantsTakeOut: True', 'WiFi: free', ""BusinessParking: {'garage': False, 'street': False, 'validated': False, 'lot': True, 'valet': False}""]",-111.866191932,"1155 W Ocotillo Rd, Ste 1",85248,AZ,1,9Jo1pu0y2zU6ktiwQm6gNA,business
White Elephant Restaurant & Bar,Toronto,25,"['Monday 11:30-21:0', 'Tuesday 11:30-21:0', 'Wednesday 11:30-21:0', 'Thursday 11:30-21:0', 'Friday 11:30-22:0', 'Saturday 17:0-22:0']",Corktown,"['Restaurants', 'Thai']",43.6558084931,4.0,"['Alcohol: full_bar', ""Ambience: {'romantic': False, 'intimate': False, 'classy': False, 'hipster': False, 'touristy': False, 'trendy': False, 'upscale': False, 'casual': True}"", 'BikeParking: True', 'BusinessAcceptsCreditCards: True', ""BusinessParking: {'garage': False, 'street': True, 'validated': False, 'lot': False, 'valet': False}"", 'Caters: True', 'GoodForKids: True', ""GoodForMeal: {'dessert': False, 'latenight': False, 'lunch': True, 'dinner': True, 'breakfast': False, 'brunch': False}"", 'HasTV: True', 'NoiseLevel: average', 'OutdoorSeating: False', 'RestaurantsAttire: casual', 'RestaurantsDelivery: False', 'RestaurantsGoodForGroups: True', 'RestaurantsPriceRange2: 2', 'RestaurantsReservations: True', 'RestaurantsTableService: True', 'RestaurantsTakeOut: True', 'WheelchairAccessible: True', 'WiFi: no']",-79.363685064,366 Queen Street E,M5A 1T1,ON,0,rb6QPjjuogZ9_3S6oGsgGQ,business
Ricky's Big Philly,Phoenix,8,,,"['Cheesesteaks', 'Sandwiches', 'Restaurants', 'Food Stands']",33.4954475,4.0,"['Alcohol: none', 'BYOBCorkage: yes_free', 'BusinessAcceptsCreditCards: True', ""BusinessParking: {'garage': False, 'street': False, 'validated': False, 'lot': True, 'valet': False}"", 'Corkage: False', 'GoodForKids: True', ""GoodForMeal: {'dessert': False, 'latenight': False, 'lunch': False, 'dinner': False, 'breakfast': False, 'brunch': False}"", 'Open24Hours: False', 'OutdoorSeating: True', 'RestaurantsAttire: casual', 'RestaurantsDelivery: False', 'RestaurantsGoodForGroups: True', 'RestaurantsPriceRange2: 1', 'RestaurantsReservations: False', 'RestaurantsTableService: False', 'RestaurantsTakeOut: True', 'WheelchairAccessible: True']",-112.0050862,3538 E Indian School Rd,85018,AZ,0,W6GuGdmaArR98U0y6fvNVQ,business
Star Donuts,Surprise,62,"['Monday 5:0-18:0', 'Tuesday 5:0-18:0', 'Wednesday 5:0-18:0', 'Thursday 5:0-18:0', 'Friday 5:0-18:0', 'Saturday 6:0-17:0', 'Sunday 6:0-17:0']",,"['Food', 'American (New)', 'Coffee & Tea', 'Restaurants', 'Donuts']",33.638194899,4.5,"['BikeParking: True', 'BusinessAcceptsCreditCards: True', ""BusinessParking: {'garage': False, 'street': False, 'validated': False, 'lot': False, 'valet': False}"", 'GoodForKids: True', 'OutdoorSeating: True', 'RestaurantsGoodForGroups: True', 'RestaurantsPriceRange2: 1', 'RestaurantsTakeOut: True', 'WiFi: no']",-112.365042642,"14155 W Bell Rd, Ste 109",85374,AZ,1,m63NTcEP4p43ZvXnmPuNjA,business
Del Taco,Surprise,26,,,"['Mexican', 'Restaurants']",33.6371306,3.0,"['Alcohol: none', ""Ambience: {'romantic': False, 'intimate': False, 'classy': False, 'hipster': False, 'divey': False, 'touristy': False, 'trendy': False, 'upscale': False, 'casual': True}"", 'BikeParking: True', 'BusinessAcceptsCreditCards: True', ""BusinessParking: {'garage': False, 'street': False, 'validated': False, 'lot': True, 'valet': False}"", 'Caters: False', 'GoodForKids: True', ""GoodForMeal: {'dessert': False, 'latenight': True, 'lunch': True, 'dinner': False, 'breakfast': False, 'brunch': False}"", 'HasTV: False', 'NoiseLevel: average', 'OutdoorSeating: True', 'RestaurantsAttire: casual', 'RestaurantsDelivery: False', 'RestaurantsGoodForGroups: True', 'RestaurantsPriceRange2: 1', 'RestaurantsReservations: False', 'RestaurantsTableService: False', 'RestaurantsTakeOut: True', 'WiFi: no']",-112.3492303,13367 W Grand Ave,85374,AZ,1,qlyYPDt9xk03K-MGd95puw,business
Sí Café,Madison,9,"['Tuesday 8:0-16:0', 'Wednesday 8:0-16:0', 'Thursday 8:0-16:0', 'Friday 8:0-16:0', 'Friday 17:0-23:0', 'Saturday 18:0-0:0']",Capitol,"['Coffee & Tea', 'Food', 'Nightlife', 'Bars', 'Restaurants', 'Cafes']",43.0742752136,5.0,"[""Ambience: {'romantic': False, 'intimate': False, 'classy': False, 'hipster': False, 'divey': False, 'touristy': False, 'trendy': False, 'upscale': False, 'casual': False}"", 'BikeParking: True', 'BusinessAcceptsBitcoin: False', 'BusinessAcceptsCreditCards: True', ""BusinessParking: {'garage': False, 'street': True, 'validated': False, 'lot': False, 'valet': False}"", 'Caters: False', 'GoodForKids: False', ""GoodForMeal: {'dessert': False, 'latenight': False, 'lunch': False, 'dinner': False, 'breakfast': False, 'brunch': False}"", 'HasTV: False', 'NoiseLevel: quiet', 'OutdoorSeating: False', 'RestaurantsAttire: casual', 'RestaurantsDelivery: False', 'RestaurantsGoodForGroups: False', 'RestaurantsPriceRange2: 1', 'RestaurantsReservations: False', 'RestaurantsTableService: False', 'RestaurantsTakeOut: True', 'WheelchairAccessible: True', 'Alcohol: full_bar', 'DogsAllowed: True', 'WiFi: free', 'Smoking: no']",-89.3812054826,117 South Pinckney Street,53703,WI,1,3r1-6Hrfiobded7DRxstxQ,business
Fib's Fine Italian Beef & Sausage,Madison,17,"['Monday 11:0-14:0', 'Tuesday 11:0-14:0', 'Wednesday 11:0-14:0', 'Thursday 11:0-14:0', 'Friday 11:0-14:0', 'Saturday 11:0-14:0']",Capitol,"['Restaurants', 'Hot Dogs']",43.0739899506,4.5,"['Alcohol: none', ""Ambience: {'romantic': False, 'intimate': False, 'classy': False, 'hipster': False, 'divey': False, 'touristy': False, 'trendy': False, 'upscale': False, 'casual': False}"", 'BikeParking: True', 'BusinessAcceptsCreditCards: True', ""BusinessParking: {'garage': False, 'street': False, 'validated': False, 'lot': False, 'valet': False}"", 'Caters: True', 'GoodForKids: True', ""GoodForMeal: {'dessert': False, 'latenight': False, 'lunch': True, 'dinner': False, 'breakfast': False, 'brunch': False}"", 'HasTV: False', 'NoiseLevel: average', 'OutdoorSeating: True', 'RestaurantsAttire: casual', 'RestaurantsDelivery: False', 'RestaurantsGoodForGroups: True', 'RestaurantsPriceRange2: 1', 'RestaurantsReservations: False', 'RestaurantsTableService: False', 'RestaurantsTakeOut: True', 'WiFi: no']",-89.3830275536,11 W Main St,53703,WI,1,GLUwW6rCrMTAX2QbUpye-g,business
The Haven,Edinburgh,13,"['Monday 7:30-17:0', 'Tuesday 7:30-17:0', 'Wednesday 7:30-17:0', 'Thursday 7:30-17:0', 'Friday 7:30-17:0', 'Saturday 9:0-17:0', 'Sunday 9:0-17:0']",Leith,"['Restaurants', 'Breakfast & Brunch']",55.9797975,4.0,"['Alcohol: none', ""Ambience: {'romantic': False, 'intimate': False, 'classy': False, 'hipster': False, 'touristy': False, 'trendy': False, 'upscale': False, 'casual': True}"", 'BikeParking: True', 'BusinessAcceptsCreditCards: True', ""BusinessParking: {'garage': False, 'street': True, 'lot': False, 'valet': False}"", 'Caters: False', 'GoodForKids: True', ""GoodForMeal: {'dessert': False, 'latenight': False, 'lunch': True, 'dinner': False, 'breakfast': True, 'brunch': True}"", 'HasTV: False', 'NoiseLevel: loud', 'OutdoorSeating: False', 'RestaurantsAttire: casual', 'RestaurantsDelivery: False', 'RestaurantsPriceRange2: 1', 'RestaurantsReservations: False', 'RestaurantsTableService: True', 'RestaurantsTakeOut: True', 'WiFi: free', 'RestaurantsGoodForGroups: True']",-3.1881914,9 Anchorfield,EH6 4JG,EDH,1,Piv8W9n6C-HLEAuz06gvwA,business
Las Taquizas,Las Vegas,6,"['Monday 17:0-1:0', 'Wednesday 17:0-1:0', 'Thursday 17:0-1:0', 'Friday 18:0-2:0', 'Saturday 18:0-2:0', 'Sunday 17:0-1:0']",Sunrise,"['Mexican', 'Restaurants', 'Food Trucks', 'Food']",36.1737686732,4.5,"[""Ambience: {'romantic': False, 'intimate': False, 'classy': False, 'hipster': False, 'divey': False, 'touristy': False, 'trendy': False, 'upscale': False, 'casual': False}"", 'BusinessAcceptsCreditCards: False', 'Caters: True', 'GoodForKids: True', 'OutdoorSeating: False', 'RestaurantsAttire: casual', 'RestaurantsDelivery: False', 'RestaurantsGoodForGroups: True', 'RestaurantsPriceRange2: 1', 'RestaurantsReservations: False', 'RestaurantsTakeOut: True', 'WiFi: no']",-115.081502517,4365-4369 E Bonanza Rd,89110,NV,1,GdpiEeG8oe8BnpMaENJLfg,business
Caffè D'Amore Catering,Pittsburgh,6,"['Wednesday 9:0-16:0', 'Thursday 9:0-16:0', 'Friday 9:0-16:0', 'Saturday 9:0-17:0', 'Sunday 10:0-16:0']",Strip District,"['Restaurants', 'Event Planning & Services', 'Caterers', 'Food', 'Coffee & Tea', 'Cafes']",40.4535609,4.0,"['BikeParking: True', 'BusinessAcceptsBitcoin: False', 'BusinessAcceptsCreditCards: True', ""BusinessParking: {'garage': False, 'street': True, 'validated': False, 'lot': False, 'valet': False}"", 'Caters: True', 'GoodForKids: True', ""GoodForMeal: {'dessert': False, 'latenight': False, 'lunch': False, 'dinner': False, 'breakfast': False, 'brunch': False}"", 'HasTV: False', 'OutdoorSeating: False', 'RestaurantsAttire: casual', 'RestaurantsDelivery: False', 'RestaurantsGoodForGroups: True', 'RestaurantsPriceRange2: 2', 'RestaurantsReservations: False', 'RestaurantsTakeOut: True', 'WheelchairAccessible: True', 'WiFi: free']",-79.9805948,2401 Penn Ave,15222,PA,0,Nj3DwfsDAwogVyFrGKxgnA,business
La Famiglia,Chandler,62,"['Monday 16:30-19:45', 'Tuesday 16:30-19:45', 'Wednesday 16:30-19:45', 'Thursday 16:30-19:45', 'Friday 11:0-21:0', 'Saturday 16:30-21:0', 'Sunday 12:0-18:45']",,"['Pizza', 'Restaurants', 'Italian']",33.3366622,4.0,"['Alcohol: none', ""Ambience: {'romantic': False, 'intimate': False, 'classy': False, 'hipster': False, 'divey': False, 'touristy': False, 'trendy': False, 'upscale': False, 'casual': True}"", 'BusinessAcceptsCreditCards: True', ""BusinessParking: {'garage': False, 'street': False, 'validated': False, 'lot': True, 'valet': False}"", 'Caters: True', 'GoodForKids: True', ""GoodForMeal: {'dessert': False, 'latenight': False, 'lunch': True, 'dinner': True, 'breakfast': False, 'brunch': False}"", 'HasTV: True', 'NoiseLevel: average', 'OutdoorSeating: False', 'RestaurantsAttire: casual', 'RestaurantsDelivery: True', 'RestaurantsGoodForGroups: True', 'RestaurantsPriceRange2: 2', 'RestaurantsReservations: False', 'RestaurantsTableService: False', 'RestaurantsTakeOut: True', 'WheelchairAccessible: True', 'WiFi: no']",-111.8565749,"2055 N Alma School Rd, Ste 26",85224,AZ,0,EIol8eFrS4WtRUhGbOUUgA,business
Makimono,Toronto,15,"['Monday 11:30-22:30', 'Tuesday 11:30-22:30', 'Wednesday 11:30-22:30', 'Thursday 11:30-22:30', 'Friday 11:30-23:0', 'Saturday 11:30-23:0', 'Sunday 12:0-22:30']",Etobicoke,"['Sushi Bars', 'Restaurants']",43.6909078983,3.5,"['Alcohol: full_bar', ""Ambience: {'romantic': False, 'intimate': False, 'classy': False, 'hipster': False, 'touristy': False, 'trendy': False, 'upscale': False, 'casual': False}"", 'BikeParking: True', ""BusinessParking: {'garage': False, 'street': False, 'validated': False, 'lot': False, 'valet': False}"", 'GoodForKids: True', 'HasTV: False', 'NoiseLevel: average', 'OutdoorSeating: False', 'RestaurantsAttire: casual', 'RestaurantsDelivery: True', 'RestaurantsGoodForGroups: True', 'RestaurantsPriceRange2: 2', 'RestaurantsReservations: True', 'RestaurantsTableService: True', 'RestaurantsTakeOut: True', ""GoodForMeal: {'dessert': False, 'latenight': False, 'lunch': True, 'dinner': False, 'breakfast': False, 'brunch': False}""]",-79.575564784,634 Dixon Road,M9W 1J1,ON,1,Lyzr1uckXL0U-iBoMc0yfg,business
Domino's Pizza,Sun Prairie,9,"['Monday 10:30-0:0', 'Tuesday 10:30-0:0', 'Wednesday 10:30-0:0', 'Thursday 10:30-0:0', 'Friday 10:30-1:0', 'Saturday 10:30-1:0', 'Sunday 10:30-0:0']",,"['Chicken Wings', 'Sandwiches', 'Pizza', 'Restaurants']",43.1778773,2.0,"['BusinessAcceptsCreditCards: True', 'GoodForKids: True', ""GoodForMeal: {'dessert': False, 'latenight': False, 'lunch': False, 'dinner': False, 'breakfast': False, 'brunch': False}"", 'HasTV: False', 'OutdoorSeating: False', 'RestaurantsAttire: casual', 'RestaurantsDelivery: True', 'RestaurantsGoodForGroups: True', 'RestaurantsPriceRange2: 2', 'RestaurantsReservations: False', 'RestaurantsTableService: False', 'RestaurantsTakeOut: True']",-89.2398226,1585 W Main St,53590,WI,1,z8MnefVbAKcIGN7BwDullA,business
Mandarin House Chinese Restaurant,Cleveland,26,,,"['Vietnamese', 'Food', 'Restaurants', 'Chinese']",41.363459,3.5,"['Alcohol: beer_and_wine', ""Ambience: {'romantic': False, 'intimate': False, 'classy': False, 'hipster': False, 'divey': False, 'touristy': False, 'trendy': False, 'upscale': False, 'casual': True}"", 'BusinessAcceptsCreditCards: True', ""BusinessParking: {'garage': False, 'street': False, 'validated': False, 'lot': True, 'valet': False}"", 'Caters: False', 'GoodForKids: True', ""GoodForMeal: {'dessert': False, 'latenight': False, 'lunch': True, 'dinner': False, 'breakfast': False, 'brunch': False}"", 'HasTV: False', 'NoiseLevel: quiet', 'OutdoorSeating: False', 'RestaurantsAttire: casual', 'RestaurantsDelivery: False', 'RestaurantsGoodForGroups: True', 'RestaurantsPriceRange2: 1', 'RestaurantsReservations: False', 'RestaurantsTableService: True', 'RestaurantsTakeOut: True', 'WheelchairAccessible: True', 'WiFi: no']",-81.7580821,10393 W Pleasant Valley Rd,44130,OH,1,JftoP9r6TT98v83hfY9RZw,business
Pastis,Mesa,29,"['Monday 11:0-21:0', 'Tuesday 11:0-21:0', 'Wednesday 11:0-21:0', 'Thursday 11:0-21:0', 'Friday 11:0-21:0', 'Saturday 8:0-21:0', 'Sunday 8:0-21:0']",,"['Delis', 'Modern European', 'Restaurants']",33.3812843,4.0,"['Alcohol: full_bar', 'BusinessAcceptsCreditCards: True', ""BusinessParking: {'garage': False, 'street': False, 'validated': False, 'lot': True, 'valet': False}"", 'GoodForKids: True', ""GoodForMeal: {'dessert': False, 'latenight': False, 'lunch': True, 'dinner': True, 'breakfast': False, 'brunch': False}"", 'OutdoorSeating: True', 'RestaurantsAttire: casual', 'RestaurantsDelivery: False', 'RestaurantsGoodForGroups: True', 'RestaurantsPriceRange2: 2', 'RestaurantsReservations: True', 'RestaurantsTableService: True', 'RestaurantsTakeOut: True', 'WheelchairAccessible: True']",-111.7535064,1935 S Val Vista Dr,85204,AZ,0,RD37On83Z4dEMFLgjTPw_g,business
Tanked Fish Sushi,Phoenix,19,,,"['Restaurants', 'Japanese', 'Sushi Bars']",33.331773,4.0,"['Alcohol: full_bar', 'BusinessAcceptsCreditCards: True', ""BusinessParking: {'garage': False, 'street': False, 'validated': False, 'lot': True, 'valet': False}"", 'GoodForKids: False', ""GoodForMeal: {'dessert': False, 'latenight': True, 'lunch': False, 'dinner': True, 'breakfast': False, 'brunch': False}"", 'OutdoorSeating: True', 'RestaurantsAttire: casual', 'RestaurantsGoodForGroups: True', 'RestaurantsPriceRange2: 2', 'RestaurantsReservations: True', 'RestaurantsTableService: True', 'RestaurantsTakeOut: True', 'WheelchairAccessible: True']",-111.978279,4855 E Warner Dr,85073,AZ,0,YeXwSWdjDYY1QkAPdqZSAQ,business
Putsy's Chicken Steak Fingers,Tempe,3,,,"['Southern', 'Restaurants']",33.3350531,4.5,"['Alcohol: none', 'BusinessAcceptsCreditCards: True', 'GoodForKids: True', ""GoodForMeal: {'dessert': False, 'latenight': False, 'lunch': False, 'dinner': False, 'breakfast': False, 'brunch': False}"", 'OutdoorSeating: True', 'RestaurantsAttire: casual', 'RestaurantsDelivery: True', 'RestaurantsGoodForGroups: True', 'RestaurantsPriceRange2: 1', 'RestaurantsReservations: False', 'RestaurantsTableService: False', 'RestaurantsTakeOut: True', 'WheelchairAccessible: True']",-111.9445728,"440 W Warner Rd, Ste 104",85284,AZ,0,kr6OXeeiBVGTWOsByUl3tQ,business
Jack-In-the Box,Phoenix,8,,,"['Restaurants', 'Burgers']",33.5827219,3.0,"['Alcohol: none', ""Ambience: {'romantic': False, 'intimate': False, 'classy': False, 'hipster': False, 'divey': False, 'touristy': False, 'trendy': False, 'upscale': False, 'casual': False}"", 'BikeParking: True', 'BusinessAcceptsCreditCards: True', ""BusinessParking: {'garage': False, 'street': False, 'validated': False, 'lot': False, 'valet': False}"", 'Caters: False', 'DriveThru: True', 'GoodForKids: True', ""GoodForMeal: {'dessert': False, 'latenight': False, 'lunch': False, 'dinner': False, 'breakfast': False, 'brunch': False}"", 'HasTV: False', 'NoiseLevel: average', 'OutdoorSeating: False', 'RestaurantsAttire: casual', 'RestaurantsDelivery: False', 'RestaurantsGoodForGroups: False', 'RestaurantsPriceRange2: 2', 'RestaurantsReservations: False', 'RestaurantsTableService: False', 'RestaurantsTakeOut: True', 'WiFi: free']",-112.150996,10621 N 43rd Ave,85029,AZ,1,Zju9aNvftYAJULT3LGsZzA,business
Salades Sensations,Laval,4,"['Monday 11:0-20:0', 'Tuesday 11:0-20:0', 'Wednesday 11:0-20:0', 'Thursday 11:0-20:0', 'Friday 11:0-20:0', 'Saturday 11:0-19:0', 'Sunday 11:0-19:0']",Laval,"['Sandwiches', 'Salad', 'Restaurants']",45.5714145,3.0,"['Alcohol: none', ""Ambience: {'romantic': False, 'intimate': False, 'classy': False, 'hipster': False, 'touristy': False, 'trendy': False, 'upscale': False, 'casual': False}"", 'BikeParking: True', 'BusinessAcceptsCreditCards: True', ""BusinessParking: {'garage': False, 'street': False, 'validated': False, 'lot': False, 'valet': False}"", 'Caters: True', 'GoodForKids: True', ""GoodForMeal: {'dessert': False, 'latenight': False, 'lunch': False, 'dinner': False, 'breakfast': False, 'brunch': False}"", 'HasTV: False', 'NoiseLevel: average', 'OutdoorSeating: False', 'RestaurantsAttire: casual', 'RestaurantsDelivery: False', 'RestaurantsGoodForGroups: False', 'RestaurantsPriceRange2: 2', 'RestaurantsReservations: False', 'RestaurantsTableService: False', 'RestaurantsTakeOut: True', 'WiFi: no']",-73.7602384,2640 Boulevard Daniel-Johnson,H7P 5Y2,QC,1,qzzPdowIh4-Pr8pnxiGKpA,business
JJANGA Japanese Restaurant,Las Vegas,805,"['Monday 11:30-2:0', 'Tuesday 11:30-2:0', 'Wednesday 11:30-2:0', 'Thursday 11:30-2:0', 'Friday 11:30-2:0', 'Saturday 11:30-2:0', 'Sunday 11:30-23:0']",Chinatown,"['Sushi Bars', 'Japanese', 'Restaurants']",36.1235575,4.0,"['Alcohol: full_bar', ""Ambience: {'romantic': False, 'intimate': False, 'classy': False, 'hipster': False, 'divey': False, 'touristy': False, 'trendy': False, 'upscale': False, 'casual': True}"", 'BikeParking: True', 'BusinessAcceptsCreditCards: True', ""BusinessParking: {'garage': False, 'street': False, 'validated': False, 'lot': True, 'valet': False}"", 'Caters: False', 'GoodForKids: True', ""GoodForMeal: {'dessert': False, 'latenight': False, 'lunch': True, 'dinner': True, 'breakfast': False, 'brunch': False}"", 'HasTV: True', 'NoiseLevel: average', 'OutdoorSeating: False', 'RestaurantsAttire: casual', 'RestaurantsDelivery: False', 'RestaurantsGoodForGroups: True', 'RestaurantsPriceRange2: 2', 'RestaurantsReservations: True', 'RestaurantsTableService: True', 'RestaurantsTakeOut: True', 'WheelchairAccessible: True', 'WiFi: free']",-115.2075378,"3650 S Decatur Blvd, Ste 31",89103,NV,1,6tSvz_21BMo3a4GaItwa0g,business
McFadden's Restaurant and Saloon,Las Vegas,306,"['Monday 15:0-2:0', 'Tuesday 15:0-2:0', 'Wednesday 15:0-2:0', 'Thursday 15:0-2:0', 'Friday 11:0-4:0', 'Saturday 11:0-4:0', 'Sunday 11:0-2:0']",Southeast,"['Mediterranean', 'Irish', 'Restaurants', 'American (Traditional)', 'Bars', 'American (New)', 'Dive Bars', 'Nightlife']",36.0684803,2.0,"['Alcohol: full_bar', ""Ambience: {'romantic': False, 'intimate': False, 'classy': False, 'hipster': False, 'divey': False, 'touristy': False, 'trendy': False, 'upscale': False, 'casual': True}"", 'BusinessAcceptsCreditCards: True', ""BusinessParking: {'garage': True, 'street': False, 'validated': False, 'lot': False, 'valet': False}"", 'Caters: True', 'GoodForKids: False', ""GoodForMeal: {'dessert': False, 'latenight': True, 'lunch': False, 'dinner': True, 'breakfast': False, 'brunch': False}"", 'HasTV: True', 'NoiseLevel: loud', 'OutdoorSeating: True', 'RestaurantsAttire: casual', 'RestaurantsDelivery: False', 'RestaurantsGoodForGroups: True', 'RestaurantsPriceRange2: 2', 'RestaurantsReservations: True', 'RestaurantsTableService: True', 'RestaurantsTakeOut: True', 'WheelchairAccessible: True', 'WiFi: free', 'GoodForDancing: True', 'HappyHour: True', 'BikeParking: False', ""Music: {'dj': False, 'background_music': False, 'no_music': False, 'karaoke': False, 'live': False, 'video': False, 'jukebox': False}""]",-115.1776797,"6593 Las Vegas Blvd S, Ste 222",89119,NV,1,km5aBHRss5ir_B0jvEErzQ,business
Luigi's Pizza,Charlotte,11,,South End,"['Restaurants', 'Pizza']",35.209084,3.5,"['Alcohol: beer_and_wine', 'BusinessAcceptsCreditCards: True', ""BusinessParking: {'garage': False, 'street': False, 'validated': False, 'lot': False, 'valet': False}"", 'OutdoorSeating: True', 'RestaurantsAttire: casual', 'RestaurantsPriceRange2: 1', 'RestaurantsReservations: False', 'RestaurantsTakeOut: True', 'WheelchairAccessible: True']",-80.857952,"1225 E Blvd, Ste A",28203,NC,0,e3dbqeMI4k1Jl2VBCq9rNw,business
Gostilna At Knezak,Euclid,7,"['Monday 16:0-22:0', 'Tuesday 14:0-22:0', 'Wednesday 14:0-22:0', 'Thursday 12:0-22:0', 'Friday 12:0-23:30', 'Saturday 16:0-23:0']",North Collinwood,"['Restaurants', 'American (Traditional)']",41.5867308,4.0,"['Alcohol: full_bar', ""Ambience: {'romantic': False, 'intimate': False, 'classy': False, 'hipster': False, 'divey': False, 'touristy': False, 'trendy': False, 'upscale': False, 'casual': False}"", 'BikeParking: False', 'BusinessAcceptsCreditCards: True', ""BusinessParking: {'garage': False, 'street': True, 'validated': False, 'lot': True, 'valet': False}"", 'Caters: False', 'GoodForKids: False', ""GoodForMeal: {'dessert': False, 'latenight': False, 'lunch': False, 'dinner': False, 'breakfast': False, 'brunch': False}"", 'HasTV: True', 'NoiseLevel: quiet', 'OutdoorSeating: False', 'RestaurantsAttire: casual', 'RestaurantsDelivery: False', 'RestaurantsGoodForGroups: True', 'RestaurantsPriceRange2: 1', 'RestaurantsReservations: True', 'RestaurantsTableService: True', 'RestaurantsTakeOut: True', 'WiFi: no']",-81.5401855,768 E 200th St,44119,OH,0,xrDA2QwAEpRQJhoojWC9vg,business
Lion and Dragon Pub,Ajax,6,,,"['Bars', 'British', 'Restaurants', 'Nightlife']",43.8539992277,2.5,"['Alcohol: full_bar', ""Ambience: {'romantic': False, 'intimate': False, 'classy': False, 'hipster': False, 'touristy': False, 'trendy': False, 'upscale': False, 'casual': False}"", 'BusinessAcceptsCreditCards: True', ""BusinessParking: {'garage': False, 'street': False, 'validated': False, 'lot': False, 'valet': False}"", 'GoodForDancing: False', 'GoodForKids: False', ""GoodForMeal: {'dessert': False, 'latenight': False, 'lunch': False, 'dinner': False, 'breakfast': False, 'brunch': False}"", 'HasTV: True', ""Music: {'dj': False, 'background_music': False, 'no_music': False, 'karaoke': True, 'live': False, 'video': False, 'jukebox': False}"", 'NoiseLevel: loud', 'OutdoorSeating: True', 'RestaurantsAttire: casual', 'RestaurantsDelivery: False', 'RestaurantsGoodForGroups: False', 'RestaurantsPriceRange2: 2', 'RestaurantsTableService: True', 'Smoking: outdoor', 'WiFi: no']",-79.0599560738,109 Old Kingston Road,L1T 3A6,ON,1,NF6s6z1NLXuy4feyx2vwRA,business
Piazza Monte,Toronto,5,"['Monday 11:0-19:0', 'Tuesday 11:0-19:0', 'Wednesday 11:0-20:0', 'Thursday 11:0-20:0', 'Friday 11:0-20:0', 'Saturday 11:0-20:0']",Scarborough,"['Restaurants', 'Pizza', 'Italian']",43.7894519,3.0,"['Alcohol: none', 'BusinessAcceptsCreditCards: True', 'Caters: True', ""GoodForMeal: {'dessert': False, 'latenight': False, 'lunch': False, 'dinner': False, 'breakfast': False, 'brunch': False}"", 'NoiseLevel: quiet', 'OutdoorSeating: False', 'RestaurantsDelivery: False', 'RestaurantsPriceRange2: 1', 'RestaurantsTakeOut: True']",-79.1407734,297 Port Union Road,M1C 2L3,ON,0,sCpa9e3HOSPuOlZUIVTWKQ,business
Pgh Crepes,Pittsburgh,13,,Oakland,"['Restaurants', 'Creperies', 'Food Trucks', 'Coffee & Tea', 'Food']",40.4439607709,3.5,"['BusinessAcceptsCreditCards: True', ""BusinessParking: {'garage': False, 'street': False, 'validated': False, 'lot': False, 'valet': False}"", 'Caters: True', 'GoodForKids: True', ""GoodForMeal: {'dessert': False, 'latenight': False, 'lunch': False, 'dinner': False, 'breakfast': False, 'brunch': False}"", 'RestaurantsDelivery: False', 'RestaurantsPriceRange2: 1', 'RestaurantsTableService: True']",-79.9542873063,Bigelow Blvd & Forbes Ave,15213,PA,1,cPZ5ugSrVrqnqD5ZsJhnpA,business
KO Burger,Toronto,17,"['Monday 11:0-1:30', 'Tuesday 11:0-1:30', 'Wednesday 11:0-1:30', 'Thursday 11:0-1:30', 'Friday 11:0-2:30', 'Saturday 11:0-2:30', 'Sunday 11:0-1:30']",,"['Food', 'Restaurants', 'Burgers']",43.6771361,2.0,"['Alcohol: none', ""Ambience: {'romantic': False, 'intimate': False, 'classy': False, 'hipster': False, 'touristy': False, 'trendy': False, 'upscale': False, 'casual': True}"", 'BikeParking: False', 'BusinessAcceptsCreditCards: True', ""BusinessParking: {'garage': False, 'street': True, 'validated': False, 'lot': False, 'valet': False}"", 'Caters: True', 'DriveThru: False', 'GoodForKids: True', ""GoodForMeal: {'dessert': False, 'latenight': True, 'lunch': False, 'dinner': False, 'breakfast': False, 'brunch': False}"", 'HasTV: True', 'NoiseLevel: quiet', 'OutdoorSeating: False', 'RestaurantsAttire: casual', 'RestaurantsDelivery: True', 'RestaurantsGoodForGroups: False', 'RestaurantsPriceRange2: 2', 'RestaurantsReservations: False', 'RestaurantsTableService: False', 'RestaurantsTakeOut: True', 'WiFi: no']",-79.3589197,788 Broadview Avenue,M4K 2P1,ON,1,eOxixaXxmFjCxdlrG1-B1A,business
Pita & Grill,Mississauga,31,"['Monday 11:0-22:0', 'Tuesday 11:0-22:0', 'Wednesday 11:0-22:0', 'Thursday 11:0-22:0', 'Friday 11:0-22:0', 'Saturday 11:0-22:0', 'Sunday 11:0-22:0']",Cooksville,"['Sandwiches', 'Mediterranean', 'Restaurants']",43.5773518,4.0,"['Alcohol: none', ""Ambience: {'romantic': False, 'intimate': False, 'classy': False, 'hipster': False, 'touristy': False, 'trendy': False, 'upscale': False, 'casual': True}"", 'BikeParking: False', 'BusinessAcceptsCreditCards: True', ""BusinessParking: {'garage': False, 'street': False, 'validated': False, 'lot': True, 'valet': False}"", 'Caters: True', 'GoodForKids: True', ""GoodForMeal: {'dessert': False, 'latenight': False, 'lunch': True, 'dinner': False, 'breakfast': False, 'brunch': False}"", 'HasTV: True', 'NoiseLevel: average', 'OutdoorSeating: False', 'RestaurantsAttire: casual', 'RestaurantsDelivery: False', 'RestaurantsGoodForGroups: True', 'RestaurantsPriceRange2: 1', 'RestaurantsReservations: False', 'RestaurantsTableService: False', 'RestaurantsTakeOut: True', 'WiFi: no']",-79.6196897,134 Dundas Street W,L5B 1H9,ON,1,q6QjMYwBlkwum4kj88t4Sg,business
Pho Sing Sing,Las  Vegas,175,"['Monday 9:0-22:0', 'Tuesday 9:0-22:0', 'Wednesday 9:0-22:0', 'Thursday 9:0-22:0', 'Friday 9:0-22:0', 'Saturday 9:0-22:0', 'Sunday 10:0-22:0']",Chinatown,"['Restaurants', 'Vietnamese']",36.1265774,4.0,"['Alcohol: none', ""Ambience: {'romantic': False, 'intimate': False, 'classy': False, 'hipster': False, 'divey': False, 'touristy': False, 'trendy': False, 'upscale': False, 'casual': True}"", 'BikeParking: True', 'BusinessAcceptsCreditCards: True', ""BusinessParking: {'garage': False, 'street': False, 'validated': False, 'lot': True, 'valet': False}"", 'Caters: False', 'GoodForKids: True', ""GoodForMeal: {'dessert': False, 'latenight': False, 'lunch': True, 'dinner': True, 'breakfast': False, 'brunch': False}"", 'HasTV: True', 'NoiseLevel: average', 'OutdoorSeating: False', 'RestaurantsAttire: casual', 'RestaurantsDelivery: False', 'RestaurantsGoodForGroups: True', 'RestaurantsPriceRange2: 1', 'RestaurantsReservations: False', 'RestaurantsTableService: True', 'RestaurantsTakeOut: True', 'WiFi: no']",-115.2259262,3409 S Jones Blvd,89146,NV,1,MX2OYa2sS5ys_6AiK-gs3A,business
Casa Del Sol,Fitchburg,63,"['Monday 11:0-21:0', 'Tuesday 11:0-21:0', 'Wednesday 11:0-21:0', 'Thursday 11:0-21:0', 'Friday 11:0-22:0', 'Saturday 11:0-22:0', 'Sunday 12:0-20:0']",,"['Mexican', 'Restaurants']",43.0202796,3.5,"['Alcohol: full_bar', ""Ambience: {'romantic': False, 'intimate': False, 'classy': False, 'hipster': False, 'divey': False, 'touristy': False, 'trendy': False, 'upscale': False, 'casual': True}"", 'BikeParking: True', 'BusinessAcceptsCreditCards: True', ""BusinessParking: {'garage': False, 'street': False, 'validated': False, 'lot': True, 'valet': False}"", 'Caters: False', 'GoodForKids: True', ""GoodForMeal: {'dessert': False, 'latenight': False, 'lunch': True, 'dinner': True, 'breakfast': False, 'brunch': False}"", 'HasTV: True', 'NoiseLevel: average', 'OutdoorSeating: True', 'RestaurantsAttire: casual', 'RestaurantsDelivery: False', 'RestaurantsGoodForGroups: True', 'RestaurantsPriceRange2: 2', 'RestaurantsReservations: True', 'RestaurantsTableService: True', 'RestaurantsTakeOut: True', 'WheelchairAccessible: True', 'WiFi: no']",-89.4192092,3040 Cahill Main,53711,WI,0,Q_BDMqf4tLrS_44g38dqXQ,business
Chili's,Mesa,45,"['Monday 11:0-22:0', 'Tuesday 11:0-22:0', 'Wednesday 11:0-22:0', 'Thursday 11:0-22:0', 'Friday 11:0-23:0', 'Saturday 11:0-23:0', 'Sunday 11:0-22:0']",,"['Bars', 'Nightlife', 'Tex-Mex', 'American (Traditional)', 'Restaurants']",33.389268,2.5,"['Alcohol: full_bar', ""Ambience: {'romantic': False, 'intimate': False, 'classy': False, 'hipster': False, 'divey': False, 'touristy': False, 'trendy': False, 'upscale': False, 'casual': True}"", 'BikeParking: True', 'BusinessAcceptsCreditCards: True', ""BusinessParking: {'garage': False, 'street': False, 'validated': False, 'lot': True, 'valet': False}"", 'Caters: True', 'CoatCheck: False', 'GoodForDancing: False', 'GoodForKids: True', 'HappyHour: True', 'HasTV: True', ""Music: {'dj': False, 'background_music': False, 'no_music': False, 'karaoke': False, 'live': False, 'video': False, 'jukebox': False}"", 'NoiseLevel: average', 'OutdoorSeating: False', 'RestaurantsAttire: casual', 'RestaurantsDelivery: False', 'RestaurantsGoodForGroups: True', 'RestaurantsPriceRange2: 2', 'RestaurantsReservations: False', 'RestaurantsTableService: True', 'RestaurantsTakeOut: True', 'WheelchairAccessible: True', 'WiFi: free', ""GoodForMeal: {'dessert': True, 'latenight': False, 'lunch': True, 'dinner': True, 'breakfast': False, 'brunch': False}""]",-111.684212,1435 S Power Rd,85206,AZ,1,vYn0gishV27DpfM_loZITQ,business
Cantanhede O Bairradino,Toronto,28,"['Tuesday 9:0-21:0', 'Wednesday 9:0-21:0', 'Thursday 9:0-21:0', 'Friday 9:0-21:0', 'Saturday 9:0-21:0', 'Sunday 9:0-17:0']",Wallace Emerson,"['Portuguese', 'Restaurants']",43.6625541,4.0,"['Alcohol: none', ""Ambience: {'romantic': False, 'intimate': False, 'classy': False, 'hipster': False, 'touristy': False, 'trendy': False, 'upscale': False, 'casual': True}"", 'BikeParking: True', 'BusinessAcceptsCreditCards: False', ""BusinessParking: {'garage': False, 'street': False, 'validated': False, 'lot': False, 'valet': False}"", 'Caters: True', 'GoodForKids: True', ""GoodForMeal: {'dessert': False, 'latenight': False, 'lunch': False, 'dinner': True, 'breakfast': False, 'brunch': False}"", 'HasTV: True', 'NoiseLevel: average', 'OutdoorSeating: False', 'RestaurantsAttire: casual', 'RestaurantsDelivery: False', 'RestaurantsGoodForGroups: True', 'RestaurantsPriceRange2: 2', 'RestaurantsReservations: False', 'RestaurantsTableService: False', 'RestaurantsTakeOut: True', 'WiFi: no']",-79.4449107,662 Lansdowne Avenue,M6H 3Y8,ON,1,JqCPbQ02W0Jbxrp6X94KQA,business
Club 5,Madison,8,"['Monday 17:0-2:0', 'Tuesday 17:0-2:0', 'Wednesday 17:0-2:0', 'Thursday 17:0-2:0', 'Friday 17:0-2:30', 'Saturday 17:0-2:30', 'Sunday 17:0-2:0']",,"['Bars', 'Restaurants', 'Nightlife', 'Dance Clubs', 'Gay Bars']",43.0325887,3.5,"['AgesAllowed: 18plus', 'Alcohol: full_bar', ""Ambience: {'romantic': False, 'intimate': False, 'classy': False, 'hipster': False, 'divey': False, 'touristy': False, 'trendy': False, 'upscale': False, 'casual': True}"", ""BestNights: {'monday': False, 'tuesday': False, 'friday': True, 'wednesday': False, 'thursday': True, 'sunday': False, 'saturday': True}"", 'BusinessAcceptsCreditCards: True', ""BusinessParking: {'garage': False, 'street': False, 'validated': False, 'lot': True, 'valet': False}"", 'CoatCheck: True', 'GoodForDancing: True', 'HappyHour: True', 'HasTV: True', ""Music: {'dj': True, 'background_music': False, 'no_music': False, 'karaoke': False, 'live': False, 'video': True, 'jukebox': False}"", 'NoiseLevel: loud', 'OutdoorSeating: True', 'RestaurantsGoodForGroups: True', 'RestaurantsPriceRange2: 1', 'Smoking: outdoor']",-89.4069988,5 Applegate Crt,53713,WI,0,SH1c1aFJl0uHVnVPEF-fTA,business
Not Just Noodles,Toronto,116,"['Monday 11:0-1:0', 'Tuesday 11:0-1:0', 'Wednesday 11:0-1:0', 'Thursday 11:0-1:0', 'Friday 11:0-1:0', 'Saturday 11:0-1:0', 'Sunday 12:0-1:0']",Downtown Core,"['Restaurants', 'Chinese']",43.6649731,3.5,"['Alcohol: beer_and_wine', ""Ambience: {'romantic': False, 'intimate': False, 'classy': False, 'hipster': False, 'touristy': False, 'trendy': False, 'upscale': False, 'casual': True}"", 'BikeParking: True', 'BusinessAcceptsCreditCards: True', ""BusinessParking: {'garage': False, 'street': True, 'validated': False, 'lot': False, 'valet': False}"", 'Caters: True', 'DogsAllowed: False', 'GoodForKids: True', ""GoodForMeal: {'dessert': False, 'latenight': True, 'lunch': True, 'dinner': True, 'breakfast': False, 'brunch': False}"", 'HasTV: False', 'NoiseLevel: average', 'OutdoorSeating: False', 'RestaurantsAttire: casual', 'RestaurantsDelivery: True', 'RestaurantsGoodForGroups: True', 'RestaurantsPriceRange2: 1', 'RestaurantsReservations: True', 'RestaurantsTableService: True', 'RestaurantsTakeOut: True', 'WheelchairAccessible: False', 'WiFi: no']",-79.3845928,570 Yonge Street,M4Y 1Z3,ON,1,xVHzCbDWCwmyavF5PgJRmg,business
Port of Subs,Mesa,20,"['Monday 10:0-20:30', 'Tuesday 10:0-20:30', 'Wednesday 10:0-20:30', 'Thursday 10:0-20:30', 'Friday 10:0-20:30', 'Saturday 10:0-20:30', 'Sunday 10:0-19:0']",,"['Sandwiches', 'Restaurants', 'Salad', 'Breakfast & Brunch', 'Delis']",33.453007,4.0,"['Alcohol: none', 'BikeParking: True', 'BusinessAcceptsCreditCards: True', ""BusinessParking: {'garage': False, 'street': False, 'validated': False, 'lot': False, 'valet': False}"", 'Caters: True', 'DogsAllowed: False', 'GoodForKids: True', ""GoodForMeal: {'dessert': False, 'latenight': False, 'lunch': True, 'dinner': False, 'breakfast': False, 'brunch': False}"", 'HasTV: False', 'NoiseLevel: quiet', 'OutdoorSeating: True', 'RestaurantsAttire: casual', 'RestaurantsDelivery: False', 'RestaurantsGoodForGroups: True', 'RestaurantsPriceRange2: 1', 'RestaurantsReservations: False', 'RestaurantsTableService: False', 'RestaurantsTakeOut: True', 'WheelchairAccessible: True', 'WiFi: free', ""Ambience: {'romantic': False, 'intimate': False, 'classy': False, 'hipster': False, 'divey': False, 'touristy': False, 'trendy': False, 'upscale': False, 'casual': True}""]",-111.6882393,"6620 East Mckellips, Ste 101",85215,AZ,1,KCD4AuLXNhbG87fJaX9_gw,business
Dominic's,Pittsburgh,12,"['Monday 9:0-1:0', 'Tuesday 9:0-1:0', 'Wednesday 9:0-1:0', 'Thursday 9:0-1:0', 'Friday 9:0-1:0', 'Saturday 9:0-1:0', 'Sunday 9:0-1:0']",North Side,"['Restaurants', 'Bars', 'Delis', 'Nightlife', 'Sports Bars']",40.4471507,2.5,"['Alcohol: full_bar', ""Ambience: {'romantic': False, 'intimate': False, 'classy': False, 'hipster': False, 'divey': False, 'touristy': False, 'trendy': False, 'upscale': False, 'casual': True}"", 'BikeParking: True', 'BusinessAcceptsCreditCards: True', ""BusinessParking: {'garage': True, 'street': True, 'validated': False, 'lot': False, 'valet': False}"", 'CoatCheck: False', 'DogsAllowed: False', 'GoodForDancing: False', 'GoodForKids: True', ""GoodForMeal: {'dessert': False, 'latenight': False, 'lunch': False, 'dinner': False, 'breakfast': False, 'brunch': False}"", 'HappyHour: True', 'HasTV: True', 'NoiseLevel: very_loud', 'OutdoorSeating: True', 'RestaurantsAttire: casual', 'RestaurantsDelivery: True', 'RestaurantsGoodForGroups: True', 'RestaurantsPriceRange2: 2', 'RestaurantsReservations: False', 'RestaurantsTableService: True', 'RestaurantsTakeOut: True', 'WheelchairAccessible: True', 'WiFi: free']",-80.0064087,115 Federal St,15212,PA,0,KvlaL5wejWOaZayBxP_vUQ,business
Famous Toastery,Davidson,181,"['Monday 7:0-15:0', 'Tuesday 7:0-15:0', 'Wednesday 17:0-21:0', 'Thursday 17:0-21:0', 'Friday 17:0-21:0', 'Saturday 17:0-21:0', 'Sunday 7:0-15:0']",,"['Breakfast & Brunch', 'Restaurants', 'American (New)']",35.4991952,4.0,"['Alcohol: full_bar', ""Ambience: {'romantic': False, 'intimate': False, 'classy': False, 'hipster': False, 'divey': False, 'touristy': False, 'trendy': False, 'upscale': False, 'casual': True}"", 'BikeParking: True', 'BusinessAcceptsCreditCards: True', ""BusinessParking: {'garage': False, 'street': True, 'validated': False, 'lot': False, 'valet': False}"", 'Caters: True', 'GoodForKids: True', ""GoodForMeal: {'dessert': False, 'latenight': False, 'lunch': False, 'dinner': False, 'breakfast': True, 'brunch': True}"", 'HasTV: False', 'NoiseLevel: average', 'OutdoorSeating: True', 'RestaurantsAttire: casual', 'RestaurantsDelivery: False', 'RestaurantsGoodForGroups: True', 'RestaurantsPriceRange2: 2', 'RestaurantsReservations: False', 'RestaurantsTableService: True', 'RestaurantsTakeOut: True', 'WheelchairAccessible: True', 'WiFi: free']",-80.8487957,101 N Main St,28036,NC,1,8rtd2ZoeNMHjCQQnWuZ-bQ,business
Abyssinia Restaurant and Cafe,Phoenix,91,"['Monday 10:0-22:0', 'Tuesday 10:0-22:0', 'Wednesday 10:0-22:0', 'Thursday 10:0-22:0', 'Friday 10:0-22:0', 'Saturday 10:0-22:0', 'Sunday 13:0-22:0']",,"['Coffee & Tea', 'Restaurants', 'Food', 'African', 'Ethiopian']",33.49548,4.5,"['Alcohol: none', ""Ambience: {'romantic': False, 'intimate': False, 'classy': False, 'hipster': False, 'divey': False, 'touristy': False, 'trendy': False, 'upscale': False, 'casual': True}"", 'BikeParking: True', 'BusinessAcceptsCreditCards: True', ""BusinessParking: {'garage': False, 'street': False, 'validated': False, 'lot': True, 'valet': False}"", 'ByAppointmentOnly: False', 'Caters: True', 'GoodForKids: True', ""GoodForMeal: {'dessert': False, 'latenight': False, 'lunch': True, 'dinner': True, 'breakfast': False, 'brunch': False}"", 'HasTV: True', 'NoiseLevel: average', 'OutdoorSeating: True', 'RestaurantsAttire: casual', 'RestaurantsDelivery: False', 'RestaurantsGoodForGroups: True', 'RestaurantsPriceRange2: 2', 'RestaurantsReservations: True', 'RestaurantsTableService: True', 'RestaurantsTakeOut: True', 'WheelchairAccessible: True', 'WiFi: free']",-112.063272,842 E Indian School Rd,85014,AZ,1,I9nziYEw4YIFjr3ZDBpFog,business
Brochette,Montréal,5,,Ville-Marie,"['Fast Food', 'French', 'Restaurants']",45.495424,3.0,"['Alcohol: beer_and_wine', ""Ambience: {'romantic': False, 'intimate': False, 'classy': False, 'hipster': False, 'touristy': False, 'trendy': False, 'upscale': False, 'casual': False}"", 'BusinessAcceptsCreditCards: False', ""BusinessParking: {'garage': False, 'street': False, 'validated': False, 'lot': False, 'valet': False}"", 'Caters: False', 'GoodForKids: True', ""GoodForMeal: {'dessert': False, 'latenight': False, 'lunch': False, 'dinner': False, 'breakfast': False, 'brunch': False}"", 'HasTV: True', 'NoiseLevel: loud', 'OutdoorSeating: True', 'RestaurantsAttire: casual', 'RestaurantsDelivery: True', 'RestaurantsGoodForGroups: True', 'RestaurantsPriceRange2: 2', 'RestaurantsReservations: False', 'RestaurantsTableService: True', 'RestaurantsTakeOut: True', 'WiFi: no']",-73.5734143,1400 Boulevard René-Léveaque Ouest,H3G 1T6,QC,0,arImz3BJNf-EcNUuguk2Rw,business
Nick's Famous Shawarma On Lakeshore,Mississauga,7,"['Monday 11:0-22:0', 'Tuesday 11:0-22:0', 'Wednesday 11:0-22:0', 'Thursday 11:0-22:0', 'Friday 11:0-22:0', 'Saturday 11:0-23:0', 'Sunday 11:0-20:0']",,"['Middle Eastern', 'Restaurants', 'Lebanese', 'Mediterranean']",43.5752832,3.0,"['Alcohol: none', ""Ambience: {'romantic': False, 'intimate': False, 'classy': False, 'hipster': False, 'touristy': False, 'trendy': False, 'upscale': False, 'casual': True}"", 'BikeParking: False', 'BusinessAcceptsCreditCards: True', ""BusinessParking: {'garage': False, 'street': False, 'validated': False, 'lot': True, 'valet': False}"", 'Caters: True', 'DogsAllowed: False', 'GoodForKids: True', ""GoodForMeal: {'dessert': False, 'latenight': False, 'lunch': False, 'dinner': False, 'breakfast': False, 'brunch': False}"", 'HasTV: True', 'NoiseLevel: average', 'OutdoorSeating: True', 'RestaurantsAttire: casual', 'RestaurantsDelivery: True', 'RestaurantsGoodForGroups: False', 'RestaurantsPriceRange2: 1', 'RestaurantsReservations: True', 'RestaurantsTableService: True', 'RestaurantsTakeOut: True', 'WheelchairAccessible: False', 'WiFi: free']",-79.5606234,939 B Lakeshore Road E,L5E 1E3,ON,1,Pbt5s6MWCD0A0JYEiOcNLw,business
Tim Hortons,North York,4,,,"['Cafes', 'Coffee & Tea', 'Food', 'Restaurants']",43.7608876,3.0,"['BusinessAcceptsCreditCards: True', 'RestaurantsTakeOut: True']",-79.4994268,1493 Finch Avenue W,M3J 2G7,ON,1,7ahUyPUwmlP6Gx0_4EdSYg,business
Jerusalem Restaurant,Toronto,88,"['Monday 11:30-22:0', 'Tuesday 11:30-22:0', 'Wednesday 11:30-22:0', 'Thursday 11:30-22:0', 'Friday 11:30-22:30', 'Saturday 12:0-23:0', 'Sunday 12:0-22:0']",,"['Restaurants', 'Middle Eastern', 'Caterers', 'Event Planning & Services']",43.7790661,3.0,"['Alcohol: full_bar', ""Ambience: {'romantic': False, 'intimate': False, 'classy': False, 'hipster': False, 'touristy': False, 'trendy': False, 'upscale': False, 'casual': True}"", 'BikeParking: True', 'BusinessAcceptsCreditCards: True', ""BusinessParking: {'garage': False, 'street': False, 'validated': False, 'lot': True, 'valet': False}"", 'Caters: True', 'GoodForKids: True', ""GoodForMeal: {'dessert': False, 'latenight': False, 'lunch': False, 'dinner': True, 'breakfast': False, 'brunch': False}"", 'HasTV: False', 'NoiseLevel: average', 'OutdoorSeating: False', 'RestaurantsAttire: casual', 'RestaurantsDelivery: False', 'RestaurantsGoodForGroups: True', 'RestaurantsPriceRange2: 2', 'RestaurantsReservations: True', 'RestaurantsTableService: True', 'RestaurantsTakeOut: True', 'WheelchairAccessible: True', 'WiFi: no']",-79.3651068,4777 Leslie Street,M2J 2K8,ON,1,YAdyu9ovEiOZXBWkD0H8-Q,business
Le Fripon,Montréal,28,"['Monday 9:0-22:0', 'Tuesday 9:0-22:0', 'Wednesday 9:0-22:0', 'Thursday 9:0-22:0', 'Friday 9:0-22:0', 'Saturday 8:0-23:0', 'Sunday 8:0-23:0']",Ville-Marie,"['Restaurants', 'American (Traditional)', 'French', 'Brasseries']",45.507656,2.5,"['Alcohol: full_bar', ""Ambience: {'romantic': False, 'intimate': False, 'classy': False, 'hipster': False, 'touristy': False, 'trendy': False, 'upscale': False, 'casual': False}"", 'BikeParking: True', 'BusinessAcceptsCreditCards: True', ""BusinessParking: {'garage': False, 'street': True, 'validated': False, 'lot': False, 'valet': False}"", 'Caters: False', 'GoodForKids: True', ""GoodForMeal: {'dessert': False, 'latenight': False, 'lunch': True, 'dinner': True, 'breakfast': False, 'brunch': False}"", 'HasTV: True', 'NoiseLevel: average', 'OutdoorSeating: True', 'RestaurantsAttire: casual', 'RestaurantsDelivery: False', 'RestaurantsGoodForGroups: True', 'RestaurantsPriceRange2: 2', 'RestaurantsReservations: True', 'RestaurantsTableService: True', 'RestaurantsTakeOut: False', 'WiFi: no']",-73.553274,436 Place Jacques-Cartier,H2Y 3B3,QC,1,DwJlGxAJvohbDR_5jV-ERA,business
Accords Le Bistro,Montréal,13,"['Monday 11:30-14:30', 'Tuesday 11:30-22:0', 'Wednesday 11:30-22:0', 'Thursday 11:30-23:0', 'Friday 11:30-23:0', 'Saturday 17:0-23:0']",Ville-Marie,"['Restaurants', 'French']",45.51009,4.0,"['Alcohol: full_bar', ""Ambience: {'romantic': False, 'intimate': False, 'classy': False, 'hipster': False, 'touristy': False, 'trendy': False, 'upscale': False, 'casual': False}"", 'BikeParking: False', ""BusinessParking: {'garage': False, 'street': False, 'validated': False, 'lot': False, 'valet': False}"", 'Caters: False', 'GoodForKids: False', ""GoodForMeal: {'dessert': False, 'latenight': False, 'lunch': False, 'dinner': True, 'breakfast': False, 'brunch': False}"", 'HasTV: False', 'NoiseLevel: quiet', 'OutdoorSeating: True', 'RestaurantsAttire: casual', 'RestaurantsDelivery: False', 'RestaurantsGoodForGroups: True', 'RestaurantsPriceRange2: 3', 'RestaurantsReservations: True', 'RestaurantsTableService: True', 'RestaurantsTakeOut: False']",-73.563432,22 Rue Sainte-Catherine Est,H2X 1K4,QC,1,RhIjAPdxZYnzqWLs7P-YTA,business
Qi Sushi,Toronto,75,"['Tuesday 11:30-22:0', 'Wednesday 11:30-22:0', 'Thursday 11:30-22:0', 'Friday 11:30-22:0', 'Saturday 11:30-22:0', 'Sunday 11:30-22:0']",Cabbagetown,"['Restaurants', 'Sushi Bars', 'Japanese']",43.6625533,4.0,"['Alcohol: beer_and_wine', ""Ambience: {'romantic': False, 'intimate': False, 'classy': False, 'hipster': False, 'touristy': False, 'trendy': False, 'upscale': False, 'casual': True}"", 'BikeParking: True', 'BusinessAcceptsCreditCards: True', ""BusinessParking: {'garage': False, 'street': True, 'validated': False, 'lot': False, 'valet': False}"", 'Caters: True', 'DogsAllowed: False', 'GoodForKids: True', ""GoodForMeal: {'dessert': False, 'latenight': False, 'lunch': True, 'dinner': False, 'breakfast': False, 'brunch': False}"", 'HasTV: False', 'NoiseLevel: average', 'OutdoorSeating: False', 'RestaurantsAttire: casual', 'RestaurantsDelivery: True', 'RestaurantsGoodForGroups: True', 'RestaurantsPriceRange2: 2', 'RestaurantsReservations: True', 'RestaurantsTableService: True', 'RestaurantsTakeOut: True', 'WiFi: no']",-79.3642691,358 Gerrard Street E,M5A 2H4,ON,1,96DHi-xkBB3CtsQRTPUjxQ,business
Kum Kang San,North York,8,"['Monday 11:30-22:0', 'Tuesday 11:30-22:0', 'Wednesday 11:30-22:0', 'Thursday 11:30-22:0', 'Friday 11:30-22:0', 'Saturday 11:30-22:0']",,"['Korean', 'Japanese', 'Restaurants', 'Asian Fusion']",43.7831172,4.0,"['Alcohol: beer_and_wine', 'BusinessAcceptsCreditCards: True', ""BusinessParking: {'garage': False, 'street': False, 'validated': False, 'lot': False, 'valet': False}"", 'GoodForKids: True', ""GoodForMeal: {'dessert': False, 'latenight': False, 'lunch': False, 'dinner': False, 'breakfast': False, 'brunch': False}"", 'HasTV: True', 'OutdoorSeating: False', 'RestaurantsAttire: casual', 'RestaurantsGoodForGroups: True', 'RestaurantsPriceRange2: 2', 'RestaurantsReservations: True', 'RestaurantsTableService: True', 'RestaurantsTakeOut: True']",-79.4710748,"5050 Dufferin Street, Unit 124 126",M3H 5T5,ON,0,mh2MPYt7_1lQTAZuOJrjOA,business
I Love Sushi,Toronto,49,"['Monday 11:0-23:0', 'Tuesday 11:0-23:0', 'Wednesday 11:0-23:0', 'Thursday 11:0-23:0', 'Friday 11:0-0:0', 'Saturday 11:0-0:0', 'Sunday 12:30-23:30']",Alexandra Park,"['Sushi Bars', 'Restaurants', 'Japanese']",43.647922,1.5,"['Alcohol: full_bar', ""Ambience: {'romantic': False, 'intimate': False, 'classy': False, 'hipster': False, 'touristy': False, 'trendy': False, 'upscale': False, 'casual': True}"", 'BikeParking: True', 'BusinessAcceptsCreditCards: True', ""BusinessParking: {'garage': False, 'street': True, 'validated': False, 'lot': False, 'valet': False}"", 'Caters: True', 'GoodForKids: True', ""GoodForMeal: {'dessert': False, 'latenight': False, 'lunch': False, 'dinner': True, 'breakfast': False, 'brunch': False}"", 'HasTV: False', 'NoiseLevel: quiet', 'OutdoorSeating: False', 'RestaurantsAttire: casual', 'RestaurantsDelivery: True', 'RestaurantsGoodForGroups: True', 'RestaurantsPriceRange2: 1', 'RestaurantsReservations: True', 'RestaurantsTableService: True', 'RestaurantsTakeOut: True', 'WiFi: free']",-79.401064,494 Queen St W,M5V 2B3,ON,1,lRwpFFaFr3QQ5fGHkk3eXQ,business
Teahouse Noodles,Cleveland,11,"['Monday 11:0-21:0', 'Tuesday 11:0-21:0', 'Wednesday 11:0-21:0', 'Thursday 11:0-21:0', 'Friday 11:0-21:0', 'Saturday 11:0-21:0']",,"['Restaurants', 'Specialty Food', 'Food', 'Ethnic Food', 'Asian Fusion']",41.5034762,3.5,"['Alcohol: none', 'BusinessAcceptsCreditCards: True', ""BusinessParking: {'garage': False, 'street': False, 'validated': False, 'lot': False, 'valet': False}"", 'GoodForKids: True', ""GoodForMeal: {'dessert': False, 'latenight': False, 'lunch': False, 'dinner': False, 'breakfast': False, 'brunch': False}"", 'OutdoorSeating: True', 'RestaurantsAttire: casual', 'RestaurantsDelivery: True', 'RestaurantsGoodForGroups: True', 'RestaurantsPriceRange2: 1', 'RestaurantsReservations: False', 'RestaurantsTableService: True', 'RestaurantsTakeOut: True', 'WheelchairAccessible: False']",-81.6013396,2218 Murray Hill Rd,44106,OH,0,_g0dF6TAj7-RlSUfsGwl7w,business
Waiter's Choice Catering,Charlotte,4,"['Monday 0:0-0:0', 'Tuesday 0:0-0:0', 'Wednesday 0:0-0:0', 'Thursday 0:0-0:0', 'Friday 0:0-0:0', 'Saturday 0:0-0:0', 'Sunday 0:0-0:0']",Starmount,"['Event Planning & Services', 'Party & Event Planning', 'Active Life', 'Caterers', 'Restaurants', 'Professional Services', 'Personal Assistants']",35.134436,5.0,['BusinessAcceptsCreditCards: True'],-80.908506,8031 Arrowridge Blvd,28273,NC,1,y_9Nu0uJ-VgRbGZf_6g49w,business
Sweat & Soda,Toronto,6,"['Tuesday 7:0-18:0', 'Wednesday 7:0-18:0', 'Thursday 7:0-18:0', 'Friday 7:0-18:0', 'Saturday 8:0-17:0', 'Sunday 8:0-17:0']",Leslieville,"['Coffee & Tea', 'Restaurants', 'Cafes', 'Food']",43.6618493465,5.0,"['GoodForKids: True', 'HasTV: False', 'RestaurantsAttire: casual', 'RestaurantsPriceRange2: 1', 'RestaurantsReservations: False', 'RestaurantsTakeOut: True', ""Ambience: {'romantic': False, 'intimate': False, 'classy': False, 'hipster': False, 'touristy': False, 'trendy': False, 'upscale': False, 'casual': False}"", 'RestaurantsDelivery: True', 'RestaurantsGoodForGroups: True']",-79.3361846725,1091 Queen Street E,M4M 1K7,ON,1,IuK9I6ACLrSq2ErZKXy8iQ,business
Little Nipper's Pizza II,Pittsburgh,32,"['Monday 11:0-0:0', 'Tuesday 11:0-0:0', 'Wednesday 11:0-0:0', 'Thursday 11:0-0:0', 'Friday 11:0-2:0', 'Saturday 11:0-2:0', 'Sunday 11:0-0:0']",Oakland,"['Italian', 'Restaurants', 'Pizza']",40.4506317353,3.0,"['Alcohol: none', ""Ambience: {'romantic': False, 'intimate': False, 'classy': False, 'hipster': False, 'divey': False, 'touristy': False, 'trendy': False, 'upscale': False, 'casual': True}"", 'BikeParking: True', 'BusinessAcceptsCreditCards: True', ""BusinessParking: {'garage': False, 'street': True, 'validated': False, 'lot': False, 'valet': False}"", 'Caters: True', 'GoodForKids: True', ""GoodForMeal: {'dessert': False, 'latenight': False, 'lunch': True, 'dinner': True, 'breakfast': False, 'brunch': False}"", 'HasTV: False', 'NoiseLevel: average', 'OutdoorSeating: False', 'RestaurantsAttire: casual', 'RestaurantsDelivery: True', 'RestaurantsGoodForGroups: False', 'RestaurantsPriceRange2: 2', 'RestaurantsReservations: False', 'RestaurantsTableService: False', 'RestaurantsTakeOut: True', 'WheelchairAccessible: True', 'WiFi: no']",-79.9510331983,216 N Craig St,15213,PA,1,stD-LTFFwlmBdzU-0aBntw,business
Sushi Fuku,Pittsburgh,20,"['Monday 11:0-21:0', 'Tuesday 11:0-21:0', 'Wednesday 11:0-21:0', 'Thursday 11:0-21:0', 'Friday 11:0-21:0', 'Saturday 11:0-21:0', 'Sunday 11:0-21:0']",Oakland,"['Sushi Bars', 'Restaurants']",40.444714,3.0,"['Alcohol: none', ""Ambience: {'romantic': False, 'intimate': False, 'classy': False, 'hipster': False, 'divey': False, 'touristy': False, 'trendy': False, 'upscale': False, 'casual': False}"", 'BikeParking: True', 'BusinessAcceptsCreditCards: True', ""BusinessParking: {'garage': False, 'street': False, 'validated': False, 'lot': False, 'valet': False}"", 'Caters: False', 'GoodForKids: False', ""GoodForMeal: {'dessert': False, 'latenight': False, 'lunch': True, 'dinner': False, 'breakfast': False, 'brunch': False}"", 'HasTV: False', 'NoiseLevel: quiet', 'OutdoorSeating: False', 'RestaurantsAttire: casual', 'RestaurantsDelivery: False', 'RestaurantsGoodForGroups: False', 'RestaurantsPriceRange2: 1', 'RestaurantsReservations: False', 'RestaurantsTableService: False', 'RestaurantsTakeOut: True']",-79.9485725,417 S Craig St,15213,PA,1,dJhfW7ZqZ5_klqA_8ypHVw,business
Café Phipps,Pittsburgh,35,"['Monday 10:0-16:0', 'Tuesday 10:0-16:0', 'Wednesday 10:0-16:0', 'Thursday 10:0-16:0', 'Friday 10:0-21:0', 'Saturday 10:0-16:0', 'Sunday 10:0-16:0']",Oakland,"['Arts & Entertainment', 'Sandwiches', 'Museums', 'Botanical Gardens', 'Restaurants', 'Vegetarian']",40.4388866336,3.0,"['Alcohol: beer_and_wine', ""Ambience: {'romantic': False, 'intimate': False, 'classy': False, 'hipster': False, 'divey': False, 'touristy': False, 'trendy': False, 'upscale': False, 'casual': True}"", 'BikeParking: True', 'BusinessAcceptsBitcoin: False', 'BusinessAcceptsCreditCards: True', ""BusinessParking: {'garage': False, 'street': True, 'validated': False, 'lot': True, 'valet': False}"", 'Caters: True', 'DogsAllowed: False', 'GoodForKids: True', ""GoodForMeal: {'dessert': False, 'latenight': False, 'lunch': True, 'dinner': False, 'breakfast': False, 'brunch': False}"", 'HasTV: False', 'NoiseLevel: average', 'OutdoorSeating: True', 'RestaurantsAttire: casual', 'RestaurantsDelivery: False', 'RestaurantsGoodForGroups: True', 'RestaurantsPriceRange2: 1', 'RestaurantsReservations: False', 'RestaurantsTableService: False', 'RestaurantsTakeOut: True', 'WheelchairAccessible: True', 'WiFi: no']",-79.9478385831,1 Schenley Park,15213,PA,1,EWswCV97BBb0ezXRZhCoOQ,business
Tree Huggers Cafe,Berea,195,"['Monday 10:30-20:0', 'Tuesday 10:30-20:0', 'Wednesday 10:30-20:0', 'Thursday 10:30-20:0', 'Friday 10:30-21:0', 'Saturday 10:0-21:0', 'Sunday 10:0-20:0']",,"['Restaurants', 'Vegetarian', 'Greek', 'Mexican', 'American (New)']",41.3738769,4.0,"['Alcohol: none', ""Ambience: {'romantic': False, 'intimate': False, 'classy': False, 'hipster': False, 'divey': False, 'touristy': False, 'trendy': False, 'upscale': False, 'casual': True}"", 'BikeParking: True', 'BusinessAcceptsCreditCards: True', ""BusinessParking: {'garage': False, 'street': False, 'validated': False, 'lot': True, 'valet': False}"", 'Caters: True', 'GoodForKids: True', ""GoodForMeal: {'dessert': False, 'latenight': False, 'lunch': True, 'dinner': True, 'breakfast': False, 'brunch': False}"", 'HasTV: False', 'NoiseLevel: average', 'OutdoorSeating: True', 'RestaurantsAttire: casual', 'RestaurantsDelivery: False', 'RestaurantsGoodForGroups: True', 'RestaurantsPriceRange2: 2', 'RestaurantsReservations: False', 'RestaurantsTableService: True', 'RestaurantsTakeOut: True', 'WheelchairAccessible: False', 'WiFi: free']",-81.891885,"1330 W Bagley Rd, Unit 1",44017,OH,1,IfdwBSEuDK3fKvVHVX9k0A,business
Great Wall Buffet,Phoenix,24,,,"['Restaurants', 'Buffets', 'Chinese']",33.5823628,2.0,"['Alcohol: none', ""Ambience: {'romantic': False, 'intimate': False, 'classy': False, 'hipster': False, 'divey': True, 'touristy': False, 'trendy': False, 'upscale': False, 'casual': False}"", 'BusinessAcceptsCreditCards: True', ""BusinessParking: {'garage': False, 'street': False, 'validated': False, 'lot': True, 'valet': False}"", 'GoodForKids: True', ""GoodForMeal: {'dessert': False, 'latenight': False, 'lunch': False, 'dinner': False, 'breakfast': False, 'brunch': False}"", 'HasTV: True', 'NoiseLevel: loud', 'OutdoorSeating: False', 'RestaurantsAttire: casual', 'RestaurantsDelivery: False', 'RestaurantsGoodForGroups: True', 'RestaurantsPriceRange2: 1', 'RestaurantsReservations: False', 'RestaurantsTableService: True', 'RestaurantsTakeOut: True', 'WheelchairAccessible: True', 'WiFi: no']",-112.1498845,10605 N 43rd Ave,85029,AZ,0,67sq73gTdgHN0atGtIgDtA,business
Dirty Martini Bistro & Bar,Phoenix,11,"['Monday 16:0-22:0', 'Tuesday 16:0-22:0', 'Wednesday 16:0-22:0', 'Thursday 16:0-22:0', 'Friday 16:0-2:0', 'Saturday 16:0-0:0']",,"['Restaurants', 'Bars', 'Nightlife', 'American (Traditional)']",33.448384491,4.5,"['Alcohol: full_bar', ""Ambience: {'romantic': False, 'intimate': False, 'classy': False, 'hipster': False, 'divey': False, 'touristy': False, 'trendy': False, 'upscale': False, 'casual': False}"", ""BestNights: {'monday': False, 'tuesday': False, 'friday': True, 'wednesday': False, 'thursday': False, 'sunday': False, 'saturday': True}"", 'BikeParking: True', 'BusinessAcceptsCreditCards: True', ""BusinessParking: {'garage': False, 'street': False, 'validated': False, 'lot': False, 'valet': False}"", 'CoatCheck: False', 'GoodForDancing: True', 'GoodForKids: False', ""GoodForMeal: {'dessert': False, 'latenight': False, 'lunch': False, 'dinner': False, 'breakfast': False, 'brunch': False}"", 'HappyHour: True', 'HasTV: True', ""Music: {'dj': True, 'background_music': False, 'no_music': False, 'karaoke': False, 'live': True, 'video': False, 'jukebox': False}"", 'NoiseLevel: average', 'OutdoorSeating: False', 'RestaurantsAttire: casual', 'RestaurantsDelivery: False', 'RestaurantsGoodForGroups: True', 'RestaurantsPriceRange2: 2', 'RestaurantsReservations: True', 'RestaurantsTakeOut: True', 'Smoking: no']",-112.05723712,1140 E Washington St,85034,AZ,0,LUrdDBRqkV2tPj2xnEoG4A,business
Capriccio,Charlotte,62,"['Tuesday 11:0-21:30', 'Wednesday 11:0-21:30', 'Thursday 11:0-21:30', 'Friday 11:0-22:0', 'Saturday 11:0-22:0', 'Sunday 11:0-21:30']",,"['Restaurants', 'Italian', 'Pizza']",35.2831030494,4.5,"['Alcohol: beer_and_wine', ""Ambience: {'romantic': False, 'intimate': False, 'classy': False, 'hipster': False, 'divey': False, 'touristy': False, 'trendy': False, 'upscale': False, 'casual': True}"", 'BikeParking: False', 'BusinessAcceptsCreditCards: True', ""BusinessParking: {'garage': False, 'street': False, 'validated': False, 'lot': True, 'valet': False}"", 'Caters: True', 'GoodForKids: True', ""GoodForMeal: {'dessert': False, 'latenight': False, 'lunch': True, 'dinner': False, 'breakfast': False, 'brunch': False}"", 'HasTV: False', 'NoiseLevel: average', 'OutdoorSeating: False', 'RestaurantsAttire: casual', 'RestaurantsDelivery: False', 'RestaurantsGoodForGroups: True', 'RestaurantsPriceRange2: 2', 'RestaurantsReservations: False', 'RestaurantsTableService: True', 'RestaurantsTakeOut: True', 'WiFi: no']",-80.6689347506,9611 Brookdale Dr,28215,NC,1,DYX1KsipIxOzz_pqlvUzvg,business
Subway,Madison,4,"['Monday 7:0-21:0', 'Tuesday 7:0-21:0', 'Wednesday 7:0-21:0', 'Thursday 7:0-21:0', 'Friday 7:0-20:0', 'Saturday 9:0-20:0', 'Sunday 10:0-20:0']",South Campus,"['Coffee & Tea', 'Sandwiches', 'Food', 'Restaurants', 'Fast Food']",43.0713331,3.5,"['Alcohol: none', ""Ambience: {'romantic': False, 'intimate': False, 'classy': False, 'hipster': False, 'divey': False, 'touristy': False, 'trendy': False, 'upscale': False, 'casual': False}"", 'BikeParking: True', 'BusinessAcceptsCreditCards: True', 'Caters: True', 'GoodForKids: True', 'HasTV: False', 'NoiseLevel: average', 'OutdoorSeating: False', 'RestaurantsAttire: casual', 'RestaurantsDelivery: False', 'RestaurantsGoodForGroups: True', 'RestaurantsPriceRange2: 1', 'RestaurantsReservations: False', 'RestaurantsTableService: False', 'RestaurantsTakeOut: True']",-89.4059595,202 N Charter St,53715,WI,1,bqNV9FU60H9BVPJ4kWptOA,business
Acme Burger Company,Etobicoke,14,,Etobicoke,"['Restaurants', 'Burgers']",43.6259459,3.0,"['Alcohol: none', ""Ambience: {'romantic': False, 'intimate': False, 'classy': False, 'hipster': False, 'touristy': False, 'trendy': False, 'upscale': False, 'casual': True}"", 'BikeParking: True', 'BusinessAcceptsCreditCards: True', ""BusinessParking: {'garage': False, 'street': False, 'validated': False, 'lot': True, 'valet': False}"", 'Caters: False', 'DriveThru: False', 'GoodForKids: True', ""GoodForMeal: {'dessert': False, 'latenight': False, 'lunch': True, 'dinner': False, 'breakfast': False, 'brunch': False}"", 'HasTV: True', 'NoiseLevel: quiet', 'OutdoorSeating: False', 'RestaurantsAttire: casual', 'RestaurantsDelivery: False', 'RestaurantsGoodForGroups: True', 'RestaurantsPriceRange2: 1', 'RestaurantsReservations: False', 'RestaurantsTableService: False', 'RestaurantsTakeOut: True', 'WheelchairAccessible: True', 'WiFi: no']",-79.502808,735 The Queensway,M8Z 1M8,ON,0,_DoylbmGsXiJx3yC3bpBUA,business
Teresa's Pizza,Stow,11,"['Monday 11:0-22:0', 'Tuesday 11:0-22:0', 'Wednesday 11:0-22:0', 'Thursday 11:0-22:0', 'Friday 11:0-23:0', 'Saturday 11:0-23:0', 'Sunday 12:0-21:0']",,"['Pizza', 'Restaurants']",41.1595005,2.5,"['Alcohol: none', ""Ambience: {'romantic': False, 'intimate': False, 'classy': False, 'hipster': False, 'divey': False, 'touristy': False, 'trendy': False, 'upscale': False, 'casual': False}"", 'BusinessAcceptsCreditCards: True', ""BusinessParking: {'garage': False, 'street': False, 'validated': False, 'lot': False, 'valet': False}"", 'Caters: True', 'GoodForKids: True', ""GoodForMeal: {'dessert': False, 'latenight': False, 'lunch': False, 'dinner': False, 'breakfast': False, 'brunch': False}"", 'HasTV: False', 'NoiseLevel: quiet', 'OutdoorSeating: True', 'RestaurantsAttire: casual', 'RestaurantsDelivery: True', 'RestaurantsGoodForGroups: True', 'RestaurantsPriceRange2: 2', 'RestaurantsReservations: False', 'RestaurantsTableService: False', 'RestaurantsTakeOut: True', 'WiFi: no']",-81.4403898,4161 Steels Pointe Dr,44224,OH,1,mrA-h8F9Z3IfsIGlVGIBcQ,business
Pâtisserie la Ruche,Montréal,25,"['Monday 8:0-19:0', 'Tuesday 8:0-19:0', 'Wednesday 8:0-19:0', 'Thursday 8:0-19:0', 'Friday 8:0-20:0', 'Saturday 8:0-20:0', 'Sunday 8:0-20:0']",Plateau-Mont-Royal,"['Breakfast & Brunch', 'Restaurants', 'Bakeries', 'Food']",45.5167287,4.0,"['BikeParking: True', 'BusinessAcceptsCreditCards: True', ""BusinessParking: {'garage': False, 'street': True, 'validated': False, 'lot': False, 'valet': False}"", 'RestaurantsDelivery: False', 'RestaurantsPriceRange2: 1']",-73.5896347,4500 Avenue du Parc,H2V 4E3,QC,1,bqFHF1y_s7XxYKH3IjtPSA,business
Market Street Buffet & Bakery,Gastonia,3,,,"['Food', 'Buffets', 'Restaurants', 'Bakeries']",35.2308929,3.0,"[""Ambience: {'romantic': False, 'intimate': False, 'classy': False, 'hipster': False, 'divey': False, 'touristy': False, 'trendy': False, 'upscale': False, 'casual': False}"", 'BikeParking: True', 'BusinessAcceptsCreditCards: True', 'GoodForKids: True', ""GoodForMeal: {'dessert': False, 'latenight': False, 'lunch': False, 'dinner': False, 'breakfast': False, 'brunch': False}"", 'HasTV: False', 'OutdoorSeating: False', 'RestaurantsAttire: casual', 'RestaurantsGoodForGroups: True', 'RestaurantsPriceRange2: 2', 'RestaurantsReservations: False', 'RestaurantsTakeOut: True']",-81.1967102,2525 S York Rd,28052,NC,1,XuNcZFG3zzchWfwP_T1YJw,business
Jack In the Box,Peoria,15,,,"['Restaurants', 'Fast Food']",33.5667842,2.0,"['Alcohol: none', ""Ambience: {'romantic': False, 'intimate': False, 'classy': False, 'hipster': False, 'divey': False, 'touristy': False, 'trendy': False, 'upscale': False, 'casual': False}"", 'BikeParking: True', 'BusinessAcceptsCreditCards: True', ""BusinessParking: {'garage': False, 'street': False, 'validated': False, 'lot': False, 'valet': False}"", 'Caters: False', 'DriveThru: True', 'GoodForKids: True', ""GoodForMeal: {'dessert': False, 'latenight': False, 'lunch': False, 'dinner': False, 'breakfast': False, 'brunch': False}"", 'HasTV: False', 'NoiseLevel: average', 'OutdoorSeating: False', 'RestaurantsAttire: casual', 'RestaurantsDelivery: False', 'RestaurantsGoodForGroups: True', 'RestaurantsPriceRange2: 1', 'RestaurantsReservations: False', 'RestaurantsTableService: False', 'RestaurantsTakeOut: True', 'WiFi: no']",-112.254037,9066 W Olive Ave,85345,AZ,1,UKQU7wYXCG2dikpoAV0BjA,business
Chicken King,Charlotte,5,"['Monday 11:0-21:0', 'Tuesday 11:0-21:0', 'Wednesday 11:0-21:0', 'Thursday 11:0-21:0', 'Friday 11:0-21:0', 'Saturday 11:0-21:0']",Arboretum,"['Fast Food', 'Burgers', 'Seafood', 'Greek', 'Restaurants']",35.147409,3.5,"['BusinessAcceptsCreditCards: True', 'GoodForKids: True', 'RestaurantsReservations: False', 'RestaurantsTakeOut: True']",-80.745722,9010 Monroe Rd,28270,NC,1,mya3-3zZkm7je6nY5HD7PQ,business
Kimpo Vietnamese Restaurant,Scarborough,56,"['Monday 11:0-22:0', 'Tuesday 11:0-22:0', 'Wednesday 11:0-22:0', 'Thursday 11:0-22:0', 'Friday 11:0-22:0', 'Saturday 11:0-22:0', 'Sunday 11:0-22:0']",Scarborough,"['Vietnamese', 'Restaurants']",43.8235361477,3.0,"['Alcohol: none', ""Ambience: {'romantic': False, 'intimate': False, 'classy': False, 'hipster': False, 'touristy': False, 'trendy': False, 'upscale': False, 'casual': True}"", 'BikeParking: False', 'BusinessAcceptsCreditCards: False', ""BusinessParking: {'garage': False, 'street': False, 'validated': False, 'lot': True, 'valet': False}"", 'Caters: False', 'GoodForKids: True', ""GoodForMeal: {'dessert': False, 'latenight': False, 'lunch': True, 'dinner': True, 'breakfast': False, 'brunch': False}"", 'HasTV: False', 'NoiseLevel: average', 'OutdoorSeating: False', 'RestaurantsAttire: casual', 'RestaurantsDelivery: False', 'RestaurantsGoodForGroups: True', 'RestaurantsPriceRange2: 1', 'RestaurantsReservations: False', 'RestaurantsTableService: True', 'RestaurantsTakeOut: True', 'WiFi: no']",-79.3051958084,58 Redlea Avenue,M1V 4S3,ON,1,BB98vUulrh4nL7M2WnyXsA,business
Al Forno,Esslingen,10,,,"['Italian', 'Restaurants', 'Pizza']",48.741,3.5,"['Alcohol: full_bar', 'BikeParking: False', 'BusinessAcceptsCreditCards: False', ""BusinessParking: {'garage': False, 'street': False, 'validated': False, 'lot': False, 'valet': False}"", 'DogsAllowed: False', 'GoodForKids: True', 'HasTV: False', 'NoiseLevel: average', 'OutdoorSeating: True', 'RestaurantsAttire: casual', 'RestaurantsDelivery: False', 'RestaurantsGoodForGroups: True', 'RestaurantsPriceRange2: 1', 'RestaurantsReservations: True', 'RestaurantsTakeOut: True', 'WiFi: no']",9.30352,Bahnhofstr. 24,73728,BW,1,J-HXbuGuGFQhP8HZtVLPUA,business
McDonald's,Mesa,7,,,"['Fast Food', 'Burgers', 'Restaurants']",33.436409,2.0,"['Alcohol: none', ""Ambience: {'romantic': False, 'intimate': False, 'classy': False, 'hipster': False, 'divey': False, 'touristy': False, 'trendy': False, 'upscale': False, 'casual': False}"", 'BikeParking: True', 'BusinessAcceptsCreditCards: True', ""BusinessParking: {'garage': False, 'street': False, 'validated': False, 'lot': False, 'valet': False}"", 'Caters: False', 'DriveThru: True', 'GoodForKids: True', ""GoodForMeal: {'dessert': False, 'latenight': False, 'lunch': False, 'dinner': False, 'breakfast': False, 'brunch': False}"", 'HasTV: False', 'NoiseLevel: average', 'OutdoorSeating: False', 'RestaurantsAttire: casual', 'RestaurantsDelivery: False', 'RestaurantsGoodForGroups: True', 'RestaurantsPriceRange2: 1', 'RestaurantsReservations: False', 'RestaurantsTableService: False', 'RestaurantsTakeOut: True', 'WiFi: free']",-111.7195379,1158 N Higley Rd,85205,AZ,1,nqPuAhbXJWknRzUXSg8K2g,business
Sairam Om,Champaign,17,"['Tuesday 11:30-14:30', 'Wednesday 11:30-14:30', 'Thursday 11:30-14:30', 'Friday 17:0-21:0', 'Saturday 11:30-14:30', 'Saturday 17:0-21:0', 'Sunday 11:30-14:30']",,"['Restaurants', 'Indian']",40.081896,4.0,"['Alcohol: beer_and_wine', ""Ambience: {'romantic': False, 'intimate': False, 'classy': False, 'hipster': False, 'divey': False, 'touristy': False, 'trendy': False, 'upscale': False, 'casual': False}"", 'BusinessAcceptsCreditCards: True', ""BusinessParking: {'garage': False, 'street': False, 'validated': False, 'lot': True, 'valet': False}"", 'GoodForKids: True', ""GoodForMeal: {'dessert': False, 'latenight': False, 'lunch': False, 'dinner': True, 'breakfast': False, 'brunch': False}"", 'HasTV: False', 'NoiseLevel: quiet', 'OutdoorSeating: False', 'RestaurantsAttire: casual', 'RestaurantsDelivery: False', 'RestaurantsGoodForGroups: True', 'RestaurantsPriceRange2: 2', 'RestaurantsReservations: True', 'RestaurantsTableService: True', 'RestaurantsTakeOut: True', 'WheelchairAccessible: True']",-88.295835,2502 Village Green Pl,61822,IL,0,7m8MoWuudrxU98fEw7iBIw,business
Cabo's Cantina and Grill,Champaign,23,"['Monday 11:0-21:0', 'Tuesday 11:0-21:0', 'Wednesday 11:0-21:0', 'Thursday 11:0-21:0', 'Friday 11:0-22:0', 'Saturday 7:0-22:0', 'Sunday 7:0-21:0']",,"['Mexican', 'Nightlife', 'Breakfast & Brunch', 'Restaurants', 'Sports Bars', 'Bars']",40.083446,3.5,"['Alcohol: full_bar', ""Ambience: {'romantic': False, 'intimate': False, 'classy': False, 'hipster': False, 'divey': False, 'touristy': False, 'trendy': False, 'upscale': False, 'casual': True}"", ""BestNights: {'monday': False, 'tuesday': False, 'friday': False, 'wednesday': True, 'thursday': True, 'sunday': False, 'saturday': True}"", 'BikeParking: True', 'BusinessAcceptsCreditCards: True', ""BusinessParking: {'garage': False, 'street': False, 'validated': False, 'lot': True, 'valet': False}"", 'CoatCheck: False', 'GoodForDancing: False', 'GoodForKids: True', ""GoodForMeal: {'dessert': False, 'latenight': False, 'lunch': True, 'dinner': False, 'breakfast': False, 'brunch': False}"", 'HappyHour: False', 'HasTV: True', ""Music: {'dj': False, 'background_music': True, 'no_music': False, 'karaoke': False, 'live': False, 'video': False, 'jukebox': False}"", 'NoiseLevel: average', 'OutdoorSeating: True', 'RestaurantsAttire: casual', 'RestaurantsDelivery: False', 'RestaurantsGoodForGroups: True', 'RestaurantsPriceRange2: 2', 'RestaurantsReservations: True', 'RestaurantsTableService: True', 'RestaurantsTakeOut: True', 'Smoking: outdoor', 'WheelchairAccessible: True', 'WiFi: free']",-88.297332,2411 Village Green Pl,61822,IL,0,1DedueD53YsKcpqMWPIe9w,business
Flat Top Grill,Champaign,84,"['Monday 11:0-22:0', 'Tuesday 11:0-22:0', 'Wednesday 11:0-22:0', 'Thursday 11:0-22:0', 'Friday 11:0-23:0', 'Saturday 11:0-23:0', 'Sunday 11:0-21:0']",,"['Asian Fusion', 'Vegetarian', 'Food', 'Vegan', 'Gluten-Free', 'Restaurants', 'Do-It-Yourself Food']",40.1114257,3.0,"['Alcohol: full_bar', ""Ambience: {'romantic': False, 'intimate': False, 'classy': False, 'hipster': False, 'divey': False, 'touristy': False, 'trendy': False, 'upscale': False, 'casual': True}"", 'BYOB: False', 'BYOBCorkage: no', 'BikeParking: True', 'BusinessAcceptsCreditCards: True', ""BusinessParking: {'garage': False, 'street': True, 'validated': False, 'lot': False, 'valet': False}"", 'Caters: False', 'DogsAllowed: False', 'GoodForKids: True', ""GoodForMeal: {'dessert': False, 'latenight': False, 'lunch': True, 'dinner': False, 'breakfast': False, 'brunch': False}"", 'HasTV: True', 'NoiseLevel: average', 'OutdoorSeating: False', 'RestaurantsAttire: casual', 'RestaurantsDelivery: False', 'RestaurantsGoodForGroups: True', 'RestaurantsPriceRange2: 2', 'RestaurantsReservations: True', 'RestaurantsTableService: True', 'RestaurantsTakeOut: True', 'WheelchairAccessible: True', 'WiFi: no']",-88.2304288,607 S 6th St,61820,IL,0,vAUDxhbsWZKI8NJlsYwCMA,business
Talwiesenstuben,Ostfildern,4,"['Tuesday 11:30-14:0', 'Tuesday 17:0-22:0', 'Wednesday 11:30-14:0', 'Wednesday 17:0-22:0', 'Thursday 11:30-14:0', 'Thursday 17:0-22:0', 'Friday 11:30-14:0', 'Friday 17:0-22:0', 'Saturday 11:30-14:0', 'Saturday 17:0-22:0', 'Sunday 11:30-14:0', 'Sunday 17:0-21:0']",,"['German', 'Restaurants']",48.7243,4.0,"['BusinessAcceptsCreditCards: False', ""BusinessParking: {'garage': False, 'street': False, 'validated': False, 'lot': False, 'valet': False}"", 'DogsAllowed: False', 'OutdoorSeating: False', 'RestaurantsDelivery: False', 'RestaurantsTakeOut: False']",9.2551,Talwiesenweg 1,73760,BW,1,bM0T4GIJhcF3nJHLbuWPXg,business
New York Bagel Café And Deli,Waxhaw,5,"['Monday 6:0-17:0', 'Tuesday 6:0-17:0', 'Wednesday 6:0-17:0', 'Thursday 6:0-17:0', 'Friday 6:0-17:0', 'Saturday 6:0-17:0', 'Sunday 7:0-16:0']",,"['Bagels', 'Cafes', 'Restaurants', 'Delis', 'Food']",35.0011763,2.5,"['Alcohol: none', ""Ambience: {'romantic': False, 'intimate': False, 'classy': False, 'hipster': False, 'divey': False, 'touristy': False, 'trendy': False, 'upscale': False, 'casual': False}"", 'BusinessAcceptsCreditCards: True', ""BusinessParking: {'garage': False, 'street': False, 'validated': False, 'lot': False, 'valet': False}"", 'DogsAllowed: False', 'GoodForKids: False', ""GoodForMeal: {'dessert': False, 'latenight': False, 'lunch': False, 'dinner': False, 'breakfast': False, 'brunch': False}"", 'HasTV: True', 'NoiseLevel: average', 'OutdoorSeating: True', 'RestaurantsAttire: casual', 'RestaurantsDelivery: True', 'RestaurantsGoodForGroups: False', 'RestaurantsPriceRange2: 4', 'RestaurantsReservations: False', 'RestaurantsTableService: False', 'RestaurantsTakeOut: True', 'WheelchairAccessible: True', 'WiFi: free']",-80.6959945,6400 Weddington Rd,28173,NC,0,w1feKR_mQLonZB78OGTpyw,business
Lamm,Ostfildern,4,,,"['Swabian', 'German', 'International', 'Restaurants']",48.70721,4.5,"['BusinessAcceptsCreditCards: False', 'DogsAllowed: False', 'OutdoorSeating: True', 'RestaurantsDelivery: False', 'RestaurantsTakeOut: False']",9.261434,Plieninger Str. 3/1,73760,BW,1,fP_KKgMBCw6UDhWZsbRC2Q,business
Doughbelly Subs,Mahomet,4,"['Monday 10:30-20:30', 'Tuesday 10:30-20:30', 'Wednesday 10:30-20:30', 'Thursday 10:30-20:30', 'Friday 10:30-20:30', 'Saturday 10:30-20:30', 'Sunday 10:30-20:30']",,"['Restaurants', 'Specialty Food', 'Food', 'Sandwiches', 'Pretzels']",40.1955803184,4.0,"[""Ambience: {'romantic': False, 'intimate': False, 'classy': False, 'hipster': False, 'divey': False, 'touristy': False, 'trendy': False, 'upscale': False, 'casual': False}"", 'BusinessAcceptsCreditCards: True', 'GoodForKids: True', ""GoodForMeal: {'dessert': False, 'latenight': False, 'lunch': False, 'dinner': False, 'breakfast': False, 'brunch': False}"", 'HasTV: True', 'NoiseLevel: quiet', 'OutdoorSeating: False', 'RestaurantsAttire: casual', 'RestaurantsDelivery: False', 'RestaurantsGoodForGroups: True', 'RestaurantsPriceRange2: 1', 'RestaurantsReservations: False', 'RestaurantsTableService: False', 'RestaurantsTakeOut: True']",-88.4000484008,201 N Lombard,61853,IL,0,pnC73AlRWa1MWlIpZe3N1A,business
Naturalis Cafe,Toronto,8,"['Monday 7:30-17:0', 'Tuesday 7:30-17:0', 'Wednesday 7:30-17:0', 'Thursday 7:30-17:0', 'Friday 7:30-17:0', 'Saturday 7:30-17:0', 'Sunday 8:0-17:0']",The Beach,"['Restaurants', 'Bakeries', 'Food', 'Cafes', 'Bagels']",43.6725424,4.0,"['BusinessAcceptsCreditCards: True', ""BusinessParking: {'garage': False, 'street': False, 'validated': False, 'lot': False, 'valet': False}"", 'GoodForKids: True', 'RestaurantsDelivery: False', 'RestaurantsGoodForGroups: True', 'RestaurantsPriceRange2: 2', 'RestaurantsReservations: False', 'WheelchairAccessible: True']",-79.2899051,"2198 Queen Street E, Suite A",M4E 1E7,ON,1,WkX1kh3KzR_P8yXmrSeNUA,business
Restaurant Kam DO,Saint-Laurent,18,,Saint-Laurent,"['Chinese', 'Restaurants']",45.5140048,3.0,"['Alcohol: none', ""Ambience: {'romantic': False, 'intimate': False, 'classy': False, 'hipster': False, 'touristy': False, 'trendy': False, 'upscale': False, 'casual': True}"", 'BikeParking: True', 'BusinessAcceptsCreditCards: True', ""BusinessParking: {'garage': False, 'street': True, 'validated': False, 'lot': False, 'valet': False}"", 'GoodForKids: True', ""GoodForMeal: {'dessert': False, 'latenight': False, 'lunch': True, 'dinner': False, 'breakfast': False, 'brunch': False}"", 'HasTV: False', 'NoiseLevel: average', 'OutdoorSeating: False', 'RestaurantsAttire: casual', 'RestaurantsDelivery: True', 'RestaurantsGoodForGroups: True', 'RestaurantsPriceRange2: 1', 'RestaurantsReservations: False', 'RestaurantsTableService: True', 'RestaurantsTakeOut: True', 'WiFi: no']",-73.6820886,971 Decarie Boul,H4L 3M6,QC,1,NaO8109RYqscYu8fLzURsQ,business
Terra Verde,Montréal,3,,Ville-Marie,"['Restaurants', 'Sandwiches', 'Pizza']",45.5086699,4.5,"[""Ambience: {'romantic': False, 'intimate': False, 'classy': False, 'hipster': False, 'touristy': False, 'trendy': False, 'upscale': False, 'casual': False}"", 'BikeParking: True', 'GoodForKids: True', 'RestaurantsAttire: casual', 'RestaurantsPriceRange2: 1', 'RestaurantsReservations: False']",-73.5539925,,,QC,1,ykNLkmfJqaF9sAWDJiQwLw,business
Mike's Bistro,Surprise,19,"['Monday 10:0-20:0', 'Tuesday 10:0-20:0', 'Wednesday 10:0-20:0', 'Thursday 10:0-20:0', 'Friday 10:0-20:0', 'Saturday 10:0-20:0']",,"['Restaurants', 'Greek', 'Italian']",33.637069,4.0,"['Alcohol: none', ""Ambience: {'romantic': False, 'intimate': False, 'classy': False, 'hipster': False, 'divey': False, 'touristy': False, 'trendy': False, 'upscale': False, 'casual': True}"", 'BusinessAcceptsCreditCards: True', ""BusinessParking: {'garage': False, 'street': False, 'validated': False, 'lot': True, 'valet': False}"", 'Caters: True', 'DogsAllowed: False', 'GoodForKids: True', ""GoodForMeal: {'dessert': False, 'latenight': False, 'lunch': True, 'dinner': True, 'breakfast': False, 'brunch': False}"", 'HasTV: False', 'NoiseLevel: quiet', 'OutdoorSeating: True', 'RestaurantsAttire: casual', 'RestaurantsDelivery: False', 'RestaurantsGoodForGroups: True', 'RestaurantsPriceRange2: 1', 'RestaurantsReservations: True', 'RestaurantsTableService: True', 'RestaurantsTakeOut: True', 'WheelchairAccessible: True', 'WiFi: free']",-112.3560801,"13761 W Bell Rd, Ste 213",85374,AZ,0,tEz-_4c1dxqClu9GdX24MQ,business
Port of Subs,Las Vegas,7,"['Monday 7:0-2:0', 'Tuesday 7:0-2:0', 'Wednesday 7:0-2:0', 'Thursday 7:0-2:0', 'Friday 7:0-2:0', 'Saturday 7:0-2:0', 'Sunday 7:0-0:0']",Eastside,"['Delis', 'Caterers', 'Sandwiches', 'Restaurants', 'Event Planning & Services']",36.1148589,4.5,"['Alcohol: none', 'BikeParking: True', 'BusinessAcceptsCreditCards: True', 'GoodForKids: True', ""GoodForMeal: {'dessert': False, 'latenight': False, 'lunch': False, 'dinner': False, 'breakfast': False, 'brunch': False}"", 'HasTV: False', 'OutdoorSeating: False', 'RestaurantsAttire: casual', 'RestaurantsDelivery: False', 'RestaurantsGoodForGroups: False', 'RestaurantsPriceRange2: 1', 'RestaurantsReservations: False', 'RestaurantsTakeOut: True']",-115.1643875,190 E Flaming Rd,89109,NV,1,0N53m33GANYeHHl-s22d4Q,business
Anthony's Pizza,Pittsburgh,10,,Carrick,"['Restaurants', 'Pizza']",40.396531,3.5,"['Alcohol: none', ""Ambience: {'romantic': False, 'intimate': False, 'classy': False, 'hipster': False, 'divey': False, 'touristy': False, 'trendy': False, 'upscale': False, 'casual': False}"", 'BikeParking: False', 'BusinessAcceptsCreditCards: True', ""BusinessParking: {'garage': False, 'street': True, 'validated': False, 'lot': False, 'valet': False}"", 'Caters: False', 'GoodForKids: True', ""GoodForMeal: {'dessert': False, 'latenight': False, 'lunch': False, 'dinner': False, 'breakfast': False, 'brunch': False}"", 'HasTV: True', 'NoiseLevel: average', 'OutdoorSeating: False', 'RestaurantsAttire: casual', 'RestaurantsDelivery: True', 'RestaurantsGoodForGroups: True', 'RestaurantsPriceRange2: 1', 'RestaurantsReservations: False', 'RestaurantsTableService: True', 'RestaurantsTakeOut: True', 'WiFi: no']",-79.987919,1820 Brownsville Rd,15210,PA,1,OohsWZ3A0bo8y6N6vi6ePA,business
Old Market Bistro,Madison,3,,Capitol,"['Restaurants', 'American (New)', 'Breakfast & Brunch', 'Pizza']",43.0771005,2.5,"['Alcohol: full_bar', 'BusinessAcceptsCreditCards: True', ""BusinessParking: {'garage': False, 'street': False, 'validated': False, 'lot': False, 'valet': False}"", 'GoodForKids: True', ""GoodForMeal: {'dessert': False, 'latenight': False, 'lunch': False, 'dinner': False, 'breakfast': False, 'brunch': False}"", 'OutdoorSeating: True', 'RestaurantsAttire: casual', 'RestaurantsGoodForGroups: True', 'RestaurantsPriceRange2: 2', 'RestaurantsTableService: True', 'RestaurantsTakeOut: True', 'WheelchairAccessible: True']",-89.3816491,15 N Butler St,53703,WI,0,OuKfLByYHVSwL8yTooQOXw,business
Panera Bread,Madison,16,"['Monday 6:0-21:0', 'Tuesday 6:0-21:0', 'Wednesday 6:0-21:0', 'Thursday 6:0-21:0', 'Friday 6:0-21:0', 'Saturday 6:0-21:0', 'Sunday 7:0-21:0']",Capitol,"['Breakfast & Brunch', 'Food', 'Sandwiches', 'Bagels', 'Salad', 'Restaurants', 'Soup', 'Bakeries']",43.067837,3.0,"['Alcohol: none', ""Ambience: {'romantic': False, 'intimate': False, 'classy': False, 'hipster': False, 'divey': False, 'touristy': False, 'trendy': False, 'upscale': False, 'casual': True}"", 'BikeParking: True', 'BusinessAcceptsCreditCards: True', ""BusinessParking: {'garage': False, 'street': False, 'validated': False, 'lot': False, 'valet': False}"", 'Caters: True', 'GoodForKids: True', ""GoodForMeal: {'dessert': False, 'latenight': False, 'lunch': False, 'dinner': False, 'breakfast': True, 'brunch': False}"", 'HasTV: False', 'NoiseLevel: average', 'OutdoorSeating: True', 'RestaurantsAttire: casual', 'RestaurantsDelivery: True', 'RestaurantsGoodForGroups: True', 'RestaurantsPriceRange2: 1', 'RestaurantsReservations: False', 'RestaurantsTableService: False', 'RestaurantsTakeOut: True', 'WiFi: free']",-89.395321,656 West Washington Ave,53703,WI,1,CfW-088nFNuUF9O7363lwA,business
Dr Deli and the Salad Queen,North York,12,"['Monday 10:0-19:0', 'Tuesday 10:0-19:0', 'Thursday 10:0-19:0', 'Friday 10:0-19:0', 'Saturday 9:0-18:0', 'Sunday 9:0-18:0']",,"['Sandwiches', 'Delis', 'Restaurants']",43.7863955,3.5,"['Alcohol: beer_and_wine', ""Ambience: {'romantic': False, 'intimate': False, 'classy': False, 'hipster': False, 'touristy': False, 'trendy': False, 'upscale': False, 'casual': False}"", 'BusinessAcceptsCreditCards: True', ""BusinessParking: {'garage': False, 'street': False, 'validated': False, 'lot': False, 'valet': False}"", 'GoodForKids: True', ""GoodForMeal: {'dessert': False, 'latenight': False, 'lunch': False, 'dinner': False, 'breakfast': False, 'brunch': False}"", 'HasTV: False', 'NoiseLevel: average', 'OutdoorSeating: False', 'RestaurantsAttire: casual', 'RestaurantsDelivery: False', 'RestaurantsGoodForGroups: True', 'RestaurantsPriceRange2: 1', 'RestaurantsReservations: False', 'RestaurantsTableService: True', 'RestaurantsTakeOut: True', 'WiFi: no']",-79.4683854,1881 Steeles Avenue W,M3H 5Y4,ON,0,HbZxMems5cEO8J1fBsw-sg,business
Monterrey Mexican Restaurant,Matthews,46,"['Monday 11:0-22:0', 'Tuesday 11:0-22:0', 'Wednesday 11:0-22:0', 'Thursday 11:0-22:0', 'Friday 11:0-23:0', 'Saturday 12:0-23:0', 'Sunday 11:30-22:0']",,"['Mexican', 'Restaurants']",35.1357117,3.5,"['Alcohol: full_bar', ""Ambience: {'romantic': False, 'intimate': False, 'classy': False, 'hipster': False, 'divey': False, 'touristy': False, 'trendy': False, 'upscale': False, 'casual': True}"", 'BikeParking: True', 'BusinessAcceptsCreditCards: True', ""BusinessParking: {'garage': False, 'street': False, 'validated': False, 'lot': True, 'valet': False}"", 'Caters: False', 'GoodForKids: True', ""GoodForMeal: {'dessert': False, 'latenight': False, 'lunch': True, 'dinner': True, 'breakfast': False, 'brunch': False}"", 'HasTV: True', 'NoiseLevel: average', 'OutdoorSeating: False', 'RestaurantsAttire: casual', 'RestaurantsDelivery: False', 'RestaurantsGoodForGroups: True', 'RestaurantsPriceRange2: 2', 'RestaurantsReservations: True', 'RestaurantsTableService: True', 'RestaurantsTakeOut: True', 'WheelchairAccessible: True', 'WiFi: free']",-80.7126734,9623 E Independence Blvd,28105,NC,1,b-0q4xbL6EWYUqnwqcYM4Q,business
LongHorn Steakhouse,Matthews,33,"['Monday 11:0-22:0', 'Tuesday 11:0-22:0', 'Wednesday 11:0-22:0', 'Thursday 11:0-22:0', 'Friday 11:0-23:0', 'Saturday 11:0-23:0', 'Sunday 11:0-22:0']",,"['Steakhouses', 'American (Traditional)', 'Restaurants', 'Barbeque']",35.132053,3.0,"['Alcohol: full_bar', ""Ambience: {'romantic': False, 'intimate': False, 'classy': False, 'hipster': False, 'divey': False, 'touristy': False, 'trendy': False, 'upscale': False, 'casual': True}"", 'BikeParking: False', 'BusinessAcceptsCreditCards: True', ""BusinessParking: {'garage': False, 'street': False, 'validated': False, 'lot': True, 'valet': False}"", 'Caters: False', 'DogsAllowed: False', 'GoodForKids: True', ""GoodForMeal: {'dessert': True, 'latenight': False, 'lunch': False, 'dinner': True, 'breakfast': False, 'brunch': False}"", 'HasTV: True', 'NoiseLevel: average', 'OutdoorSeating: False', 'RestaurantsAttire: casual', 'RestaurantsDelivery: False', 'RestaurantsGoodForGroups: True', 'RestaurantsPriceRange2: 2', 'RestaurantsReservations: True', 'RestaurantsTableService: True', 'RestaurantsTakeOut: True', 'WheelchairAccessible: True', 'WiFi: no']",-80.711299,9950 E Independence Blvd,28105,NC,1,LQQw_vRWCKTYDCaMdWeUdg,business
La Gondola,Kirkcaldy,4,,,"['Italian', 'Restaurants']",56.1154561,3.5,"['Alcohol: full_bar', ""Ambience: {'romantic': False, 'intimate': False, 'classy': False, 'hipster': False, 'touristy': False, 'trendy': False, 'upscale': False, 'casual': False}"", 'BusinessAcceptsCreditCards: True', ""BusinessParking: {'garage': False, 'street': False, 'lot': False, 'valet': False}"", 'GoodForKids: True', ""GoodForMeal: {'dessert': False, 'latenight': False, 'lunch': False, 'dinner': True, 'breakfast': False, 'brunch': False}"", 'HasTV: False', 'NoiseLevel: loud', 'OutdoorSeating: False', 'RestaurantsAttire: casual', 'RestaurantsDelivery: False', 'RestaurantsGoodForGroups: True', 'RestaurantsPriceRange2: 2', 'RestaurantsReservations: True', 'RestaurantsTableService: True', 'RestaurantsTakeOut: False', 'WheelchairAccessible: True', 'WiFi: no']",-3.1527429,435 High Street,KY1 2SG,FIF,1,HgCrAHwgvYK8OyX_hi4Bgw,business
Tokyo Sushi House,Toronto,75,"['Monday 10:30-22:30', 'Tuesday 10:30-22:30', 'Wednesday 10:30-22:30', 'Thursday 10:30-22:30', 'Friday 10:30-22:30', 'Saturday 10:30-22:30', 'Sunday 12:0-22:0']",Downtown Core,"['Restaurants', 'Sushi Bars', 'Japanese']",43.6654186,4.0,"['Alcohol: beer_and_wine', ""Ambience: {'romantic': False, 'intimate': False, 'classy': False, 'hipster': False, 'touristy': False, 'trendy': False, 'upscale': False, 'casual': True}"", 'BikeParking: True', 'BusinessAcceptsCreditCards: True', ""BusinessParking: {'garage': False, 'street': True, 'validated': False, 'lot': False, 'valet': False}"", 'Caters: True', 'GoodForKids: True', ""GoodForMeal: {'dessert': False, 'latenight': False, 'lunch': True, 'dinner': True, 'breakfast': False, 'brunch': False}"", 'HasTV: False', 'NoiseLevel: quiet', 'OutdoorSeating: False', 'RestaurantsAttire: casual', 'RestaurantsDelivery: True', 'RestaurantsGoodForGroups: True', 'RestaurantsPriceRange2: 2', 'RestaurantsReservations: True', 'RestaurantsTableService: True', 'RestaurantsTakeOut: True', 'WiFi: no']",-79.3871322,33 St Joseph Street,M4Y 1J8,ON,1,bNHeKmkBx5emT9xLfdWyjw,business
Arby's,Solon,10,,,"['Fast Food', 'Sandwiches', 'Restaurants', 'Salad']",41.3858272,1.5,"['BusinessAcceptsCreditCards: True', 'GoodForKids: True', 'RestaurantsAttire: casual', 'RestaurantsDelivery: False', 'RestaurantsPriceRange2: 1', 'RestaurantsReservations: False', 'RestaurantsTakeOut: False']",-81.4372039,6375 Som Center Rd,44139,OH,1,tDwEWVmt1L0cDqnJqWtqkg,business
Marcella's Italian Kitchen,Scottsdale,58,"['Monday 15:0-22:0', 'Tuesday 15:0-22:0', 'Wednesday 15:0-22:0', 'Thursday 15:0-22:0', 'Friday 15:0-23:0', 'Saturday 15:0-23:0', 'Sunday 15:0-21:0']",,"['Restaurants', 'Italian']",33.5025941,3.0,"['Alcohol: full_bar', ""Ambience: {'romantic': True, 'intimate': False, 'classy': False, 'hipster': False, 'divey': False, 'touristy': False, 'trendy': False, 'upscale': False, 'casual': True}"", 'BusinessAcceptsCreditCards: True', ""BusinessParking: {'garage': True, 'street': False, 'validated': False, 'lot': False, 'valet': True}"", 'GoodForKids: True', ""GoodForMeal: {'dessert': False, 'latenight': False, 'lunch': True, 'dinner': True, 'breakfast': False, 'brunch': False}"", 'HasTV: True', 'NoiseLevel: average', 'OutdoorSeating: True', 'RestaurantsAttire: casual', 'RestaurantsDelivery: False', 'RestaurantsGoodForGroups: True', 'RestaurantsPriceRange2: 2', 'RestaurantsReservations: True', 'RestaurantsTableService: True', 'RestaurantsTakeOut: True', 'WheelchairAccessible: True']",-111.9296765,"7014 E Camelback Rd, Ste 1423",85251,AZ,0,5SEwzlWlrxSVyZx3IgXwLg,business
Zante,Saint-Laurent,3,"['Monday 11:30-15:0', 'Monday 17:30-0:0', 'Tuesday 11:30-15:0', 'Tuesday 17:30-0:0', 'Wednesday 11:30-15:0', 'Wednesday 17:30-0:0', 'Thursday 11:30-15:0', 'Thursday 17:30-0:0', 'Friday 11:30-15:0', 'Friday 17:30-2:0', 'Saturday 17:30-2:0', 'Sunday 17:30-0:0']",Ahunstic-Cartierville,"['Restaurants', 'Greek']",45.5315060353,3.5,"['BikeParking: True', 'GoodForKids: True', 'OutdoorSeating: True', 'RestaurantsAttire: dressy', 'RestaurantsGoodForGroups: True', 'RestaurantsPriceRange2: 3', 'RestaurantsReservations: True', 'RestaurantsTableService: True', ""Ambience: {'romantic': False, 'intimate': False, 'classy': False, 'hipster': False, 'touristy': False, 'trendy': False, 'upscale': False, 'casual': False}"", 'RestaurantsDelivery: False']",-73.6510559544,9030 Boulevard de l'Acadie,H4N,QC,1,ene4kjtpR11Leves43JunQ,business
Sports Rock Cafe,Pittsburgh,6,"['Monday 11:30-2:0', 'Tuesday 11:30-2:0', 'Wednesday 11:30-2:0', 'Thursday 11:30-2:0', 'Friday 11:30-2:0', 'Saturday 11:30-2:0']",Strip District,"['American (Traditional)', 'Restaurants']",40.4484631,2.0,"['Alcohol: full_bar', ""Ambience: {'romantic': False, 'intimate': False, 'classy': False, 'hipster': False, 'divey': True, 'touristy': False, 'trendy': False, 'upscale': False, 'casual': False}"", 'BusinessAcceptsCreditCards: True', ""BusinessParking: {'garage': False, 'street': True, 'validated': False, 'lot': False, 'valet': False}"", 'GoodForKids: False', ""GoodForMeal: {'dessert': False, 'latenight': False, 'lunch': True, 'dinner': False, 'breakfast': False, 'brunch': False}"", 'OutdoorSeating: True', 'RestaurantsAttire: casual', 'RestaurantsDelivery: False', 'RestaurantsGoodForGroups: True', 'RestaurantsPriceRange2: 2', 'RestaurantsReservations: False', 'RestaurantsTableService: True', 'RestaurantsTakeOut: True', 'WheelchairAccessible: True']",-79.9894086,1400 Smallman St,15222,PA,0,3yOAOV1ZlrhSWgANFWDWDA,business
Paradise Place Jamaican Cuisine,Las Vegas,17,"['Tuesday 11:0-21:0', 'Wednesday 11:0-21:0', 'Thursday 11:0-21:0', 'Friday 11:0-21:0', 'Saturday 11:0-21:0', 'Sunday 11:0-19:0']",Westside,"['Caribbean', 'Seafood', 'Food', 'Restaurants']",36.1433067322,4.5,"['RestaurantsTableService: True', 'Alcohol: none', 'BikeParking: False', 'BusinessAcceptsBitcoin: False', 'BusinessAcceptsCreditCards: True', ""BusinessParking: {'garage': False, 'street': False, 'validated': False, 'lot': True, 'valet': False}"", 'Caters: True', 'DogsAllowed: False', 'HasTV: True', 'OutdoorSeating: False', 'RestaurantsDelivery: True', 'RestaurantsReservations: True', 'RestaurantsTakeOut: True', 'WheelchairAccessible: True', 'WiFi: free', 'NoiseLevel: quiet', 'RestaurantsPriceRange2: 2', 'GoodForKids: True', 'RestaurantsAttire: casual', 'RestaurantsGoodForGroups: True', ""Ambience: {'romantic': False, 'intimate': False, 'classy': False, 'hipster': False, 'divey': False, 'touristy': False, 'trendy': False, 'upscale': False, 'casual': True}"", ""GoodForMeal: {'dessert': False, 'latenight': False, 'lunch': True, 'dinner': False, 'breakfast': False, 'brunch': False}""]",-115.253547668,"7365 W Sahara Ave, Ste B & C",89117,NV,1,0EpnzIpeFvhISkxMTIv9WA,business
Jean's Southern Cuisine,Wilkinsburg,8,"['Thursday 11:30-19:0', 'Friday 11:30-19:0', 'Saturday 9:0-19:0', 'Sunday 14:0-19:0']",,"['Soul Food', 'Restaurants']",40.4433014,3.0,"['GoodForKids: True', 'RestaurantsGoodForGroups: True', 'RestaurantsTakeOut: True']",-79.8803169,807 Wallace Ave,15221,PA,1,Pz_qQdmstSxmyFw1r0enDw,business
Pulp Kitchen,Toronto,12,"['Monday 9:0-19:0', 'Tuesday 9:0-19:0', 'Wednesday 9:0-19:0', 'Thursday 9:0-19:0', 'Friday 9:0-19:0', 'Saturday 10:0-16:0', 'Sunday 10:0-16:0']",Leslieville,"['Food', 'Restaurants', 'Juice Bars & Smoothies', 'Sandwiches', 'Vegetarian']",43.6621626,3.5,"['Alcohol: none', 'BusinessAcceptsCreditCards: True', ""BusinessParking: {'garage': False, 'street': False, 'validated': False, 'lot': False, 'valet': False}"", 'GoodForKids: True', ""GoodForMeal: {'dessert': False, 'latenight': False, 'lunch': False, 'dinner': False, 'breakfast': False, 'brunch': False}"", 'OutdoorSeating: False', 'RestaurantsAttire: casual', 'RestaurantsDelivery: False', 'RestaurantsGoodForGroups: True', 'RestaurantsPriceRange2: 2', 'RestaurantsReservations: False', 'RestaurantsTableService: True', 'RestaurantsTakeOut: True', 'WheelchairAccessible: True']",-79.3347124,1129 Queen St E,M4M 1L1,ON,0,2pAaYEpVsAy3XNLpmPxCoA,business
Bea's Taqueria,Pittsburgh,9,,South Side,"['Restaurants', 'Mexican']",40.4282646,4.0,"['Alcohol: none', ""Ambience: {'romantic': False, 'intimate': False, 'classy': False, 'hipster': False, 'divey': False, 'touristy': False, 'trendy': False, 'upscale': False, 'casual': False}"", ""BusinessParking: {'garage': False, 'street': False, 'validated': False, 'lot': False, 'valet': False}"", 'Caters: False', 'GoodForKids: True', ""GoodForMeal: {'dessert': False, 'latenight': False, 'lunch': False, 'dinner': False, 'breakfast': False, 'brunch': False}"", 'HasTV: True', 'NoiseLevel: quiet', 'OutdoorSeating: False', 'RestaurantsAttire: casual', 'RestaurantsGoodForGroups: True', 'RestaurantsPriceRange2: 1', 'RestaurantsReservations: False', 'RestaurantsTableService: False', 'RestaurantsTakeOut: True']",-79.9739887,2212 E Carson St,15203,PA,0,QI7XeQ11U4D-A5uRcah5Iw,business
Altamimi Restutant,Phoenix,3,,,"['Restaurants', 'Halal', 'Middle Eastern']",33.5526345293,5.0,"['Alcohol: none', ""Ambience: {'romantic': False, 'intimate': False, 'classy': False, 'hipster': False, 'divey': False, 'touristy': False, 'trendy': False, 'upscale': False, 'casual': False}"", 'BusinessAcceptsCreditCards: True', ""BusinessParking: {'garage': False, 'street': False, 'validated': False, 'lot': False, 'valet': False}"", 'GoodForKids: True', ""GoodForMeal: {'dessert': False, 'latenight': False, 'lunch': False, 'dinner': False, 'breakfast': False, 'brunch': False}"", 'HasTV: True', 'NoiseLevel: quiet', 'OutdoorSeating: False', 'RestaurantsAttire: casual', 'RestaurantsDelivery: False', 'RestaurantsGoodForGroups: True', 'RestaurantsPriceRange2: 1', 'RestaurantsReservations: True', 'RestaurantsTableService: True', 'RestaurantsTakeOut: True']",-112.133384841,3411 W Northern Ave,85051,AZ,1,UD-MGa52sWJLeElUZDTRPA,business
Smallman Galley,Pittsburgh,177,"['Tuesday 11:0-22:0', 'Wednesday 11:0-22:0', 'Thursday 11:0-22:0', 'Friday 11:0-0:0', 'Saturday 10:0-0:0', 'Sunday 10:0-15:0']",Strip District,"['Bars', 'American (New)', 'American (Traditional)', 'Coffee & Tea', 'Restaurants', 'Nightlife', 'Food']",40.4521777,4.5,"['Alcohol: full_bar', ""Ambience: {'romantic': False, 'intimate': False, 'classy': False, 'hipster': True, 'divey': False, 'touristy': False, 'trendy': False, 'upscale': False, 'casual': False}"", ""BestNights: {'monday': False, 'tuesday': False, 'friday': True, 'wednesday': False, 'thursday': True, 'sunday': False, 'saturday': True}"", 'BikeParking: True', 'BusinessAcceptsCreditCards: True', ""BusinessParking: {'garage': False, 'street': True, 'validated': False, 'lot': False, 'valet': False}"", 'Caters: False', 'CoatCheck: False', 'GoodForDancing: False', 'GoodForKids: True', ""GoodForMeal: {'dessert': False, 'latenight': False, 'lunch': True, 'dinner': True, 'breakfast': False, 'brunch': True}"", 'HappyHour: True', 'HasTV: True', ""Music: {'dj': False, 'background_music': True, 'no_music': False, 'karaoke': False, 'live': False, 'video': False, 'jukebox': False}"", 'NoiseLevel: average', 'OutdoorSeating: True', 'RestaurantsAttire: casual', 'RestaurantsDelivery: False', 'RestaurantsGoodForGroups: True', 'RestaurantsPriceRange2: 2', 'RestaurantsReservations: False', 'RestaurantsTableService: False', 'RestaurantsTakeOut: True', 'Smoking: no', 'WheelchairAccessible: True', 'WiFi: free']",-79.9837408,54 21st St,15222,PA,1,MKYcOZSpMwJK7uwacK13EA,business
Taco Bell,Mesa,5,"['Monday 8:0-0:0', 'Tuesday 8:0-0:0', 'Wednesday 8:0-0:0', 'Thursday 8:0-0:0', 'Friday 8:0-1:0', 'Saturday 8:0-1:0', 'Sunday 8:0-0:0']",,"['Restaurants', 'Mexican', 'Tex-Mex', 'Fast Food']",33.40791,3.5,"['Alcohol: none', ""Ambience: {'romantic': False, 'intimate': False, 'classy': False, 'hipster': False, 'divey': False, 'touristy': False, 'trendy': False, 'upscale': False, 'casual': False}"", 'BusinessAcceptsCreditCards: True', 'DriveThru: True', 'GoodForKids: True', ""GoodForMeal: {'dessert': False, 'latenight': False, 'lunch': False, 'dinner': False, 'breakfast': False, 'brunch': False}"", 'HasTV: True', 'OutdoorSeating: False', 'RestaurantsAttire: casual', 'RestaurantsDelivery: False', 'RestaurantsGoodForGroups: True', 'RestaurantsPriceRange2: 1', 'RestaurantsReservations: False', 'RestaurantsTakeOut: True']",-111.77313,2663 E Broadway Rd.,85204,AZ,1,HESW9RuZLvRAGZEfBOy0zA,business
La Huasteca Mexican Foods,Phoenix,7,,,"['Restaurants', 'Mexican']",33.5091908,3.5,"['BikeParking: True', 'BusinessAcceptsCreditCards: True', ""BusinessParking: {'garage': False, 'street': False, 'validated': False, 'lot': False, 'valet': False}"", 'GoodForKids: True', ""GoodForMeal: {'dessert': False, 'latenight': False, 'lunch': False, 'dinner': False, 'breakfast': False, 'brunch': False}"", 'HasTV: True', 'NoiseLevel: quiet', 'OutdoorSeating: False', 'RestaurantsAttire: casual', 'RestaurantsDelivery: False', 'RestaurantsGoodForGroups: False', 'RestaurantsPriceRange2: 1', 'RestaurantsReservations: False', 'RestaurantsTableService: False', 'RestaurantsTakeOut: True']",-112.1349172,3517 W Camelback Road,85019,AZ,1,1s28O8UuTAmJb5IDz3MY3w,business
Midi Bistro,Toronto,56,"['Monday 11:30-21:30', 'Tuesday 11:30-21:30', 'Wednesday 11:30-22:30', 'Thursday 11:30-22:30', 'Friday 11:30-22:30', 'Saturday 11:0-22:30', 'Sunday 11:0-22:0']",Downtown Core,"['Restaurants', 'French']",43.6558282,3.5,"['Alcohol: full_bar', ""Ambience: {'romantic': False, 'intimate': False, 'classy': False, 'hipster': False, 'touristy': False, 'trendy': False, 'upscale': False, 'casual': False}"", 'BikeParking: False', 'BusinessAcceptsCreditCards: True', ""BusinessParking: {'garage': False, 'street': True, 'validated': False, 'lot': False, 'valet': False}"", 'Caters: True', 'GoodForKids: True', ""GoodForMeal: {'dessert': False, 'latenight': False, 'lunch': True, 'dinner': True, 'breakfast': False, 'brunch': False}"", 'HasTV: False', 'NoiseLevel: quiet', 'OutdoorSeating: False', 'RestaurantsAttire: casual', 'RestaurantsDelivery: False', 'RestaurantsGoodForGroups: True', 'RestaurantsPriceRange2: 2', 'RestaurantsReservations: True', 'RestaurantsTableService: True', 'RestaurantsTakeOut: True', 'WiFi: no']",-79.3922846,168 McCaul Street,M5T 1W4,ON,1,Zl6csaZ5HBka3SKBphHXrQ,business
Francesco's Pizzeria,Indian Trail,26,"['Tuesday 11:0-21:0', 'Wednesday 11:0-21:0', 'Thursday 11:0-21:0', 'Friday 11:0-22:0', 'Saturday 11:0-22:0', 'Sunday 11:0-21:0']",,"['Pizza', 'Italian', 'Restaurants']",35.0492092,4.0,"['Alcohol: none', ""Ambience: {'romantic': False, 'intimate': False, 'classy': False, 'hipster': False, 'divey': False, 'touristy': False, 'trendy': False, 'upscale': False, 'casual': True}"", 'BikeParking: True', 'BusinessAcceptsCreditCards: True', ""BusinessParking: {'garage': False, 'street': False, 'validated': False, 'lot': True, 'valet': False}"", 'Caters: True', 'GoodForKids: True', ""GoodForMeal: {'dessert': False, 'latenight': False, 'lunch': True, 'dinner': True, 'breakfast': False, 'brunch': False}"", 'HasTV: True', 'NoiseLevel: average', 'OutdoorSeating: False', 'RestaurantsAttire: casual', 'RestaurantsDelivery: True', 'RestaurantsGoodForGroups: True', 'RestaurantsPriceRange2: 2', 'RestaurantsReservations: False', 'RestaurantsTableService: True', 'RestaurantsTakeOut: True', 'WiFi: no']",-80.6455685,"6751 Old Monroe Rd, Ste 102",28079,NC,1,DocFK1OhrUqnoBMVZA3PHA,business
Code Ambiance,Montréal,13,"['Tuesday 16:30-21:30', 'Wednesday 16:30-21:30', 'Thursday 16:30-22:0', 'Friday 16:30-22:0', 'Saturday 16:30-22:0']",Sud-Ouest,"['Canadian (New)', 'Nightlife', 'Bars', 'Wine Bars', 'Restaurants']",45.4874886,3.5,"['Alcohol: full_bar', ""Ambience: {'romantic': False, 'intimate': False, 'classy': False, 'hipster': False, 'touristy': False, 'trendy': False, 'upscale': False, 'casual': False}"", 'BikeParking: True', 'BusinessAcceptsCreditCards: True', ""BusinessParking: {'garage': False, 'street': False, 'validated': False, 'lot': False, 'valet': False}"", 'Caters: False', 'GoodForKids: False', ""GoodForMeal: {'dessert': False, 'latenight': False, 'lunch': False, 'dinner': False, 'breakfast': False, 'brunch': False}"", 'HasTV: False', 'NoiseLevel: quiet', 'OutdoorSeating: False', 'RestaurantsAttire: casual', 'RestaurantsDelivery: False', 'RestaurantsGoodForGroups: True', 'RestaurantsPriceRange2: 3', 'RestaurantsReservations: True', 'RestaurantsTableService: True', 'RestaurantsTakeOut: False', 'WiFi: no']",-73.5689476,1874 Rue Notre-Dame O,H3J 1M6,QC,1,1fFRUk4ZmGIInV9IH3tFxw,business
King Solomon's Pizza,Phoenix,16,"['Monday 11:0-20:0', 'Tuesday 11:0-20:0', 'Wednesday 11:0-20:0', 'Thursday 11:0-20:0', 'Friday 11:0-14:30', 'Saturday 11:0-14:30', 'Sunday 11:0-20:0']",,"['Mexican', 'Italian', 'Restaurants', 'Kosher', 'Pizza']",33.5080653,4.5,"['Alcohol: none', ""Ambience: {'romantic': False, 'intimate': False, 'classy': False, 'hipster': False, 'divey': False, 'touristy': False, 'trendy': False, 'upscale': False, 'casual': True}"", 'BusinessAcceptsCreditCards: True', ""BusinessParking: {'garage': False, 'street': False, 'validated': False, 'lot': True, 'valet': False}"", 'Caters: True', 'GoodForKids: True', ""GoodForMeal: {'dessert': False, 'latenight': False, 'lunch': True, 'dinner': True, 'breakfast': False, 'brunch': False}"", 'HasTV: False', 'NoiseLevel: average', 'OutdoorSeating: True', 'RestaurantsAttire: casual', 'RestaurantsDelivery: False', 'RestaurantsGoodForGroups: True', 'RestaurantsPriceRange2: 1', 'RestaurantsReservations: False', 'RestaurantsTableService: False', 'RestaurantsTakeOut: True', 'WheelchairAccessible: True', 'WiFi: no']",-112.065452,4810 N 7th St,85014,AZ,0,HCsceGqc3Y3SiUxcpzNuDA,business
Some Burros,Gilbert,98,"['Monday 9:0-21:0', 'Tuesday 9:0-21:0', 'Wednesday 9:0-21:0', 'Thursday 9:0-21:0', 'Friday 9:0-22:0', 'Saturday 9:0-22:0', 'Sunday 9:0-21:0']",,"['Mexican', 'Restaurants']",33.3031741,2.5,"['Alcohol: beer_and_wine', ""Ambience: {'romantic': False, 'intimate': False, 'classy': False, 'hipster': False, 'divey': False, 'touristy': False, 'trendy': False, 'upscale': False, 'casual': True}"", 'BikeParking: True', 'BusinessAcceptsCreditCards: True', ""BusinessParking: {'garage': False, 'street': False, 'validated': False, 'lot': True, 'valet': False}"", 'Caters: True', 'GoodForKids: True', ""GoodForMeal: {'dessert': False, 'latenight': False, 'lunch': True, 'dinner': True, 'breakfast': False, 'brunch': False}"", 'HasTV: False', 'NoiseLevel: average', 'OutdoorSeating: True', 'RestaurantsAttire: casual', 'RestaurantsDelivery: False', 'RestaurantsGoodForGroups: True', 'RestaurantsPriceRange2: 1', 'RestaurantsReservations: False', 'RestaurantsTableService: False', 'RestaurantsTakeOut: True', 'WiFi: no']",-111.7432094,2597 S Market St,85297,AZ,1,HhopVWTjghrRU2sWGBv-Rg,business
Ichiban Sushi,Toronto,13,"['Monday 11:30-22:0', 'Tuesday 11:30-22:0', 'Wednesday 11:30-22:0', 'Thursday 11:30-22:30', 'Friday 11:30-22:30', 'Saturday 11:30-22:30', 'Sunday 12:0-22:0']",The Beach,"['Restaurants', 'Sushi Bars']",43.672951,4.0,"['Alcohol: beer_and_wine', ""Ambience: {'romantic': False, 'intimate': False, 'classy': False, 'hipster': False, 'touristy': False, 'trendy': False, 'upscale': False, 'casual': False}"", 'BusinessAcceptsCreditCards: True', ""BusinessParking: {'garage': False, 'street': True, 'validated': False, 'lot': False, 'valet': False}"", 'Caters: True', 'GoodForKids: True', ""GoodForMeal: {'dessert': False, 'latenight': False, 'lunch': True, 'dinner': False, 'breakfast': False, 'brunch': False}"", 'HasTV: False', 'NoiseLevel: average', 'OutdoorSeating: False', 'RestaurantsAttire: casual', 'RestaurantsDelivery: True', 'RestaurantsGoodForGroups: False', 'RestaurantsPriceRange2: 2', 'RestaurantsReservations: True', 'RestaurantsTableService: True', 'RestaurantsTakeOut: True', 'WheelchairAccessible: True', 'WiFi: no']",-79.2867193,2250 Queen Street E,M4E 1G2,ON,0,rWxAgLSI0Sk1MCpQGd5HDQ,business
Wendy's Old Fashioned Hamburgers,Tempe,4,"['Monday 6:0-1:0', 'Tuesday 6:0-1:0', 'Wednesday 6:0-1:0', 'Thursday 6:0-1:0', 'Friday 6:30-1:0', 'Saturday 6:0-1:0', 'Sunday 6:0-1:0']",,"['Restaurants', 'Fast Food']",33.3347856763,2.0,"['Alcohol: none', ""Ambience: {'romantic': False, 'intimate': False, 'classy': False, 'hipster': False, 'divey': False, 'touristy': False, 'trendy': False, 'upscale': False, 'casual': False}"", 'BusinessAcceptsCreditCards: True', ""BusinessParking: {'garage': False, 'street': False, 'validated': False, 'lot': False, 'valet': False}"", 'Caters: False', 'GoodForKids: True', ""GoodForMeal: {'dessert': False, 'latenight': False, 'lunch': False, 'dinner': False, 'breakfast': False, 'brunch': False}"", 'NoiseLevel: average', 'OutdoorSeating: False', 'RestaurantsAttire: casual', 'RestaurantsDelivery: False', 'RestaurantsPriceRange2: 1', 'RestaurantsReservations: False', 'RestaurantsTableService: False', 'RestaurantsTakeOut: True']",-111.912693339,1741 E Warner Rd,85284,AZ,0,_NQxJx-69on26wDXaaEDlQ,business
Izba Restaurant,Etobicoke,40,"['Monday 11:0-22:0', 'Tuesday 11:0-22:0', 'Wednesday 11:0-22:0', 'Thursday 11:0-22:0', 'Friday 11:0-22:0', 'Saturday 11:0-22:0', 'Sunday 11:0-22:0']",Etobicoke,"['Polish', 'Ukrainian', 'Hungarian', 'Restaurants']",43.6276238,3.0,"['Alcohol: full_bar', ""Ambience: {'romantic': False, 'intimate': False, 'classy': False, 'hipster': False, 'touristy': False, 'trendy': False, 'upscale': False, 'casual': True}"", 'BikeParking: True', 'BusinessAcceptsCreditCards: True', ""BusinessParking: {'garage': False, 'street': True, 'validated': False, 'lot': True, 'valet': False}"", 'Caters: True', 'GoodForKids: True', ""GoodForMeal: {'dessert': False, 'latenight': False, 'lunch': True, 'dinner': True, 'breakfast': False, 'brunch': False}"", 'HasTV: True', 'NoiseLevel: quiet', 'OutdoorSeating: True', 'RestaurantsAttire: casual', 'RestaurantsDelivery: False', 'RestaurantsGoodForGroups: True', 'RestaurantsPriceRange2: 2', 'RestaurantsReservations: True', 'RestaurantsTableService: True', 'RestaurantsTakeOut: True', 'WheelchairAccessible: True', 'WiFi: no']",-79.4975567,648 The Queensway,M8Y 1K7,ON,1,vdCO-FA2L86XpMazfYlnVw,business
Gordon Biersch Brewery Restaurant,Las Vegas,185,"['Monday 11:0-0:0', 'Tuesday 11:0-0:0', 'Wednesday 11:0-0:0', 'Thursday 11:0-0:0', 'Friday 11:0-1:0', 'Saturday 11:0-1:0', 'Sunday 11:0-23:0']",Westside,"['Breweries', 'Restaurants', 'Food', 'American (New)']",36.1645604,3.5,"['Alcohol: full_bar', ""Ambience: {'romantic': False, 'intimate': False, 'classy': False, 'hipster': False, 'divey': False, 'touristy': False, 'trendy': False, 'upscale': False, 'casual': True}"", 'BikeParking: True', 'BusinessAcceptsCreditCards: True', ""BusinessParking: {'garage': False, 'street': False, 'validated': False, 'lot': True, 'valet': False}"", 'Caters: False', 'GoodForKids: True', ""GoodForMeal: {'dessert': False, 'latenight': False, 'lunch': False, 'dinner': True, 'breakfast': False, 'brunch': False}"", 'HasTV: True', 'NoiseLevel: average', 'OutdoorSeating: True', 'RestaurantsAttire: casual', 'RestaurantsDelivery: False', 'RestaurantsGoodForGroups: True', 'RestaurantsPriceRange2: 2', 'RestaurantsReservations: True', 'RestaurantsTableService: True', 'RestaurantsTakeOut: True', 'WheelchairAccessible: True', 'WiFi: no']",-115.2893048,"750 S Rampart Blvd, Ste 16",89145,NV,0,iPM85PQMs7QoAxw-Og9ChQ,business
Taco Bell,Charlotte,23,"['Monday 6:30-3:0', 'Tuesday 6:30-3:0', 'Wednesday 6:30-3:0', 'Thursday 6:30-3:0', 'Friday 6:30-4:0', 'Saturday 7:0-4:0', 'Sunday 7:0-3:0']",University City,"['Mexican', 'Fast Food', 'Restaurants', 'Tex-Mex']",35.31006,3.0,"['Alcohol: none', ""Ambience: {'romantic': False, 'intimate': False, 'classy': False, 'hipster': False, 'divey': False, 'touristy': False, 'trendy': False, 'upscale': False, 'casual': False}"", 'BikeParking: True', 'BusinessAcceptsCreditCards: True', ""BusinessParking: {'garage': False, 'street': False, 'validated': False, 'lot': False, 'valet': False}"", 'DriveThru: True', 'GoodForKids: True', ""GoodForMeal: {'dessert': False, 'latenight': True, 'lunch': False, 'dinner': False, 'breakfast': False, 'brunch': False}"", 'HasTV: True', 'NoiseLevel: average', 'OutdoorSeating: True', 'RestaurantsAttire: casual', 'RestaurantsDelivery: False', 'RestaurantsGoodForGroups: True', 'RestaurantsPriceRange2: 1', 'RestaurantsReservations: False', 'RestaurantsTableService: False', 'RestaurantsTakeOut: True', 'WheelchairAccessible: True']",-80.75372,8661 J.W. Clay Blvd,28262,NC,1,ki5qgWUCuTpb9si0eJL1fQ,business
Miss Edgar's Muddy Water Tavern,Beeton,3,,,"['Diners', 'Restaurants']",44.0787233,4.0,"['Alcohol: full_bar', 'BikeParking: True', 'BusinessAcceptsCreditCards: True', 'GoodForKids: True', ""GoodForMeal: {'dessert': False, 'latenight': False, 'lunch': False, 'dinner': False, 'breakfast': False, 'brunch': False}"", 'NoiseLevel: average', 'OutdoorSeating: True', 'RestaurantsAttire: casual', 'RestaurantsDelivery: False', 'RestaurantsGoodForGroups: False', 'RestaurantsPriceRange2: 2', 'RestaurantsReservations: True', 'RestaurantsTakeOut: True']",-79.7855579,25 Main Street W,L0G 1A0,ON,1,4uRkdWFzH2S0yvapx7d4fw,business
Tokyo Lobby Sushi and Grill,Glendale,272,"['Monday 11:0-14:30', 'Tuesday 11:0-14:30', 'Tuesday 17:0-21:30', 'Wednesday 11:0-14:30', 'Wednesday 17:0-21:30', 'Thursday 11:0-14:30', 'Thursday 17:0-21:30', 'Friday 11:0-22:30', 'Saturday 11:0-22:30', 'Sunday 12:0-21:0']",,"['Restaurants', 'Sushi Bars', 'Japanese']",33.6384067,4.0,"['Alcohol: beer_and_wine', ""Ambience: {'romantic': False, 'intimate': False, 'classy': False, 'hipster': False, 'divey': False, 'touristy': False, 'trendy': False, 'upscale': False, 'casual': True}"", 'BikeParking: True', 'BusinessAcceptsCreditCards: True', ""BusinessParking: {'garage': False, 'street': False, 'validated': False, 'lot': True, 'valet': False}"", 'Caters: False', 'GoodForKids: True', ""GoodForMeal: {'dessert': False, 'latenight': False, 'lunch': True, 'dinner': True, 'breakfast': False, 'brunch': False}"", 'HasTV: True', 'NoiseLevel: average', 'OutdoorSeating: True', 'RestaurantsAttire: casual', 'RestaurantsDelivery: False', 'RestaurantsGoodForGroups: True', 'RestaurantsPriceRange2: 2', 'RestaurantsReservations: True', 'RestaurantsTableService: True', 'RestaurantsTakeOut: True', 'WheelchairAccessible: True', 'WiFi: no']",-112.1837949,"5795 W Bell Rd, Ste 1",85308,AZ,1,gA9hCYY7MYl9oZ3aym5dvw,business
Racines,Montréal,8,"['Tuesday 11:30-14:30', 'Tuesday 17:30-23:0', 'Wednesday 11:30-14:30', 'Wednesday 17:30-23:0', 'Thursday 11:30-14:30', 'Thursday 17:30-23:0', 'Friday 11:30-14:30', 'Friday 17:30-23:0', 'Saturday 17:30-23:0']",Ville-Marie,"['Restaurants', 'French']",45.5003021,4.0,"['Alcohol: full_bar', ""Ambience: {'romantic': False, 'intimate': False, 'classy': False, 'hipster': False, 'touristy': False, 'trendy': False, 'upscale': False, 'casual': False}"", 'BusinessAcceptsCreditCards: True', ""BusinessParking: {'garage': False, 'street': False, 'validated': False, 'lot': False, 'valet': False}"", 'Caters: False', 'GoodForKids: False', 'HasTV: False', 'NoiseLevel: average', 'RestaurantsAttire: casual', 'RestaurantsDelivery: False', 'RestaurantsGoodForGroups: False', 'RestaurantsPriceRange2: 3', 'RestaurantsReservations: True', 'RestaurantsTableService: True', 'RestaurantsTakeOut: False']",-73.5583999,444 Rue Mcgill,H2Y 2G1,QC,0,yKAyrYfjBCgBjK82SFY5-g,business
Sakura Garden,Toronto,31,"['Monday 11:0-22:0', 'Tuesday 11:0-22:0', 'Wednesday 11:0-22:0', 'Thursday 11:0-22:0', 'Friday 11:0-22:30', 'Saturday 11:0-22:30', 'Sunday 12:0-22:0']",,"['Japanese', 'Chinese', 'Restaurants', 'Asian Fusion']",43.7334793,3.5,"['Alcohol: full_bar', 'BikeParking: True', 'BusinessAcceptsCreditCards: True', ""BusinessParking: {'garage': False, 'street': True, 'validated': False, 'lot': False, 'valet': False}"", 'GoodForKids: True', 'HasTV: False', 'NoiseLevel: quiet', 'OutdoorSeating: True', 'RestaurantsAttire: casual', 'RestaurantsDelivery: True', 'RestaurantsGoodForGroups: True', 'RestaurantsPriceRange2: 2', 'RestaurantsReservations: True', 'RestaurantsTableService: True', 'RestaurantsTakeOut: True', 'WiFi: no', ""Ambience: {'romantic': False, 'intimate': False, 'classy': True, 'hipster': False, 'touristy': False, 'trendy': False, 'upscale': False, 'casual': True}"", ""GoodForMeal: {'dessert': False, 'latenight': False, 'lunch': True, 'dinner': True, 'breakfast': False, 'brunch': False}""]",-79.4195541,1921 Avenue Road,M5M 4A2,ON,1,Q8-4uLtLJeXHJZZsr2Zexw,business
Hero Certified Burgers - Mt. Pleasant,Toronto,11,"['Monday 11:0-23:0', 'Tuesday 11:0-23:0', 'Wednesday 11:0-23:0', 'Thursday 11:0-23:0', 'Friday 11:0-23:0', 'Saturday 11:0-23:0', 'Sunday 11:0-23:0']",Mount Pleasant and Davisville,"['Burgers', 'Restaurants']",43.7086756,2.0,"['Alcohol: none', ""Ambience: {'romantic': False, 'intimate': False, 'classy': False, 'hipster': False, 'touristy': False, 'trendy': False, 'upscale': False, 'casual': False}"", 'BikeParking: False', 'BusinessAcceptsCreditCards: True', ""BusinessParking: {'garage': False, 'street': False, 'validated': False, 'lot': False, 'valet': False}"", 'Caters: True', 'DriveThru: False', 'GoodForKids: True', ""GoodForMeal: {'dessert': False, 'latenight': False, 'lunch': False, 'dinner': False, 'breakfast': False, 'brunch': False}"", 'HasTV: True', 'NoiseLevel: average', 'OutdoorSeating: False', 'RestaurantsAttire: casual', 'RestaurantsDelivery: False', 'RestaurantsGoodForGroups: True', 'RestaurantsPriceRange2: 2', 'RestaurantsReservations: False', 'RestaurantsTableService: False', 'RestaurantsTakeOut: True', 'WiFi: free']",-79.3904496,796-798 Mt. Pleasant Rd.,M4P 2L5,ON,0,L92FWHOSZVuk8wjTloCigQ,business
Quark's Bar & Restaurant,Las Vegas,42,,Eastside,"['Restaurants', 'American (New)']",36.1371122,4.0,"['Alcohol: full_bar', 'BYOB: False', 'BYOBCorkage: no', 'BusinessAcceptsCreditCards: True', ""BusinessParking: {'garage': False, 'street': False, 'validated': False, 'lot': True, 'valet': False}"", 'GoodForKids: True', ""GoodForMeal: {'dessert': False, 'latenight': False, 'lunch': False, 'dinner': True, 'breakfast': False, 'brunch': False}"", 'OutdoorSeating: False', 'RestaurantsAttire: casual', 'RestaurantsDelivery: False', 'RestaurantsGoodForGroups: True', 'RestaurantsPriceRange2: 2', 'RestaurantsReservations: True', 'RestaurantsTableService: True', 'RestaurantsTakeOut: False', 'WheelchairAccessible: True']",-115.1529193,"Star Trek The Experience, 3000 Paradise Rd",89109,NV,0,9QtHDX71JnaQbmzWWVbi-A,business
Arby's,Phoenix,3,,,"['Fast Food', 'Sandwiches', 'Restaurants']",33.3773552,2.5,"['BusinessAcceptsCreditCards: True', 'GoodForKids: True', 'RestaurantsDelivery: False', 'RestaurantsGoodForGroups: True', 'RestaurantsReservations: False']",-112.0708618,119 E Baseline Rd,85042,AZ,1,0XMOCF8omuTYfhkNRz1xMw,business
Guu Izakaya Toronto,Toronto,28,"['Monday 17:30-23:30', 'Tuesday 17:30-23:30', 'Wednesday 17:30-23:30', 'Thursday 17:30-23:30', 'Friday 17:30-0:30', 'Saturday 17:30-0:30', 'Sunday 17:30-23:30']",Parkdale,"['Restaurants', 'Japanese', 'Tapas Bars', 'Izakaya']",43.6418673011,4.0,"['Alcohol: full_bar', ""Ambience: {'romantic': False, 'intimate': False, 'classy': False, 'hipster': False, 'touristy': False, 'trendy': True, 'upscale': False, 'casual': False}"", 'BikeParking: False', ""BusinessParking: {'garage': False, 'street': True, 'validated': False, 'lot': False, 'valet': False}"", 'Caters: False', 'DogsAllowed: False', 'HasTV: False', 'NoiseLevel: loud', 'OutdoorSeating: False', 'RestaurantsAttire: casual', 'RestaurantsDelivery: False', 'RestaurantsGoodForGroups: True', 'RestaurantsPriceRange2: 2', 'RestaurantsReservations: True', 'RestaurantsTableService: True', 'RestaurantsTakeOut: True', 'WheelchairAccessible: False', 'WiFi: no', ""GoodForMeal: {'dessert': False, 'latenight': False, 'lunch': False, 'dinner': True, 'breakfast': False, 'brunch': False}"", 'GoodForKids: False']",-79.4310904075,1314 Queen Street W,M6K 1L4,ON,1,L82O1ZFFQfjJxF0_PYWPnA,business
Christy Candy Shop,Las Vegas,4,,Eastside,"['Candy Stores', 'Ice Cream & Frozen Yogurt', 'Restaurants', 'Mexican', 'Specialty Food', 'Food']",36.124902,3.0,"['BikeParking: True', 'BusinessAcceptsCreditCards: True', 'RestaurantsPriceRange2: 3', 'RestaurantsTakeOut: False', 'WiFi: no', ""BusinessParking: {'garage': False, 'street': False, 'validated': False, 'lot': False, 'valet': False}""]",-115.13471,"The Boulevard Mall, 3542 S Maryland Pkwy",89169,NV,1,RGmBfqdFb0giLPG-SZbQUQ,business
Kamasutra Indian Restaurant & Wine Bar,Toronto,75,"['Monday 11:30-22:0', 'Tuesday 11:30-22:0', 'Wednesday 11:30-22:0', 'Thursday 11:30-22:0', 'Friday 11:30-22:0', 'Saturday 12:0-22:0', 'Sunday 12:0-22:0']",Mount Pleasant and Davisville,"['Asian Fusion', 'Restaurants', 'Nightlife', 'Bars', 'Wine Bars', 'Caterers', 'Event Planning & Services', 'Indian']",43.7041886,3.5,"['Alcohol: full_bar', ""Ambience: {'romantic': True, 'intimate': False, 'classy': False, 'hipster': False, 'touristy': False, 'trendy': False, 'upscale': False, 'casual': False}"", 'BikeParking: True', 'BusinessAcceptsCreditCards: True', ""BusinessParking: {'garage': False, 'street': True, 'validated': False, 'lot': False, 'valet': False}"", 'Caters: True', 'DogsAllowed: False', 'GoodForKids: True', ""GoodForMeal: {'dessert': False, 'latenight': False, 'lunch': False, 'dinner': True, 'breakfast': False, 'brunch': False}"", 'HasTV: False', 'NoiseLevel: quiet', 'OutdoorSeating: True', 'RestaurantsAttire: casual', 'RestaurantsDelivery: True', 'RestaurantsGoodForGroups: True', 'RestaurantsPriceRange2: 2', 'RestaurantsReservations: True', 'RestaurantsTableService: True', 'RestaurantsTakeOut: True', 'WheelchairAccessible: True', 'WiFi: free']",-79.3745783,1522 Bayview Avenue,M4G 3B4,ON,1,PxH02Eu2Z4MUycBLU80D8g,business
Moe's Southwest Grill,Mentor,15,"['Monday 11:0-21:0', 'Tuesday 11:0-21:0', 'Wednesday 11:0-21:0', 'Thursday 11:0-21:0', 'Friday 11:0-21:0', 'Saturday 11:0-21:0', 'Sunday 11:0-20:0']",,"['Restaurants', 'Tex-Mex', 'Mexican']",41.657592,3.5,"['Alcohol: none', ""Ambience: {'romantic': False, 'intimate': False, 'classy': False, 'hipster': False, 'divey': False, 'touristy': False, 'trendy': False, 'upscale': False, 'casual': False}"", 'BikeParking: False', 'BusinessAcceptsCreditCards: True', ""BusinessParking: {'garage': False, 'street': False, 'validated': False, 'lot': False, 'valet': False}"", 'GoodForKids: True', ""GoodForMeal: {'dessert': False, 'latenight': False, 'lunch': False, 'dinner': False, 'breakfast': False, 'brunch': False}"", 'HasTV: True', 'NoiseLevel: average', 'OutdoorSeating: False', 'RestaurantsAttire: casual', 'RestaurantsDelivery: True', 'RestaurantsPriceRange2: 1', 'RestaurantsReservations: False', 'RestaurantsTableService: False', 'RestaurantsTakeOut: True', 'WiFi: no']",-81.370311,7585-7601 Mentor Ave,44060,OH,1,5VMqROXPjHCKdlPnm0xyvQ,business
Domino's Pizza,Las Vegas,42,"['Monday 9:0-2:0', 'Tuesday 9:0-2:0', 'Wednesday 9:0-2:0', 'Thursday 9:0-2:0', 'Friday 9:0-2:0', 'Saturday 9:0-2:0', 'Sunday 9:0-2:0']",Southeast,"['Chicken Wings', 'Sandwiches', 'Pizza', 'Restaurants']",36.0999219,2.0,"['Alcohol: none', ""Ambience: {'romantic': False, 'intimate': False, 'classy': False, 'hipster': False, 'divey': False, 'touristy': False, 'trendy': False, 'upscale': False, 'casual': False}"", 'BikeParking: False', 'BusinessAcceptsCreditCards: True', ""BusinessParking: {'garage': False, 'street': False, 'validated': False, 'lot': False, 'valet': False}"", 'Caters: True', 'GoodForKids: True', ""GoodForMeal: {'dessert': False, 'latenight': False, 'lunch': False, 'dinner': False, 'breakfast': False, 'brunch': False}"", 'HasTV: False', 'NoiseLevel: quiet', 'OutdoorSeating: False', 'RestaurantsAttire: casual', 'RestaurantsDelivery: True', 'RestaurantsGoodForGroups: False', 'RestaurantsPriceRange2: 2', 'RestaurantsReservations: False', 'RestaurantsTableService: False', 'RestaurantsTakeOut: True', 'WheelchairAccessible: False', 'WiFi: no']",-115.1364184,4966 S Maryland Pkwy,89119,NV,1,6fKmO2gzGQhzM791H6b4mQ,business
Crazy Falafel,Montréal,5,,Ville-Marie,"['Ethnic Food', 'Falafel', 'Restaurants', 'Imported Food', 'Mediterranean', 'Specialty Food', 'Food']",45.5045428,4.0,"['BusinessAcceptsCreditCards: True', ""BusinessParking: {'garage': False, 'street': False, 'validated': False, 'lot': False, 'valet': False}"", 'HasTV: True', 'OutdoorSeating: False', 'RestaurantsAttire: casual', 'RestaurantsGoodForGroups: False', 'RestaurantsPriceRange2: 1', 'RestaurantsReservations: True', 'RestaurantsTableService: False', 'RestaurantsTakeOut: True', 'WiFi: no']",-73.5685214,521 Rue Sainte-Catherine W,H3B 1A6,QC,1,Ypz5QeJZru5DdOAt4Pqj6Q,business
Thai Express,Mississauga,3,"['Monday 10:30-21:0', 'Tuesday 10:30-21:0', 'Wednesday 10:30-21:0', 'Thursday 10:30-21:0', 'Friday 10:30-21:0', 'Saturday 10:30-21:0', 'Sunday 11:0-20:0']",,"['Thai', 'Restaurants']",43.580404376,4.0,"['BusinessAcceptsCreditCards: True', ""BusinessParking: {'garage': False, 'street': False, 'validated': False, 'lot': False, 'valet': False}"", 'GoodForKids: True', ""GoodForMeal: {'dessert': False, 'latenight': False, 'lunch': False, 'dinner': False, 'breakfast': False, 'brunch': False}"", 'HasTV: True', 'NoiseLevel: average', 'RestaurantsAttire: casual', 'RestaurantsDelivery: False', 'RestaurantsGoodForGroups: True', 'RestaurantsPriceRange2: 1', 'RestaurantsTakeOut: True']",-79.7595143652,6590 Meadowvale Town Centre,L5N 4B7,ON,1,g_H_ylYgE74EIVSTv8aO6w,business
German Bread Bakery,Las Vegas,138,"['Monday 7:30-17:30', 'Tuesday 7:30-17:30', 'Wednesday 7:30-17:30', 'Thursday 7:30-17:30', 'Friday 7:30-17:30', 'Saturday 7:0-16:0', 'Sunday 10:0-14:0']",Summerlin,"['Bakeries', 'Restaurants', 'German', 'Food']",36.2016161,4.5,"['Alcohol: none', ""Ambience: {'romantic': False, 'intimate': False, 'classy': False, 'hipster': False, 'divey': False, 'touristy': False, 'trendy': False, 'upscale': False, 'casual': True}"", 'BikeParking: True', 'BusinessAcceptsCreditCards: True', ""BusinessParking: {'garage': False, 'street': False, 'validated': False, 'lot': True, 'valet': False}"", 'ByAppointmentOnly: False', 'Caters: True', 'GoodForKids: True', ""GoodForMeal: {'dessert': True, 'latenight': False, 'lunch': False, 'dinner': False, 'breakfast': True, 'brunch': False}"", 'HasTV: False', 'NoiseLevel: quiet', 'OutdoorSeating: False', 'RestaurantsAttire: casual', 'RestaurantsDelivery: False', 'RestaurantsGoodForGroups: False', 'RestaurantsPriceRange2: 1', 'RestaurantsReservations: False', 'RestaurantsTableService: False', 'RestaurantsTakeOut: True', 'WheelchairAccessible: True', 'WiFi: no']",-115.283462,2237 N Rampart Blvd,89134,NV,1,lF4pEu4_55SSFEo6Q58ftQ,business
Golden Vaughan,Vaughan,6,"['Monday 11:0-23:0', 'Tuesday 11:0-23:0', 'Wednesday 11:0-23:0', 'Thursday 11:0-23:0', 'Friday 11:0-0:0', 'Saturday 11:0-0:0', 'Sunday 15:0-23:0']",Pine Grove,"['Chinese', 'Seafood', 'Restaurants', 'Vietnamese']",43.8267007,3.5,"['Alcohol: beer_and_wine', ""Ambience: {'romantic': False, 'intimate': False, 'classy': False, 'hipster': False, 'touristy': False, 'trendy': False, 'upscale': False, 'casual': False}"", 'BusinessAcceptsCreditCards: True', ""BusinessParking: {'garage': False, 'street': False, 'validated': False, 'lot': True, 'valet': False}"", 'Caters: True', 'DogsAllowed: False', 'GoodForKids: True', ""GoodForMeal: {'dessert': False, 'latenight': False, 'lunch': False, 'dinner': False, 'breakfast': False, 'brunch': False}"", 'HasTV: True', 'OutdoorSeating: False', 'RestaurantsDelivery: True', 'RestaurantsGoodForGroups: True', 'RestaurantsPriceRange2: 3', 'RestaurantsReservations: True', 'RestaurantsTableService: True', 'RestaurantsTakeOut: True', 'WheelchairAccessible: True', 'WiFi: no']",-79.5569453,9200 Weston Road,L4H 2P8,ON,0,pOMZLGX5A0CGHKHzX2561g,business
McDonald's,Tempe,12,,,"['Burgers', 'Restaurants', 'Fast Food']",33.320405,2.0,"['Alcohol: none', ""Ambience: {'romantic': False, 'intimate': False, 'classy': False, 'hipster': False, 'divey': False, 'touristy': False, 'trendy': False, 'upscale': False, 'casual': False}"", 'BikeParking: True', 'BusinessAcceptsCreditCards: True', 'DriveThru: True', 'GoodForKids: True', ""GoodForMeal: {'dessert': False, 'latenight': False, 'lunch': False, 'dinner': False, 'breakfast': False, 'brunch': False}"", 'HasTV: False', 'OutdoorSeating: False', 'RestaurantsAttire: casual', 'RestaurantsDelivery: False', 'RestaurantsGoodForGroups: True', 'RestaurantsPriceRange2: 1', 'RestaurantsReservations: False', 'RestaurantsTakeOut: True', 'WiFi: free']",-111.9627001,9955 S Priest Dr,85284,AZ,1,ljD9NsZzpLAsX9yva7lqJw,business
McDonald's,Boulder City,41,"['Monday 5:0-0:0', 'Tuesday 5:0-0:0', 'Wednesday 5:0-0:0', 'Thursday 5:0-0:0', 'Friday 5:0-0:0', 'Saturday 5:0-0:0', 'Sunday 5:0-0:0']",,"['Burgers', 'Fast Food', 'Restaurants']",35.9716148,2.0,"['Alcohol: none', ""Ambience: {'romantic': False, 'intimate': False, 'classy': False, 'hipster': False, 'divey': False, 'touristy': False, 'trendy': False, 'upscale': False, 'casual': False}"", 'BikeParking: True', 'BusinessAcceptsCreditCards: True', ""BusinessParking: {'garage': False, 'street': False, 'validated': False, 'lot': False, 'valet': False}"", 'Caters: False', 'DriveThru: True', 'GoodForKids: True', 'NoiseLevel: loud', 'OutdoorSeating: False', 'RestaurantsAttire: casual', 'RestaurantsDelivery: False', 'RestaurantsGoodForGroups: True', 'RestaurantsPriceRange2: 1', 'RestaurantsReservations: False', 'RestaurantsTableService: False', 'RestaurantsTakeOut: True', 'WiFi: free', ""GoodForMeal: {'dessert': False, 'latenight': False, 'lunch': True, 'dinner': False, 'breakfast': True, 'brunch': False}"", 'HasTV: False']",-114.8491471,1237 Nevada Hwy,89005,NV,1,BZF2OHvrkW5tWgRXvmTGdg,business
Subway,Boulder City,11,,,"['Sandwiches', 'Fast Food', 'Restaurants']",35.9694143,2.5,"['Alcohol: none', ""Ambience: {'romantic': False, 'intimate': False, 'classy': False, 'hipster': False, 'divey': False, 'touristy': False, 'trendy': False, 'upscale': False, 'casual': True}"", 'BikeParking: True', 'BusinessAcceptsCreditCards: True', ""BusinessParking: {'garage': False, 'street': False, 'validated': False, 'lot': False, 'valet': False}"", 'Caters: True', 'DriveThru: True', 'GoodForKids: True', ""GoodForMeal: {'dessert': False, 'latenight': False, 'lunch': False, 'dinner': False, 'breakfast': False, 'brunch': False}"", 'HasTV: False', 'NoiseLevel: quiet', 'OutdoorSeating: False', 'RestaurantsAttire: casual', 'RestaurantsDelivery: False', 'RestaurantsGoodForGroups: True', 'RestaurantsPriceRange2: 1', 'RestaurantsReservations: False', 'RestaurantsTableService: False', 'RestaurantsTakeOut: True', 'WiFi: paid']",-114.857238,1620 Nevada Hwy,89005,NV,1,qGXlDvYxojI2dL4c__Byog,business
I Went To Philly,Toronto,23,"['Monday 11:0-22:0', 'Tuesday 11:0-22:0', 'Wednesday 11:0-22:0', 'Thursday 11:0-0:0', 'Friday 11:0-1:0', 'Saturday 11:0-1:0', 'Sunday 11:0-22:0']",,"['Restaurants', 'Cheesesteaks', 'Food', 'Desserts', 'Hot Dogs', 'American (Traditional)', 'Burgers']",43.6996716018,3.0,"['Alcohol: full_bar', ""Ambience: {'romantic': False, 'intimate': False, 'classy': False, 'hipster': False, 'touristy': False, 'trendy': False, 'upscale': False, 'casual': True}"", 'BikeParking: True', 'BusinessAcceptsCreditCards: True', ""BusinessParking: {'garage': False, 'street': True, 'validated': False, 'lot': True, 'valet': False}"", 'Caters: True', 'DogsAllowed: False', 'GoodForKids: True', ""GoodForMeal: {'dessert': False, 'latenight': True, 'lunch': False, 'dinner': False, 'breakfast': False, 'brunch': False}"", 'HasTV: True', 'NoiseLevel: average', 'OutdoorSeating: True', 'RestaurantsAttire: casual', 'RestaurantsDelivery: True', 'RestaurantsGoodForGroups: True', 'RestaurantsPriceRange2: 2', 'RestaurantsReservations: True', 'RestaurantsTableService: True', 'RestaurantsTakeOut: True', 'WheelchairAccessible: True', 'WiFi: free']",-79.4311594677,997 Eglinton Avenue W,M6C 2C7,ON,1,E_cMkVDGE4jpL_ixIxJXUw,business
Sunshine's Motor City Cafe,Tempe,5,,,"['American (New)', 'Restaurants']",33.351358,4.5,"['Alcohol: none', ""Ambience: {'romantic': False, 'intimate': False, 'classy': False, 'hipster': False, 'divey': False, 'touristy': False, 'trendy': False, 'upscale': False, 'casual': False}"", 'BusinessAcceptsCreditCards: True', ""BusinessParking: {'garage': False, 'street': False, 'validated': False, 'lot': False, 'valet': False}"", 'Caters: True', 'GoodForKids: True', ""GoodForMeal: {'dessert': False, 'latenight': False, 'lunch': True, 'dinner': False, 'breakfast': False, 'brunch': False}"", 'HasTV: False', 'NoiseLevel: quiet', 'OutdoorSeating: True', 'RestaurantsAttire: casual', 'RestaurantsDelivery: True', 'RestaurantsGoodForGroups: True', 'RestaurantsPriceRange2: 1', 'RestaurantsReservations: True', 'RestaurantsTakeOut: True']",-111.965949,"7425 S Harl Ave, Ste 2",85283,AZ,0,UhSMiTT66glIIoiL9UI-fA,business
Cariba Charlie's,Las Vegas,5,"['Monday 6:0-6:0', 'Tuesday 6:0-6:0', 'Wednesday 6:0-6:0', 'Thursday 6:0-6:0', 'Friday 6:0-6:0', 'Saturday 6:0-6:0', 'Sunday 6:0-6:0']",Spring Valley,"['Nightlife', 'American (Traditional)', 'Restaurants']",36.100871945,3.5,"['Alcohol: full_bar', ""Ambience: {'romantic': False, 'intimate': False, 'classy': False, 'hipster': False, 'divey': False, 'touristy': False, 'trendy': False, 'upscale': False, 'casual': False}"", 'BusinessAcceptsCreditCards: True', ""BusinessParking: {'garage': False, 'street': False, 'validated': False, 'lot': True, 'valet': False}"", 'GoodForKids: False', 'HasTV: True', 'OutdoorSeating: False', 'RestaurantsAttire: casual', 'RestaurantsDelivery: False', 'RestaurantsGoodForGroups: True', 'RestaurantsPriceRange2: 1', 'RestaurantsReservations: False', 'WiFi: free']",-115.24453159,"4835 S Rainbow Blvd, Ste 303",89103,NV,1,vATbGMxLd9cZ3VY_GZAIJw,business
Buon Gusto Ristorante,Henderson,289,"['Monday 15:0-21:0', 'Tuesday 11:0-21:0', 'Wednesday 11:0-21:0', 'Thursday 11:0-21:0', 'Friday 11:0-21:30', 'Saturday 11:0-21:30', 'Sunday 11:0-19:0']",Anthem,"['Italian', 'Restaurants', 'Pizza', 'Diners', 'Gluten-Free']",36.0019645,4.0,"['Alcohol: beer_and_wine', ""Ambience: {'romantic': False, 'intimate': False, 'classy': False, 'hipster': False, 'divey': False, 'touristy': False, 'trendy': False, 'upscale': False, 'casual': True}"", 'BikeParking: True', 'BusinessAcceptsCreditCards: True', ""BusinessParking: {'garage': False, 'street': False, 'validated': False, 'lot': True, 'valet': False}"", 'Caters: True', 'GoodForKids: True', ""GoodForMeal: {'dessert': False, 'latenight': False, 'lunch': False, 'dinner': True, 'breakfast': False, 'brunch': False}"", 'HasTV: True', 'NoiseLevel: average', 'OutdoorSeating: False', 'RestaurantsAttire: casual', 'RestaurantsDelivery: True', 'RestaurantsGoodForGroups: False', 'RestaurantsPriceRange2: 2', 'RestaurantsReservations: True', 'RestaurantsTableService: True', 'RestaurantsTakeOut: True', 'WheelchairAccessible: True', 'WiFi: no', ""DietaryRestrictions: {'dairy-free': False, 'gluten-free': True, 'vegan': True, 'kosher': False, 'halal': False, 'soy-free': False, 'vegetarian': True}""]",-115.1031259,"2642 W Horizon Ridge Pkwy, Ste A2",89052,NV,1,6PQve0oFCLPSh4wnIzvJtg,business
Metro Square Cafe Restaurant,Markham,41,,Scarborough,"['Restaurants', 'Cafes']",43.8184356689,3.5,"['Alcohol: none', ""Ambience: {'romantic': False, 'intimate': False, 'classy': False, 'hipster': False, 'touristy': False, 'trendy': False, 'upscale': False, 'casual': False}"", 'BikeParking: True', 'BusinessAcceptsCreditCards: False', 'Caters: True', 'GoodForKids: True', ""GoodForMeal: {'dessert': False, 'latenight': False, 'lunch': False, 'dinner': False, 'breakfast': False, 'brunch': True}"", 'HasTV: True', 'NoiseLevel: average', 'OutdoorSeating: False', 'RestaurantsAttire: casual', 'RestaurantsDelivery: False', 'RestaurantsGoodForGroups: True', 'RestaurantsPriceRange2: 1', 'RestaurantsReservations: False', 'RestaurantsTableService: True', 'RestaurantsTakeOut: True', 'WiFi: no', ""BusinessParking: {'garage': True, 'street': False, 'validated': False, 'lot': False, 'valet': False}""]",-79.3309707642,3636 Steeles E Avenue,L3R 1K9,ON,1,I1pLg_ZjLMcie3g58I_GZA,business
Parkway Family Restaurant,Madison,30,"['Monday 4:30-21:0', 'Tuesday 4:30-21:0', 'Wednesday 4:30-21:0', 'Thursday 4:30-21:0', 'Friday 4:30-22:0', 'Saturday 4:30-21:0', 'Sunday 5:30-21:0']",Burr Oaks,"['American (New)', 'Comfort Food', 'Restaurants', 'Breakfast & Brunch']",43.0363518,4.0,"['Alcohol: none', ""Ambience: {'romantic': False, 'intimate': False, 'classy': False, 'hipster': False, 'divey': False, 'touristy': False, 'trendy': False, 'upscale': False, 'casual': False}"", 'BikeParking: True', 'BusinessAcceptsCreditCards: True', ""BusinessParking: {'garage': False, 'street': False, 'validated': False, 'lot': True, 'valet': False}"", 'Caters: False', 'GoodForKids: True', ""GoodForMeal: {'dessert': False, 'latenight': False, 'lunch': False, 'dinner': False, 'breakfast': True, 'brunch': False}"", 'HasTV: True', 'NoiseLevel: average', 'OutdoorSeating: False', 'RestaurantsAttire: casual', 'RestaurantsDelivery: False', 'RestaurantsGoodForGroups: True', 'RestaurantsPriceRange2: 1', 'RestaurantsReservations: True', 'RestaurantsTableService: True', 'RestaurantsTakeOut: True', 'WheelchairAccessible: True', 'WiFi: free']",-89.4049488,1221 Ann St,53713,WI,1,qW3PBsThG4A3bXz4YnPvIw,business
Auntie Anne's,Las Vegas,8,,The Strip,"['Fast Food', 'Restaurants', 'Food', 'Pretzels']",36.0987307,4.0,"['Alcohol: none', 'BusinessAcceptsCreditCards: True', ""BusinessParking: {'garage': False, 'street': False, 'validated': False, 'lot': False, 'valet': False}"", 'DriveThru: False', 'GoodForKids: True', 'RestaurantsAttire: casual', 'RestaurantsDelivery: False', 'RestaurantsGoodForGroups: True', 'RestaurantsPriceRange2: 1', 'RestaurantsReservations: False', 'RestaurantsTakeOut: True']",-115.175777,3850 Las Vegas Blvd S,89109,NV,1,bTv4SViSYM5aux1HUN1LEA,business
Maggiano's Little Italy,Las Vegas,1068,"['Monday 11:0-23:0', 'Tuesday 11:0-23:0', 'Wednesday 11:0-23:0', 'Thursday 11:0-23:0', 'Friday 11:0-23:0', 'Saturday 11:0-23:0', 'Sunday 11:0-23:0']",The Strip,"['Bars', 'Restaurants', 'Nightlife', 'Italian']",36.1276070473,4.0,"['Alcohol: full_bar', ""Ambience: {'romantic': False, 'intimate': False, 'classy': False, 'hipster': False, 'divey': False, 'touristy': False, 'trendy': False, 'upscale': False, 'casual': True}"", 'BYOB: False', 'BYOBCorkage: no', 'BikeParking: False', 'BusinessAcceptsCreditCards: True', ""BusinessParking: {'garage': True, 'street': False, 'validated': False, 'lot': False, 'valet': False}"", 'Caters: True', 'CoatCheck: False', 'GoodForDancing: False', 'GoodForKids: True', 'HappyHour: True', 'HasTV: True', ""Music: {'dj': False, 'background_music': False, 'no_music': False, 'karaoke': False, 'live': False, 'video': False, 'jukebox': False}"", 'NoiseLevel: average', 'OutdoorSeating: True', 'RestaurantsAttire: casual', 'RestaurantsDelivery: True', 'RestaurantsGoodForGroups: True', 'RestaurantsPriceRange2: 2', 'RestaurantsReservations: True', 'RestaurantsTableService: True', 'RestaurantsTakeOut: True', 'Smoking: outdoor', 'WheelchairAccessible: False', 'WiFi: free', ""GoodForMeal: {'dessert': False, 'latenight': False, 'lunch': True, 'dinner': True, 'breakfast': False, 'brunch': False}"", ""BestNights: {'monday': False, 'tuesday': False, 'friday': True, 'wednesday': False, 'thursday': False, 'sunday': True, 'saturday': True}""]",-115.168533551,3200 Las Vegas Blvd S,89109,NV,1,LFs5jyYdXlzi0SpAYi1eSA,business
Original Chicken Tender,Las Vegas,14,"['Monday 10:0-12:0', 'Tuesday 10:0-12:0', 'Wednesday 10:0-12:0', 'Thursday 10:0-12:0', 'Friday 10:0-12:0', 'Saturday 10:0-12:0', 'Sunday 10:0-12:0']",The Strip,"['Chicken Wings', 'Restaurants']",36.1022916596,3.5,"['Alcohol: beer_and_wine', ""Ambience: {'romantic': False, 'intimate': False, 'classy': False, 'hipster': False, 'divey': False, 'touristy': False, 'trendy': False, 'upscale': False, 'casual': True}"", 'BikeParking: False', 'BusinessAcceptsCreditCards: True', ""BusinessParking: {'garage': False, 'street': False, 'validated': False, 'lot': False, 'valet': False}"", 'Caters: False', 'GoodForKids: True', ""GoodForMeal: {'dessert': False, 'latenight': False, 'lunch': True, 'dinner': False, 'breakfast': False, 'brunch': False}"", 'HasTV: False', 'NoiseLevel: average', 'OutdoorSeating: False', 'RestaurantsAttire: casual', 'RestaurantsDelivery: False', 'RestaurantsGoodForGroups: True', 'RestaurantsPriceRange2: 1', 'RestaurantsReservations: False', 'RestaurantsTableService: False', 'RestaurantsTakeOut: True']",-115.169503056,"MGM Grand, 3799 Las Vegas Blvd",89109,NV,1,1tV2_4oHJTUB9ZFJfOgowA,business
Ah So,Las Vegas,7,,The Strip,"['Restaurants', 'Fast Food', 'Chinese']",36.1177182464,3.5,"['BusinessAcceptsCreditCards: True', 'DriveThru: False', 'GoodForKids: True', ""GoodForMeal: {'dessert': False, 'latenight': False, 'lunch': False, 'dinner': False, 'breakfast': False, 'brunch': False}"", 'HasTV: False', 'OutdoorSeating: False', 'RestaurantsAttire: casual', 'RestaurantsDelivery: False', 'RestaurantsGoodForGroups: True', 'RestaurantsPriceRange2: 2', 'RestaurantsReservations: False', 'RestaurantsTakeOut: True']",-115.175288916,3500 S Las Vegas Blvd,89109,NV,0,C2QQN6wmEBSCcohrMP7s5A,business
Kenzo Ramen,Toronto,198,"['Monday 11:0-22:0', 'Tuesday 11:0-22:0', 'Wednesday 11:0-22:0', 'Thursday 11:0-22:0', 'Friday 11:0-22:0', 'Saturday 11:0-22:0', 'Sunday 11:0-22:0']",Discovery District,"['Restaurants', 'Soup', 'Japanese', 'Ramen']",43.6556064,3.0,"['Alcohol: beer_and_wine', ""Ambience: {'romantic': False, 'intimate': False, 'classy': False, 'hipster': False, 'touristy': False, 'trendy': False, 'upscale': False, 'casual': True}"", 'BikeParking: True', 'BusinessAcceptsCreditCards: True', ""BusinessParking: {'garage': False, 'street': True, 'validated': False, 'lot': False, 'valet': False}"", 'Caters: False', 'GoodForKids: True', ""GoodForMeal: {'dessert': False, 'latenight': False, 'lunch': True, 'dinner': False, 'breakfast': False, 'brunch': False}"", 'HasTV: False', 'NoiseLevel: average', 'OutdoorSeating: False', 'RestaurantsAttire: casual', 'RestaurantsDelivery: False', 'RestaurantsGoodForGroups: False', 'RestaurantsPriceRange2: 2', 'RestaurantsReservations: False', 'RestaurantsTableService: True', 'RestaurantsTakeOut: True', 'WheelchairAccessible: True', 'WiFi: no']",-79.3850226,138 Dundas Street W,M5G 1C3,ON,1,2S9t90Q0qZWCV7X_u0rxZQ,business
McDonalds,Phoenix,5,,,"['Restaurants', 'Fast Food', 'Burgers']",33.4946774963,3.0,"[""GoodForMeal: {'dessert': False, 'latenight': False, 'lunch': False, 'dinner': False, 'breakfast': False, 'brunch': False}"", 'RestaurantsDelivery: False', 'RestaurantsGoodForGroups: True']",-112.237369911,8220 W Indian School Rd,85033,AZ,1,shKAREmZeftRe92aWJd4fQ,business
Papa John's Pizza,Phoenix,6,,,"['Pizza', 'Restaurants']",33.507622,3.5,"['BusinessAcceptsCreditCards: True', 'Caters: False', 'GoodForKids: True', 'NoiseLevel: average', 'RestaurantsDelivery: True', 'RestaurantsPriceRange2: 2', 'RestaurantsReservations: False', 'RestaurantsTableService: False', 'RestaurantsTakeOut: True', 'WheelchairAccessible: False']",-112.2382851,4850 N 83rd Ave,85033,AZ,1,wemlXDzXyS28HMJaVaxVhg,business
Vegas All Nite,Las Vegas,4,"['Monday 0:0-0:0', 'Tuesday 0:0-0:0', 'Wednesday 0:0-0:0', 'Thursday 0:0-0:0', 'Friday 0:0-0:0', 'Saturday 0:0-0:0', 'Sunday 0:0-0:0']",The Strip,"['Party Bus Rentals', 'Hotels & Travel', 'Venues & Event Spaces', 'Transportation', 'Limos', 'Party & Event Planning', 'Event Planning & Services', 'Restaurants', 'Tours', 'Diners', 'Nightlife', 'Travel Services', 'Hotels']",36.128561,5.0,"['BusinessAcceptsBitcoin: False', 'BusinessAcceptsCreditCards: True', ""BusinessParking: {'garage': False, 'street': False, 'validated': False, 'lot': False, 'valet': False}"", 'DogsAllowed: False']",-115.1711298,,89109,NV,1,QSwpHbPjDhWYKP8qlmlkXg,business
Orfus Wrap and Grill,North York,4,"['Monday 10:0-21:0', 'Tuesday 10:0-21:0', 'Wednesday 10:0-21:0', 'Thursday 10:0-21:0', 'Friday 10:0-21:0', 'Saturday 10:0-20:0', 'Sunday 10:0-19:0']",,"['American (Traditional)', 'Restaurants', 'Sandwiches']",43.7196806,3.5,"['RestaurantsGoodForGroups: False', 'RestaurantsTableService: False', 'WiFi: no']",-79.4571078,"3240 Dufferin Street, Unit 3",M6A 2T3,ON,1,Z7Un2EsVr8onM7NwnnCxRw,business
Lina's Mexican Restaurant,North Las Vegas,38,"['Monday 9:0-21:0', 'Tuesday 9:0-21:0', 'Wednesday 9:0-21:0', 'Thursday 9:0-21:0', 'Friday 9:0-21:0', 'Saturday 8:0-0:0', 'Sunday 8:0-21:0']",,"['Mexican', 'Restaurants']",36.2767706766,3.5,"['Alcohol: beer_and_wine', ""Ambience: {'romantic': False, 'intimate': False, 'classy': False, 'hipster': False, 'divey': False, 'touristy': False, 'trendy': False, 'upscale': False, 'casual': True}"", 'BikeParking: False', 'BusinessAcceptsCreditCards: True', ""BusinessParking: {'garage': False, 'street': False, 'validated': False, 'lot': True, 'valet': False}"", 'Caters: True', 'GoodForKids: True', ""GoodForMeal: {'dessert': False, 'latenight': False, 'lunch': False, 'dinner': True, 'breakfast': False, 'brunch': False}"", 'HasTV: True', 'NoiseLevel: average', 'OutdoorSeating: False', 'RestaurantsAttire: casual', 'RestaurantsDelivery: False', 'RestaurantsGoodForGroups: True', 'RestaurantsPriceRange2: 1', 'RestaurantsReservations: False', 'RestaurantsTableService: True', 'RestaurantsTakeOut: True', 'WiFi: no']",-115.114974221,"6412 Losee Rd, Ste 100",89086,NV,0,2qIZlW8YSLL8a7I6KkJdHQ,business
Mocha Joe's Coffee House,Stow,21,"['Monday 6:0-19:0', 'Tuesday 6:0-19:0', 'Wednesday 6:0-19:0', 'Thursday 6:0-19:0', 'Friday 6:0-19:0', 'Saturday 7:0-16:0', 'Sunday 7:0-16:0']",,"['Coffee & Tea', 'Restaurants', 'Food', 'Sandwiches']",41.1654526,4.0,"['Alcohol: none', ""Ambience: {'romantic': False, 'intimate': False, 'classy': False, 'hipster': False, 'divey': False, 'touristy': False, 'trendy': False, 'upscale': False, 'casual': False}"", 'BikeParking: True', 'BusinessAcceptsCreditCards: True', ""BusinessParking: {'garage': False, 'street': False, 'validated': False, 'lot': True, 'valet': False}"", 'GoodForKids: True', ""GoodForMeal: {'dessert': False, 'latenight': False, 'lunch': False, 'dinner': False, 'breakfast': True, 'brunch': False}"", 'HasTV: False', 'NoiseLevel: quiet', 'OutdoorSeating: True', 'RestaurantsAttire: casual', 'RestaurantsDelivery: False', 'RestaurantsGoodForGroups: True', 'RestaurantsPriceRange2: 1', 'RestaurantsReservations: False', 'RestaurantsTableService: False', 'RestaurantsTakeOut: True', 'WheelchairAccessible: True', 'WiFi: free']",-81.4392963,3707 Darrow Rd,44224,OH,0,UgdzJ6e-dr1aVtnjIdbzQw,business
Ichigo Ichie,Montréal,34,"['Monday 17:0-22:30', 'Tuesday 17:0-22:30', 'Wednesday 17:0-22:30', 'Thursday 17:0-23:30', 'Friday 17:0-1:0', 'Saturday 17:0-1:0', 'Sunday 17:0-22:30']",Plateau-Mont-Royal,"['Japanese', 'Bars', 'Restaurants', 'Pubs', 'Nightlife']",45.5212717,4.0,"['Alcohol: full_bar', ""Ambience: {'romantic': False, 'intimate': True, 'classy': False, 'hipster': False, 'touristy': False, 'trendy': False, 'upscale': False, 'casual': True}"", ""BestNights: {'monday': False, 'tuesday': False, 'friday': False, 'wednesday': True, 'thursday': False, 'sunday': False, 'saturday': False}"", 'BikeParking: False', 'BusinessAcceptsCreditCards: True', ""BusinessParking: {'garage': False, 'street': True, 'validated': False, 'lot': False, 'valet': False}"", 'Caters: True', 'CoatCheck: False', 'DogsAllowed: False', 'GoodForDancing: False', 'GoodForKids: False', ""GoodForMeal: {'dessert': False, 'latenight': False, 'lunch': False, 'dinner': True, 'breakfast': False, 'brunch': False}"", 'HappyHour: False', 'HasTV: False', ""Music: {'dj': False, 'background_music': False, 'no_music': False, 'karaoke': False, 'live': False, 'video': False, 'jukebox': False}"", 'NoiseLevel: loud', 'OutdoorSeating: False', 'RestaurantsAttire: casual', 'RestaurantsDelivery: False', 'RestaurantsGoodForGroups: True', 'RestaurantsPriceRange2: 2', 'RestaurantsReservations: True', 'RestaurantsTableService: True', 'RestaurantsTakeOut: True', 'WheelchairAccessible: False', 'WiFi: free']",-73.5784901,360 Rue Rachel Est,H2W 1E9,QC,1,CEsh0ScOKlL3mpvjypqszA,business
Mr. Greek Mediterranean Grill,Newmarket,7,,,"['Mediterranean', 'Greek', 'Restaurants']",44.0597151,3.0,"['BusinessAcceptsCreditCards: True', ""BusinessParking: {'garage': False, 'street': False, 'validated': False, 'lot': False, 'valet': False}"", 'GoodForKids: False', ""GoodForMeal: {'dessert': False, 'latenight': False, 'lunch': False, 'dinner': False, 'breakfast': False, 'brunch': False}"", 'RestaurantsAttire: casual', 'RestaurantsDelivery: True', 'RestaurantsPriceRange2: 2', 'RestaurantsReservations: True', 'RestaurantsTakeOut: True']",-79.4810739,17725 Yonge Street,L3Y 7C1,ON,1,gMgDoEoExMwZ-PyX9VVRQQ,business
La Higuerita Mexican Food,Phoenix,5,"['Monday 11:0-21:0', 'Tuesday 11:0-21:0', 'Wednesday 11:0-21:0', 'Thursday 11:0-21:0', 'Friday 11:0-21:0', 'Saturday 11:0-21:0', 'Sunday 11:0-20:0']",,"['Diners', 'Mexican', 'Restaurants', 'Breakfast & Brunch']",33.5519812,4.0,"['BikeParking: True', 'BusinessAcceptsCreditCards: True', 'GoodForKids: True', ""GoodForMeal: {'dessert': False, 'latenight': False, 'lunch': False, 'dinner': False, 'breakfast': False, 'brunch': False}"", 'OutdoorSeating: False', 'RestaurantsAttire: casual', 'RestaurantsDelivery: False', 'RestaurantsGoodForGroups: True', 'RestaurantsPriceRange2: 1', 'RestaurantsReservations: True', 'RestaurantsTableService: True', 'RestaurantsTakeOut: True', 'WheelchairAccessible: True', 'WiFi: free']",-112.1348276,3515 W Northern Ave,85051,AZ,1,ehz2CHwwd6dQgSKYQ7l6JQ,business
Nicky's Thai Kitchen,Verona,15,,,"['Thai', 'Restaurants']",40.5048975,4.5,"['Alcohol: none', ""Ambience: {'romantic': False, 'intimate': False, 'classy': False, 'hipster': False, 'divey': False, 'touristy': False, 'trendy': False, 'upscale': False, 'casual': True}"", 'BusinessAcceptsCreditCards: True', ""BusinessParking: {'garage': False, 'street': True, 'validated': False, 'lot': False, 'valet': False}"", 'GoodForKids: True', ""GoodForMeal: {'dessert': False, 'latenight': False, 'lunch': False, 'dinner': True, 'breakfast': False, 'brunch': False}"", 'HasTV: False', 'NoiseLevel: average', 'OutdoorSeating: True', 'RestaurantsAttire: casual', 'RestaurantsDelivery: False', 'RestaurantsGoodForGroups: True', 'RestaurantsPriceRange2: 2', 'RestaurantsReservations: True', 'RestaurantsTableService: True', 'RestaurantsTakeOut: True', 'WheelchairAccessible: True']",-79.8437018,321 South Ave,15147,PA,0,92KZBnzEki_70Dh_IB_Vkg,business
Lanterne,Longueuil,6,"['Monday 11:0-15:0', 'Monday 17:0-21:0', 'Tuesday 11:0-15:0', 'Tuesday 17:0-21:0', 'Wednesday 11:0-15:0', 'Wednesday 17:0-21:0', 'Thursday 11:0-15:0', 'Thursday 17:0-21:0', 'Friday 11:0-15:0', 'Friday 17:0-22:0', 'Saturday 17:0-22:0', 'Sunday 17:0-21:0']",Brossard,"['Restaurants', 'Vietnamese']",45.5387265,3.0,"['BikeParking: True', 'BusinessAcceptsCreditCards: True', 'GoodForKids: True', ""GoodForMeal: {'dessert': False, 'latenight': False, 'lunch': False, 'dinner': False, 'breakfast': False, 'brunch': False}"", 'HasTV: False', 'NoiseLevel: quiet', 'OutdoorSeating: True', 'RestaurantsAttire: casual', 'RestaurantsGoodForGroups: True', 'RestaurantsPriceRange2: 2', 'RestaurantsReservations: True', 'RestaurantsTakeOut: True']",-73.5098332,165 Rue St-Charles Ouest,J4H,QC,1,biaz9tkR-DoWGfT2Ip9i2A,business
Ô Deux Soeurs,Montréal,7,,Plateau-Mont-Royal,"['Vegetarian', 'Food Trucks', 'Food', 'Restaurants', 'Specialty Food', 'Health Markets']",45.5331991,3.0,"['Alcohol: beer_and_wine', ""Ambience: {'romantic': False, 'intimate': False, 'classy': False, 'hipster': False, 'touristy': False, 'trendy': False, 'upscale': False, 'casual': False}"", 'BikeParking: True', 'BusinessAcceptsCreditCards: True', ""BusinessParking: {'garage': False, 'street': False, 'validated': False, 'lot': False, 'valet': False}"", 'GoodForKids: True', ""GoodForMeal: {'dessert': False, 'latenight': False, 'lunch': False, 'dinner': False, 'breakfast': False, 'brunch': False}"", 'HasTV: False', 'NoiseLevel: average', 'OutdoorSeating: False', 'RestaurantsAttire: casual', 'RestaurantsDelivery: False', 'RestaurantsGoodForGroups: True', 'RestaurantsPriceRange2: 2', 'RestaurantsReservations: True', 'RestaurantsTableService: True', 'RestaurantsTakeOut: True', 'WiFi: free']",-73.5964983,780 Rosemont Blvd,H2S 1Z4,QC,1,EJfVxSKNFqlsTKFC-lpeRw,business
Best Wok,Champaign,21,"['Monday 10:30-21:0', 'Tuesday 10:30-21:0', 'Wednesday 10:30-21:0', 'Thursday 10:30-21:0', 'Friday 10:30-21:30', 'Saturday 10:30-21:30', 'Sunday 10:30-21:0']",,"['Restaurants', 'Chinese']",40.1378171,4.0,"['Alcohol: none', ""Ambience: {'romantic': False, 'intimate': False, 'classy': False, 'hipster': False, 'divey': False, 'touristy': False, 'trendy': False, 'upscale': False, 'casual': False}"", 'BikeParking: True', 'BusinessAcceptsCreditCards: True', ""BusinessParking: {'garage': False, 'street': False, 'validated': False, 'lot': False, 'valet': False}"", 'GoodForKids: True', ""GoodForMeal: {'dessert': False, 'latenight': False, 'lunch': True, 'dinner': False, 'breakfast': False, 'brunch': False}"", 'HasTV: False', 'NoiseLevel: quiet', 'OutdoorSeating: False', 'RestaurantsAttire: casual', 'RestaurantsDelivery: True', 'RestaurantsGoodForGroups: True', 'RestaurantsPriceRange2: 1', 'RestaurantsReservations: False', 'RestaurantsTableService: False', 'RestaurantsTakeOut: True', 'WiFi: free']",-88.260388,"907 W Marketview Dr, Ste 8",61822,IL,1,Bfh_ON-LQUcJerjcDF5KNA,business
Mar Y Tierra,Charlotte,16,,,"['Restaurants', 'Mexican']",35.190878,4.0,"['Alcohol: full_bar', ""Ambience: {'romantic': False, 'intimate': False, 'classy': False, 'hipster': False, 'divey': False, 'touristy': False, 'trendy': False, 'upscale': False, 'casual': True}"", 'BusinessAcceptsCreditCards: True', ""BusinessParking: {'garage': False, 'street': False, 'validated': False, 'lot': True, 'valet': False}"", 'Caters: True', 'GoodForKids: True', ""GoodForMeal: {'dessert': False, 'latenight': False, 'lunch': False, 'dinner': True, 'breakfast': False, 'brunch': False}"", 'HasTV: True', 'NoiseLevel: average', 'OutdoorSeating: False', 'RestaurantsAttire: casual', 'RestaurantsDelivery: False', 'RestaurantsGoodForGroups: True', 'RestaurantsPriceRange2: 1', 'RestaurantsReservations: True', 'RestaurantsTableService: True', 'RestaurantsTakeOut: True']",-80.929697,3000 Yorkmont Rd,28208,NC,0,jV5m3azDlev20jU8iS7oAg,business
Rachel's Kitchen,Las Vegas,16,"['Monday 8:0-15:0', 'Tuesday 8:0-15:0', 'Wednesday 8:0-15:0', 'Thursday 8:0-15:0', 'Friday 8:0-15:0']",Downtown,"['Restaurants', 'Juice Bars & Smoothies', 'American (New)', 'Food', 'Cafes', 'Sandwiches']",36.167252,4.5,"['Alcohol: none', ""Ambience: {'romantic': False, 'intimate': False, 'classy': False, 'hipster': False, 'divey': False, 'touristy': False, 'trendy': False, 'upscale': False, 'casual': True}"", 'BikeParking: True', 'BusinessAcceptsCreditCards: True', ""BusinessParking: {'garage': False, 'street': False, 'validated': False, 'lot': True, 'valet': False}"", 'Caters: True', 'GoodForKids: True', ""GoodForMeal: {'dessert': False, 'latenight': False, 'lunch': True, 'dinner': False, 'breakfast': True, 'brunch': True}"", 'HasTV: False', 'NoiseLevel: quiet', 'OutdoorSeating: True', 'RestaurantsAttire: casual', 'RestaurantsDelivery: True', 'RestaurantsGoodForGroups: True', 'RestaurantsPriceRange2: 2', 'RestaurantsReservations: False', 'RestaurantsTableService: False', 'RestaurantsTakeOut: True', 'WheelchairAccessible: True', 'WiFi: free']",-115.154643,888 W Bonneville Ave,89106,NV,1,oKATEDDmUGDDr-tIbDX5Pg,business
Lick's Homeburgers & Ice Cream,Toronto,17,,Downtown Core,"['Hot Dogs', 'Restaurants', 'Burgers']",43.6654057,3.5,"['Alcohol: none', 'BusinessAcceptsCreditCards: True', ""BusinessParking: {'garage': False, 'street': False, 'validated': False, 'lot': False, 'valet': False}"", 'DriveThru: False', 'GoodForKids: True', ""GoodForMeal: {'dessert': False, 'latenight': False, 'lunch': True, 'dinner': False, 'breakfast': False, 'brunch': False}"", 'HasTV: False', 'NoiseLevel: average', 'OutdoorSeating: True', 'RestaurantsAttire: casual', 'RestaurantsDelivery: False', 'RestaurantsGoodForGroups: True', 'RestaurantsPriceRange2: 2', 'RestaurantsReservations: False', 'RestaurantsTableService: False', 'RestaurantsTakeOut: True', 'WheelchairAccessible: True', 'WiFi: no']",-79.4033777,720 Spadina Avenue,M5S 2T9,ON,0,7i0h6EMWLMp2GHHrv8u2eQ,business
Bishop's Pizza III,North Versailles,5,,,"['Pizza', 'Restaurants']",40.37418,4.0,"['BikeParking: False', 'BusinessAcceptsCreditCards: False', 'GoodForKids: True', 'RestaurantsAttire: casual', 'RestaurantsDelivery: True', 'RestaurantsGoodForGroups: True', 'RestaurantsPriceRange2: 2', 'RestaurantsReservations: False', 'RestaurantsTakeOut: True', ""Ambience: {'romantic': False, 'intimate': False, 'classy': False, 'hipster': False, 'divey': False, 'touristy': False, 'trendy': False, 'upscale': False, 'casual': False}""]",-79.796442,1416 Lincoln Hwy,15137,PA,1,QID6lFz37QHS2ocwM9kOGA,business
Euro Shawarma,Toronto,3,,,"['Restaurants', 'Canadian (New)']",43.689905915,3.5,"['GoodForKids: True', 'RestaurantsDelivery: False', 'RestaurantsGoodForGroups: True', 'RestaurantsTakeOut: True', 'WiFi: no']",-79.4751559943,2623 Eglinton Avenue W,M6M 1T6,ON,1,XczlQNshayG-GCciSEYKvA,business
Nook Kitchen,Phoenix,346,"['Monday 16:0-22:0', 'Tuesday 16:0-22:0', 'Wednesday 16:0-22:0', 'Thursday 16:0-22:0', 'Friday 16:0-23:0', 'Saturday 16:0-23:0', 'Sunday 16:0-22:0']",,"['Italian', 'American (New)', 'Restaurants', 'Pizza']",33.4948896858,4.5,"['Alcohol: full_bar', ""Ambience: {'romantic': False, 'intimate': False, 'classy': False, 'hipster': False, 'divey': False, 'touristy': False, 'trendy': False, 'upscale': False, 'casual': True}"", 'BikeParking: True', 'BusinessAcceptsCreditCards: True', ""BusinessParking: {'garage': False, 'street': False, 'validated': False, 'lot': True, 'valet': False}"", 'Caters: False', 'GoodForKids: False', ""GoodForMeal: {'dessert': False, 'latenight': False, 'lunch': False, 'dinner': True, 'breakfast': False, 'brunch': False}"", 'HasTV: True', 'NoiseLevel: average', 'OutdoorSeating: False', 'RestaurantsAttire: casual', 'RestaurantsDelivery: False', 'RestaurantsGoodForGroups: True', 'RestaurantsPriceRange2: 2', 'RestaurantsReservations: True', 'RestaurantsTableService: True', 'RestaurantsTakeOut: True', 'WiFi: free']",-112.002978404,3623 E Indian School Rd,85018,AZ,1,hTsZSiftorNUFb1VaHCHHg,business
Schlotzsky's,Phoenix,28,"['Monday 7:0-21:0', 'Tuesday 7:0-21:0', 'Wednesday 7:0-21:0', 'Thursday 7:0-21:0', 'Friday 7:0-21:0', 'Saturday 7:0-21:0', 'Sunday 10:0-20:0']",,"['Sandwiches', 'Restaurants']",33.4798593,3.0,"['Alcohol: none', ""Ambience: {'romantic': False, 'intimate': False, 'classy': False, 'hipster': False, 'divey': False, 'touristy': False, 'trendy': False, 'upscale': False, 'casual': False}"", 'BYOB: False', 'BYOBCorkage: yes_free', 'BikeParking: True', 'BusinessAcceptsCreditCards: True', ""BusinessParking: {'garage': False, 'street': False, 'validated': False, 'lot': False, 'valet': False}"", 'Caters: True', 'Corkage: False', 'GoodForKids: True', ""GoodForMeal: {'dessert': False, 'latenight': False, 'lunch': True, 'dinner': False, 'breakfast': False, 'brunch': False}"", 'HasTV: True', 'NoiseLevel: average', 'OutdoorSeating: True', 'RestaurantsAttire: casual', 'RestaurantsDelivery: False', 'RestaurantsGoodForGroups: True', 'RestaurantsPriceRange2: 1', 'RestaurantsReservations: False', 'RestaurantsTableService: False', 'RestaurantsTakeOut: True', 'WheelchairAccessible: True', 'WiFi: free']",-111.9854952,4445 E Thomas Rd,85018,AZ,1,b5OTjiOjEg_UkmObTVnf2A,business
Cilantro Taco Grill,Las Vegas,3,,Downtown,"['Restaurants', 'Mexican']",36.1676142,1.5,"[""Ambience: {'romantic': False, 'intimate': False, 'classy': False, 'hipster': False, 'divey': False, 'touristy': False, 'trendy': False, 'upscale': False, 'casual': False}"", 'BusinessAcceptsCreditCards: True', 'GoodForKids: True', 'HasTV: False', 'RestaurantsAttire: casual', 'RestaurantsDelivery: False', 'RestaurantsGoodForGroups: False', 'RestaurantsPriceRange2: 2', 'RestaurantsReservations: False', 'RestaurantsTableService: False']",-115.1458883,321 S Casino Center Blvd,89101,NV,1,UN_48kF4j4jjHQXLbQhaZw,business
Burrito Gordito,Toronto,26,"['Monday 11:30-23:0', 'Tuesday 11:30-23:0', 'Wednesday 11:30-23:0', 'Thursday 11:30-23:0', 'Friday 11:30-4:0', 'Saturday 12:0-4:0', 'Sunday 12:0-22:0']",Entertainment District,"['Mexican', 'Food', 'Restaurants']",43.6480711541,4.0,"['Alcohol: none', ""Ambience: {'romantic': False, 'intimate': False, 'classy': False, 'hipster': False, 'touristy': False, 'trendy': False, 'upscale': False, 'casual': True}"", 'BikeParking: True', 'BusinessAcceptsCreditCards: True', ""BusinessParking: {'garage': False, 'street': False, 'validated': False, 'lot': False, 'valet': False}"", 'GoodForKids: True', ""GoodForMeal: {'dessert': False, 'latenight': True, 'lunch': False, 'dinner': False, 'breakfast': False, 'brunch': False}"", 'HasTV: False', 'NoiseLevel: quiet', 'OutdoorSeating: False', 'RestaurantsAttire: casual', 'RestaurantsDelivery: False', 'RestaurantsGoodForGroups: False', 'RestaurantsPriceRange2: 1', 'RestaurantsReservations: False', 'RestaurantsTableService: False', 'RestaurantsTakeOut: True', 'WiFi: no']",-79.3934180215,120 Peter Street,M5V 2G7,ON,1,_Gl7RqOkCUQr8kjN8yGf6w,business
Gyutaro,Toronto,48,"['Monday 11:0-23:0', 'Tuesday 11:0-23:0', 'Wednesday 11:0-23:0', 'Thursday 11:0-23:0', 'Friday 11:0-23:0', 'Saturday 11:0-23:0', 'Sunday 11:0-23:0']",,"['Japanese', 'Restaurants', 'Asian Fusion', 'Fast Food']",43.665478014,3.5,"['Alcohol: none', ""Ambience: {'romantic': False, 'intimate': False, 'classy': False, 'hipster': False, 'touristy': False, 'trendy': False, 'upscale': False, 'casual': True}"", 'BikeParking: True', 'BusinessAcceptsCreditCards: True', ""BusinessParking: {'garage': False, 'street': True, 'validated': False, 'lot': False, 'valet': False}"", 'Caters: True', 'GoodForKids: True', ""GoodForMeal: {'dessert': False, 'latenight': False, 'lunch': True, 'dinner': False, 'breakfast': False, 'brunch': False}"", 'HasTV: True', 'NoiseLevel: average', 'OutdoorSeating: False', 'RestaurantsAttire: casual', 'RestaurantsDelivery: False', 'RestaurantsGoodForGroups: True', 'RestaurantsPriceRange2: 1', 'RestaurantsReservations: True', 'RestaurantsTableService: True', 'RestaurantsTakeOut: True', 'WiFi: free']",-79.4090728046,521 Bloor Street W,M5S 1Y4,ON,0,7W8NfY5eKYxrLtfbpkWouA,business
Lapko's Bar & Grill,Homestead,4,,Homestead,"['American (Traditional)', 'Restaurants', 'Dive Bars', 'Nightlife', 'Bars']",40.408465,3.5,"['BikeParking: False', 'BusinessAcceptsCreditCards: True', 'GoodForDancing: True', 'GoodForKids: False', 'OutdoorSeating: False', 'RestaurantsAttire: casual', 'RestaurantsDelivery: False', 'RestaurantsGoodForGroups: False', 'RestaurantsPriceRange2: 1', 'RestaurantsReservations: False', 'RestaurantsTakeOut: False']",-79.907484,340 E 8th Ave,15120,PA,1,0GYM_KIMzwH_CeL6S279Pw,business
Famoso Neopolitan Pizzeria,Toronto,29,"['Monday 11:0-22:0', 'Tuesday 11:0-22:0', 'Wednesday 11:0-22:0', 'Thursday 11:0-22:0', 'Friday 11:0-22:0', 'Saturday 11:0-22:0', 'Sunday 11:0-20:0']",,"['Restaurants', 'Pizza', 'Italian']",43.7247752,3.5,"['Alcohol: beer_and_wine', ""Ambience: {'romantic': False, 'intimate': False, 'classy': False, 'hipster': False, 'touristy': False, 'trendy': False, 'upscale': False, 'casual': True}"", 'BusinessAcceptsCreditCards: True', ""BusinessParking: {'garage': False, 'street': False, 'validated': False, 'lot': False, 'valet': False}"", 'Caters: False', 'GoodForKids: True', ""GoodForMeal: {'dessert': False, 'latenight': False, 'lunch': True, 'dinner': False, 'breakfast': False, 'brunch': False}"", 'HasTV: True', 'NoiseLevel: average', 'OutdoorSeating: False', 'RestaurantsAttire: casual', 'RestaurantsGoodForGroups: True', 'RestaurantsPriceRange2: 2', 'RestaurantsReservations: False', 'RestaurantsTakeOut: True']",-79.4553801,"3401 Dufferin Street, Unit R04",M6A 3A1,ON,0,whyNu5Cl8gMiQkdWPzaDXQ,business
Madeline's,Toronto,9,"['Monday 18:0-23:0', 'Tuesday 18:0-23:0', 'Wednesday 18:0-23:0', 'Thursday 18:0-23:0', 'Friday 18:0-23:0', 'Saturday 18:0-23:0']",,"['Modern European', 'Restaurants']",43.6443256,3.5,"['Alcohol: full_bar', 'BusinessAcceptsCreditCards: True', ""BusinessParking: {'garage': False, 'street': True, 'validated': False, 'lot': False, 'valet': False}"", 'GoodForKids: False', ""GoodForMeal: {'dessert': False, 'latenight': False, 'lunch': False, 'dinner': True, 'breakfast': False, 'brunch': False}"", 'OutdoorSeating: False', 'RestaurantsAttire: dressy', 'RestaurantsDelivery: False', 'RestaurantsGoodForGroups: True', 'RestaurantsPriceRange2: 4', 'RestaurantsReservations: True', 'RestaurantsTableService: True', 'RestaurantsTakeOut: False', 'WheelchairAccessible: True']",-79.4006013,601 King St W,M5V 1M5,ON,0,dtksMZi0MU6bp6xfUOzwbw,business
Al & B's Barbeque,Cleveland,31,"['Monday 11:0-22:0', 'Tuesday 11:0-22:0', 'Wednesday 11:0-22:0', 'Thursday 11:0-22:0', 'Friday 11:0-0:0', 'Saturday 13:0-0:0']",Puritas-Longmead,"['Barbeque', 'Restaurants']",41.4335801,4.0,"['Alcohol: none', ""Ambience: {'romantic': False, 'intimate': False, 'classy': False, 'hipster': False, 'divey': True, 'touristy': False, 'trendy': False, 'upscale': False, 'casual': False}"", 'BikeParking: True', 'BusinessAcceptsCreditCards: True', ""BusinessParking: {'garage': False, 'street': False, 'validated': False, 'lot': True, 'valet': False}"", 'Caters: True', 'GoodForKids: True', ""GoodForMeal: {'dessert': False, 'latenight': False, 'lunch': True, 'dinner': False, 'breakfast': False, 'brunch': False}"", 'HasTV: False', 'NoiseLevel: quiet', 'OutdoorSeating: False', 'RestaurantsAttire: casual', 'RestaurantsDelivery: False', 'RestaurantsGoodForGroups: False', 'RestaurantsPriceRange2: 1', 'RestaurantsReservations: False', 'RestaurantsTableService: False', 'RestaurantsTakeOut: True', 'WiFi: no']",-81.8023272,15115 Puritas Rd,44135,OH,1,Bl8_M_kDXZt_zsrLRgDulA,business
Darna Grill House,Toronto,12,"['Monday 10:0-22:0', 'Tuesday 10:0-22:0', 'Wednesday 10:0-22:0', 'Thursday 10:0-22:0', 'Friday 10:0-23:0', 'Saturday 11:0-23:0', 'Sunday 11:0-22:0']",,"['Restaurants', 'Middle Eastern']",43.7227554766,3.0,"['Alcohol: none', ""Ambience: {'romantic': False, 'intimate': False, 'classy': True, 'hipster': False, 'touristy': False, 'trendy': False, 'upscale': False, 'casual': False}"", 'BikeParking: True', 'BusinessAcceptsCreditCards: True', ""BusinessParking: {'garage': False, 'street': False, 'validated': False, 'lot': False, 'valet': False}"", 'Caters: True', 'GoodForKids: True', ""GoodForMeal: {'dessert': False, 'latenight': False, 'lunch': True, 'dinner': False, 'breakfast': False, 'brunch': False}"", 'NoiseLevel: quiet', 'OutdoorSeating: True', 'RestaurantsAttire: casual', 'RestaurantsDelivery: False', 'RestaurantsGoodForGroups: True', 'RestaurantsPriceRange2: 2', 'RestaurantsReservations: True', 'RestaurantsTableService: True', 'RestaurantsTakeOut: True', 'WiFi: no']",-79.3028746471,1871 O' Connor Drive,M4A 1X1,ON,0,G_ixz-lp77f8zY5jghbFdQ,business
Brickhouse Tavern,Davidson,115,"['Monday 11:30-0:0', 'Tuesday 11:30-0:0', 'Wednesday 11:30-0:0', 'Thursday 11:30-2:0', 'Friday 11:30-2:0', 'Saturday 11:30-2:0', 'Sunday 11:30-0:0']",,"['Restaurants', 'American (Traditional)']",35.5038532,3.5,"['Alcohol: full_bar', ""Ambience: {'romantic': False, 'intimate': False, 'classy': False, 'hipster': False, 'divey': False, 'touristy': False, 'trendy': False, 'upscale': False, 'casual': True}"", 'BikeParking: True', 'BusinessAcceptsCreditCards: True', ""BusinessParking: {'garage': False, 'street': False, 'validated': False, 'lot': True, 'valet': False}"", 'Caters: True', 'GoodForKids: True', ""GoodForMeal: {'dessert': False, 'latenight': False, 'lunch': True, 'dinner': True, 'breakfast': False, 'brunch': False}"", 'HasTV: True', 'NoiseLevel: average', 'OutdoorSeating: True', 'RestaurantsAttire: casual', 'RestaurantsDelivery: False', 'RestaurantsGoodForGroups: True', 'RestaurantsPriceRange2: 2', 'RestaurantsReservations: True', 'RestaurantsTableService: True', 'RestaurantsTakeOut: True', 'WheelchairAccessible: True', 'WiFi: free']",-80.848752,209 Delburg St,28036,NC,1,UXL5eg0e6W1AZzmX6NAXdg,business
Jack in the Box,Las Vegas,7,,Eastside,"['Fast Food', 'Restaurants']",36.1301092,3.5,"['Alcohol: none', ""Ambience: {'romantic': False, 'intimate': False, 'classy': False, 'hipster': False, 'divey': False, 'touristy': False, 'trendy': False, 'upscale': False, 'casual': False}"", 'BusinessAcceptsCreditCards: True', ""BusinessParking: {'garage': False, 'street': False, 'validated': False, 'lot': False, 'valet': False}"", 'Caters: False', 'DriveThru: True', 'HasTV: False', 'NoiseLevel: average', 'RestaurantsAttire: casual', 'RestaurantsDelivery: False', 'RestaurantsPriceRange2: 1', 'RestaurantsReservations: False', 'RestaurantsTableService: False', 'RestaurantsTakeOut: True', 'WiFi: no', 'GoodForKids: True', 'RestaurantsGoodForGroups: True', 'OutdoorSeating: False']",-115.1102267,2970 E Desert Inn Rd,89121,NV,1,ZVetFAAt0_j0tEqiakpecA,business
Istanbul Grille,Pittsburgh,7,"['Monday 11:0-22:0', 'Tuesday 11:0-22:0', 'Wednesday 11:0-22:0', 'Thursday 11:0-22:0', 'Friday 11:0-22:0', 'Saturday 11:0-22:0']",Oakland,"['Turkish', 'Middle Eastern', 'Restaurants']",40.452039,4.5,"['Alcohol: none', 'BYOB: True', 'BYOBCorkage: yes_free', 'BusinessAcceptsCreditCards: True', ""BusinessParking: {'garage': False, 'street': True, 'validated': False, 'lot': False, 'valet': False}"", 'Corkage: False', 'GoodForKids: True', ""GoodForMeal: {'dessert': False, 'latenight': False, 'lunch': True, 'dinner': True, 'breakfast': False, 'brunch': False}"", 'OutdoorSeating: False', 'RestaurantsAttire: casual', 'RestaurantsDelivery: False', 'RestaurantsGoodForGroups: True', 'RestaurantsPriceRange2: 2', 'RestaurantsReservations: False', 'RestaurantsTableService: True', 'RestaurantsTakeOut: True', 'WheelchairAccessible: True']",-79.952326,305 N Craig St,15213,PA,0,RyZ3dMJWuFMs2S7zw2C0Zg,business
Big Eu'es BBQ,Cuyahoga Falls,23,"['Tuesday 11:0-21:0', 'Wednesday 11:0-21:0', 'Thursday 11:0-21:0', 'Friday 11:0-22:0', 'Saturday 11:0-22:0', 'Sunday 11:0-19:0']",,"['Barbeque', 'Restaurants', 'Desserts', 'Food']",41.1465877,4.5,"['Alcohol: none', ""Ambience: {'romantic': False, 'intimate': False, 'classy': False, 'hipster': False, 'divey': False, 'touristy': False, 'trendy': False, 'upscale': False, 'casual': False}"", 'BikeParking: True', 'BusinessAcceptsCreditCards: True', ""BusinessParking: {'garage': False, 'street': False, 'validated': False, 'lot': False, 'valet': False}"", 'GoodForKids: True', ""GoodForMeal: {'dessert': False, 'latenight': False, 'lunch': False, 'dinner': False, 'breakfast': False, 'brunch': False}"", 'HasTV: False', 'NoiseLevel: quiet', 'OutdoorSeating: False', 'RestaurantsAttire: casual', 'RestaurantsDelivery: False', 'RestaurantsGoodForGroups: False', 'RestaurantsPriceRange2: 2', 'RestaurantsReservations: False', 'RestaurantsTableService: False', 'RestaurantsTakeOut: True']",-81.5038055,1730 Portage Trl,44223,OH,1,30fH0eHUXorWSR2-C4PuiA,business
Sushi D,Toronto,65,,Little Italy,"['Restaurants', 'Sushi Bars']",43.6550406,3.0,"['Alcohol: beer_and_wine', ""Ambience: {'romantic': False, 'intimate': False, 'classy': False, 'hipster': False, 'touristy': False, 'trendy': False, 'upscale': False, 'casual': True}"", 'BikeParking: True', 'BusinessAcceptsCreditCards: True', ""BusinessParking: {'garage': False, 'street': True, 'validated': False, 'lot': False, 'valet': False}"", 'GoodForKids: True', ""GoodForMeal: {'dessert': False, 'latenight': False, 'lunch': True, 'dinner': True, 'breakfast': False, 'brunch': False}"", 'HasTV: True', 'NoiseLevel: average', 'OutdoorSeating: True', 'RestaurantsAttire: casual', 'RestaurantsDelivery: False', 'RestaurantsGoodForGroups: True', 'RestaurantsPriceRange2: 2', 'RestaurantsReservations: True', 'RestaurantsTableService: True', 'RestaurantsTakeOut: True', 'WheelchairAccessible: True', 'WiFi: no']",-79.4170586,671 College Street,M6G 1B9,ON,0,7NaoYUOJ3HAPKMt3aF91hw,business
Umai Sushi & Asian Bistro,Charlotte,68,"['Monday 11:30-21:30', 'Tuesday 11:30-21:30', 'Wednesday 11:30-21:30', 'Thursday 11:30-21:30', 'Friday 11:30-22:30', 'Saturday 11:30-22:30', 'Sunday 11:30-21:0']",,"['Chinese', 'Asian Fusion', 'Restaurants', 'Sushi Bars', 'Japanese']",35.117274,4.0,"['Alcohol: full_bar', 'BikeParking: True', 'BusinessAcceptsCreditCards: True', ""BusinessParking: {'garage': False, 'street': False, 'validated': False, 'lot': False, 'valet': False}"", 'Caters: True', 'GoodForKids: True', 'HasTV: True', 'NoiseLevel: average', 'OutdoorSeating: True', 'RestaurantsAttire: casual', 'RestaurantsDelivery: False', 'RestaurantsGoodForGroups: True', 'RestaurantsPriceRange2: 2', 'RestaurantsReservations: True', 'RestaurantsTableService: True', 'RestaurantsTakeOut: True', 'WiFi: no', ""Ambience: {'romantic': False, 'intimate': False, 'classy': False, 'hipster': False, 'divey': False, 'touristy': False, 'trendy': False, 'upscale': False, 'casual': True}"", ""GoodForMeal: {'dessert': False, 'latenight': False, 'lunch': True, 'dinner': False, 'breakfast': False, 'brunch': False}""]",-80.856801,8418 Park Rd,28210,NC,1,N2M0WyGCyTV5jMOYPH7odA,business
Istanbul Hookah Lounge,Charlotte,38,"['Tuesday 17:0-0:0', 'Wednesday 17:0-0:0', 'Thursday 17:0-2:0', 'Friday 17:0-2:0', 'Saturday 17:0-2:0', 'Sunday 17:0-22:0']",Uptown,"['Lounges', 'Nightlife', 'Bars', 'Turkish', 'Hookah Bars', 'Restaurants']",35.225906,3.0,"['Alcohol: full_bar', ""Ambience: {'romantic': False, 'intimate': False, 'classy': False, 'hipster': False, 'divey': False, 'touristy': False, 'trendy': False, 'upscale': False, 'casual': False}"", ""BestNights: {'monday': False, 'tuesday': False, 'friday': True, 'wednesday': False, 'thursday': False, 'sunday': False, 'saturday': True}"", 'BikeParking: True', 'BusinessAcceptsCreditCards: True', ""BusinessParking: {'garage': False, 'street': False, 'validated': False, 'lot': True, 'valet': False}"", 'Caters: False', 'CoatCheck: False', 'DogsAllowed: False', 'GoodForDancing: False', 'GoodForKids: False', ""GoodForMeal: {'dessert': False, 'latenight': True, 'lunch': False, 'dinner': False, 'breakfast': False, 'brunch': False}"", 'HappyHour: True', 'HasTV: True', ""Music: {'dj': False, 'background_music': True, 'no_music': False, 'karaoke': False, 'live': False, 'video': False, 'jukebox': False}"", 'NoiseLevel: average', 'OutdoorSeating: True', 'RestaurantsAttire: casual', 'RestaurantsDelivery: False', 'RestaurantsGoodForGroups: True', 'RestaurantsPriceRange2: 2', 'RestaurantsReservations: False', 'RestaurantsTableService: True', 'RestaurantsTakeOut: True', 'Smoking: outdoor', 'WheelchairAccessible: False', 'WiFi: free']",-80.846624,138 Brevard Ct,28202,NC,1,k2qR0poWOv9fny_7e1IAiA,business
Eddie V's Prime Seafood,Scottsdale,363,"['Monday 16:0-22:0', 'Tuesday 16:0-22:0', 'Wednesday 16:0-22:0', 'Thursday 16:0-22:0', 'Friday 16:0-23:0', 'Saturday 16:0-23:0', 'Sunday 16:0-22:0']",,"['Jazz & Blues', 'Bars', 'Lounges', 'Nightlife', 'Arts & Entertainment', 'Steakhouses', 'Seafood', 'Restaurants']",33.6255468878,4.0,"['Alcohol: full_bar', ""Ambience: {'romantic': False, 'intimate': False, 'classy': True, 'hipster': False, 'divey': False, 'touristy': False, 'trendy': False, 'upscale': True, 'casual': False}"", ""BestNights: {'monday': False, 'tuesday': False, 'friday': True, 'wednesday': False, 'thursday': True, 'sunday': False, 'saturday': True}"", 'BikeParking: False', 'BusinessAcceptsCreditCards: True', ""BusinessParking: {'garage': False, 'street': True, 'validated': False, 'lot': False, 'valet': True}"", 'Caters: False', 'CoatCheck: False', 'DogsAllowed: False', 'GoodForDancing: False', 'GoodForKids: False', ""GoodForMeal: {'dessert': False, 'latenight': False, 'lunch': False, 'dinner': True, 'breakfast': False, 'brunch': False}"", 'HappyHour: True', 'HasTV: True', ""Music: {'dj': False, 'background_music': False, 'no_music': False, 'karaoke': False, 'live': True, 'video': False, 'jukebox': False}"", 'NoiseLevel: average', 'OutdoorSeating: False', 'RestaurantsAttire: dressy', 'RestaurantsDelivery: False', 'RestaurantsGoodForGroups: True', 'RestaurantsPriceRange2: 3', 'RestaurantsReservations: True', 'RestaurantsTableService: True', 'RestaurantsTakeOut: False', 'Smoking: no', 'WheelchairAccessible: True', 'WiFi: free']",-111.923649947,15323 N Scottsdale Rd,85254,AZ,1,swX3Vj3dQsz1YlCRmwNQEQ,business
Slice's Bar & Grill,Madison,12,"['Monday 11:0-2:30', 'Tuesday 11:0-2:30', 'Wednesday 11:0-2:30', 'Thursday 11:0-2:30', 'Friday 11:0-2:30', 'Saturday 11:0-2:30', 'Sunday 9:0-2:30']",Emerson East,"['American (Traditional)', 'Restaurants', 'Dive Bars', 'Bars', 'Nightlife']",43.104434,3.5,"['Alcohol: full_bar', ""Ambience: {'romantic': False, 'intimate': False, 'classy': False, 'hipster': False, 'divey': False, 'touristy': False, 'trendy': False, 'upscale': False, 'casual': False}"", ""BestNights: {'monday': False, 'tuesday': False, 'friday': True, 'wednesday': False, 'thursday': False, 'sunday': False, 'saturday': False}"", 'BikeParking: True', 'BusinessAcceptsCreditCards: True', 'CoatCheck: False', 'GoodForDancing: True', 'GoodForKids: False', ""GoodForMeal: {'dessert': False, 'latenight': False, 'lunch': False, 'dinner': False, 'breakfast': False, 'brunch': False}"", 'HappyHour: True', 'HasTV: True', ""Music: {'dj': False, 'background_music': False, 'no_music': False, 'karaoke': False, 'live': False, 'video': False, 'jukebox': True}"", 'NoiseLevel: average', 'OutdoorSeating: False', 'RestaurantsAttire: casual', 'RestaurantsDelivery: False', 'RestaurantsGoodForGroups: True', 'RestaurantsPriceRange2: 1', 'RestaurantsReservations: False', 'RestaurantsTableService: True', 'RestaurantsTakeOut: True', 'Smoking: outdoor', 'WheelchairAccessible: True', ""BusinessParking: {'garage': False, 'street': True, 'validated': False, 'lot': True, 'valet': False}"", 'WiFi: free', 'Caters: False']",-89.357979,2417 Pennsylvania Ave,53704,WI,1,UAGZsl9ul16iDHmFNDLj4A,business
Sweet Palace Restaurant,Brampton,40,"['Monday 9:0-22:0', 'Tuesday 9:0-22:0', 'Wednesday 9:0-22:0', 'Thursday 9:0-22:0', 'Friday 9:0-22:0', 'Saturday 9:0-22:0', 'Sunday 9:0-22:0']",,"['Canadian (New)', 'Restaurants', 'Indian']",43.7581118,4.0,"['Alcohol: none', ""Ambience: {'romantic': False, 'intimate': False, 'classy': False, 'hipster': False, 'touristy': False, 'trendy': False, 'upscale': False, 'casual': True}"", 'BikeParking: True', 'BusinessAcceptsCreditCards: True', ""BusinessParking: {'garage': False, 'street': False, 'validated': False, 'lot': True, 'valet': False}"", 'Caters: True', 'GoodForKids: True', ""GoodForMeal: {'dessert': False, 'latenight': False, 'lunch': False, 'dinner': True, 'breakfast': False, 'brunch': False}"", 'HasTV: True', 'NoiseLevel: average', 'OutdoorSeating: False', 'RestaurantsAttire: casual', 'RestaurantsDelivery: False', 'RestaurantsGoodForGroups: True', 'RestaurantsPriceRange2: 1', 'RestaurantsReservations: False', 'RestaurantsTableService: True', 'RestaurantsTakeOut: True', 'WiFi: no']",-79.7370611,1098 Peter Robertson Boulevard,L6R 3A5,ON,1,1A47OcRyjJa56OwrTZpfmA,business
Blue Ginger Asian Bistro,Parma,92,"['Monday 11:0-22:0', 'Tuesday 11:0-22:0', 'Wednesday 11:0-22:0', 'Thursday 11:0-22:0', 'Friday 11:0-22:30', 'Saturday 11:0-22:30', 'Sunday 12:0-22:0']",,"['Asian Fusion', 'Sushi Bars', 'Chinese', 'Japanese', 'Restaurants']",41.3598122952,4.5,"['Alcohol: full_bar', ""Ambience: {'romantic': False, 'intimate': False, 'classy': False, 'hipster': False, 'divey': False, 'touristy': False, 'trendy': False, 'upscale': False, 'casual': True}"", 'BusinessAcceptsCreditCards: True', ""BusinessParking: {'garage': False, 'street': False, 'validated': False, 'lot': True, 'valet': False}"", 'Caters: False', 'GoodForKids: True', ""GoodForMeal: {'dessert': False, 'latenight': False, 'lunch': True, 'dinner': True, 'breakfast': False, 'brunch': False}"", 'HasTV: True', 'NoiseLevel: quiet', 'OutdoorSeating: False', 'RestaurantsAttire: casual', 'RestaurantsDelivery: False', 'RestaurantsGoodForGroups: True', 'RestaurantsPriceRange2: 2', 'RestaurantsReservations: True', 'RestaurantsTableService: True', 'RestaurantsTakeOut: True', 'BikeParking: True', 'WiFi: free']",-81.6856487672,1061 W Pleasant Valley Rd,44134,OH,1,mpG1R1ktTI3x1twNBsGvXQ,business
Alice Fazooli's,Richmond Hill,90,"['Monday 11:30-0:0', 'Tuesday 11:30-0:0', 'Wednesday 11:30-0:0', 'Thursday 11:30-0:0', 'Friday 11:30-1:0', 'Saturday 11:30-1:0', 'Sunday 11:30-23:0']",,"['Beer', 'Wine & Spirits', 'Nightlife', 'Bars', 'Italian', 'Food', 'Restaurants', 'Wine Bars']",43.8469429,3.0,"['Alcohol: full_bar', ""Ambience: {'romantic': False, 'intimate': False, 'classy': False, 'hipster': False, 'touristy': False, 'trendy': False, 'upscale': False, 'casual': True}"", ""BestNights: {'monday': False, 'tuesday': False, 'friday': True, 'wednesday': False, 'thursday': False, 'sunday': False, 'saturday': False}"", 'BikeParking: False', 'BusinessAcceptsCreditCards: True', ""BusinessParking: {'garage': False, 'street': False, 'validated': False, 'lot': True, 'valet': False}"", 'Caters: False', 'CoatCheck: False', 'GoodForDancing: False', 'GoodForKids: True', ""GoodForMeal: {'dessert': False, 'latenight': False, 'lunch': False, 'dinner': True, 'breakfast': False, 'brunch': False}"", 'HappyHour: True', 'HasTV: True', ""Music: {'dj': False, 'background_music': False, 'no_music': False, 'karaoke': False, 'live': False, 'video': False, 'jukebox': False}"", 'NoiseLevel: average', 'OutdoorSeating: True', 'RestaurantsAttire: casual', 'RestaurantsDelivery: False', 'RestaurantsGoodForGroups: True', 'RestaurantsPriceRange2: 2', 'RestaurantsReservations: True', 'RestaurantsTableService: True', 'RestaurantsTakeOut: True', 'Smoking: outdoor', 'WheelchairAccessible: True', 'WiFi: free']",-79.3749695,155A York Blvd.,L4B 3B4,ON,0,clL0-uy-DH0bJgBFEfoxFA,business
Dikadee's Deli,Charlotte,4,,University City,"['Delis', 'Restaurants', 'Sandwiches']",35.290339,3.0,"['BYOB: False', 'BYOBCorkage: yes_free', 'BusinessAcceptsCreditCards: True', ""BusinessParking: {'garage': False, 'street': False, 'validated': False, 'lot': False, 'valet': False}"", 'Corkage: False', 'GoodForKids: True', ""GoodForMeal: {'dessert': False, 'latenight': False, 'lunch': False, 'dinner': False, 'breakfast': False, 'brunch': False}"", 'OutdoorSeating: True', 'RestaurantsAttire: casual', 'RestaurantsDelivery: False', 'RestaurantsGoodForGroups: True', 'RestaurantsPriceRange2: 1', 'RestaurantsReservations: False', 'RestaurantsTableService: True', 'RestaurantsTakeOut: True']",-80.733414,"1419 E Blvd, Ste A",28203,NC,0,dEECykRQIBd_QXAZ0rBeYw,business
Bruno's Signature,Pickering,6,"['Monday 9:0-19:0', 'Tuesday 9:0-19:0', 'Wednesday 9:0-19:0', 'Thursday 9:0-19:0', 'Friday 9:0-19:0', 'Saturday 8:0-18:0', 'Sunday 9:0-17:0']",,"['Food', 'Meat Shops', 'Delis', 'Cheese Shops', 'Specialty Food', 'Butcher', 'Restaurants']",43.80926,3.5,"['BusinessAcceptsCreditCards: True', ""BusinessParking: {'garage': False, 'street': False, 'validated': False, 'lot': True, 'valet': False}"", 'GoodForKids: True', 'OutdoorSeating: False', 'RestaurantsPriceRange2: 2', 'RestaurantsReservations: False', 'RestaurantsTakeOut: True', 'WheelchairAccessible: True']",-79.1283144,375 Kingston Road,L1V 1A3,ON,1,WwGL_VJg2A3uLbqbpzkwjQ,business
Pork Butcher George Bowman,Edinburgh,5,,Leith,"['Fast Food', 'Food', 'Restaurants', 'Specialty Food', 'Meat Shops']",55.9713629,4.5,['RestaurantsPriceRange2: 3'],-3.1729952,44 Great Jcn Street,EH6 5LB,EDH,1,8YQ-JCAQsuQwpJ5Lgyvpug,business
Chef Wong's,Markham,46,"['Monday 11:0-0:0', 'Tuesday 11:0-0:0', 'Wednesday 11:0-0:0', 'Thursday 11:0-0:0', 'Friday 11:0-1:0', 'Saturday 10:0-1:0', 'Sunday 10:0-0:0']",Brown's Corners,"['Chinese', 'Asian Fusion', 'Restaurants']",43.8512704,3.0,"['Alcohol: beer_and_wine', ""Ambience: {'romantic': False, 'intimate': False, 'classy': False, 'hipster': False, 'touristy': False, 'trendy': False, 'upscale': False, 'casual': True}"", 'BikeParking: True', ""BusinessParking: {'garage': False, 'street': False, 'validated': False, 'lot': True, 'valet': False}"", 'Caters: False', 'GoodForKids: True', ""GoodForMeal: {'dessert': False, 'latenight': False, 'lunch': False, 'dinner': False, 'breakfast': False, 'brunch': True}"", 'HasTV: False', 'NoiseLevel: loud', 'OutdoorSeating: False', 'RestaurantsAttire: casual', 'RestaurantsDelivery: False', 'RestaurantsGoodForGroups: True', 'RestaurantsPriceRange2: 2', 'RestaurantsReservations: True', 'RestaurantsTableService: True', 'RestaurantsTakeOut: True', 'WiFi: no']",-79.3508837,"First Markham Place, 3235 Highway 7 E",L3R 3P3,ON,0,wR71mnXAJMVmgMBrHevndQ,business
China China Palace,Mississauga,9,,,"['Restaurants', 'Chinese']",43.6110583,4.0,"['Alcohol: none', ""Ambience: {'romantic': False, 'intimate': False, 'classy': False, 'hipster': False, 'touristy': False, 'trendy': False, 'upscale': False, 'casual': False}"", 'BikeParking: False', ""BusinessParking: {'garage': False, 'street': False, 'validated': False, 'lot': False, 'valet': False}"", 'GoodForKids: True', ""GoodForMeal: {'dessert': False, 'latenight': False, 'lunch': False, 'dinner': False, 'breakfast': False, 'brunch': False}"", 'HasTV: False', 'NoiseLevel: quiet', 'OutdoorSeating: False', 'RestaurantsAttire: casual', 'RestaurantsDelivery: True', 'RestaurantsGoodForGroups: False', 'RestaurantsPriceRange2: 1', 'RestaurantsReservations: False', 'RestaurantsTableService: False', 'RestaurantsTakeOut: True']",-79.5999183,"1125 Bloor Street E, Unit 8",L4Y 2N4,ON,1,VGwPrBPlbD24SZAT_b0JBw,business
Bäckerei Luckscheiter,Ludwigsburg,15,"['Monday 6:0-19:0', 'Tuesday 6:0-19:0', 'Wednesday 6:0-19:0', 'Thursday 6:0-19:0', 'Friday 6:0-19:0', 'Saturday 6:0-18:0', 'Sunday 7:0-18:0']",,"['Restaurants', 'Cafes', 'Bakeries', 'Food']",48.8962,3.5,"['BusinessAcceptsCreditCards: True', ""BusinessParking: {'garage': False, 'street': False, 'validated': False, 'lot': False, 'valet': False}"", 'RestaurantsDelivery: False', 'RestaurantsPriceRange2: 2']",9.18983,Wilhelmstr. 18,71638,BW,1,j-lqNv0rp_FKQ2N4pfQ_2A,business
Eat'n Park Restaurant,Pittsburgh,59,"['Monday 6:0-3:0', 'Tuesday 6:0-3:0', 'Wednesday 6:0-3:0', 'Thursday 6:0-3:0', 'Friday 6:0-3:0', 'Saturday 6:0-3:0', 'Sunday 6:0-3:0']",Squirrel Hill,"['Breakfast & Brunch', 'Restaurants', 'Diners', 'Buffets']",40.4364466,3.0,"['Alcohol: none', ""Ambience: {'romantic': False, 'intimate': False, 'classy': False, 'hipster': False, 'divey': False, 'touristy': False, 'trendy': False, 'upscale': False, 'casual': True}"", 'BYOB: False', 'BYOBCorkage: no', 'BikeParking: True', 'BusinessAcceptsCreditCards: True', ""BusinessParking: {'garage': False, 'street': True, 'validated': False, 'lot': False, 'valet': False}"", 'GoodForKids: True', 'HasTV: False', 'NoiseLevel: average', 'OutdoorSeating: False', 'RestaurantsAttire: casual', 'RestaurantsDelivery: False', 'RestaurantsGoodForGroups: True', 'RestaurantsPriceRange2: 1', 'RestaurantsReservations: False', 'RestaurantsTableService: True', 'RestaurantsTakeOut: True', 'WheelchairAccessible: True', 'WiFi: no', ""GoodForMeal: {'dessert': False, 'latenight': False, 'lunch': False, 'dinner': False, 'breakfast': True, 'brunch': False}"", 'Caters: False']",-79.9231376,1816 Murray Ave,15217,PA,1,JBrwWVhNm8PFhTOVkuXk4Q,business
Panda Express,Las Vegas,6,"['Monday 9:30-22:0', 'Tuesday 9:30-22:0', 'Wednesday 9:30-22:0', 'Thursday 9:30-22:30', 'Friday 9:30-22:30', 'Saturday 9:30-22:30', 'Sunday 9:30-22:0']",Sunrise,"['Restaurants', 'Fast Food', 'Chinese']",36.1456048,3.5,"['Alcohol: none', ""Ambience: {'romantic': False, 'intimate': False, 'classy': False, 'hipster': False, 'divey': False, 'touristy': False, 'trendy': False, 'upscale': False, 'casual': False}"", 'BikeParking: False', 'BusinessAcceptsCreditCards: True', ""BusinessParking: {'garage': False, 'street': False, 'validated': False, 'lot': False, 'valet': False}"", 'Caters: True', 'DriveThru: False', 'GoodForKids: True', ""GoodForMeal: {'dessert': False, 'latenight': False, 'lunch': False, 'dinner': False, 'breakfast': False, 'brunch': False}"", 'HasTV: False', 'NoiseLevel: average', 'OutdoorSeating: False', 'RestaurantsAttire: casual', 'RestaurantsDelivery: False', 'RestaurantsGoodForGroups: True', 'RestaurantsPriceRange2: 1', 'RestaurantsReservations: False', 'RestaurantsTableService: False', 'RestaurantsTakeOut: True', 'WiFi: free']",-115.0650779,"2288 Snellis Blvd, Ste 2",89104,NV,1,1i4iRBkkNU_o_S2pY7W7kQ,business
Les Artistes Steakhouse,Las Vegas,52,,Eastside,"['Steakhouses', 'Restaurants']",36.124423,3.5,"['Alcohol: full_bar', ""Ambience: {'romantic': False, 'intimate': False, 'classy': False, 'hipster': False, 'divey': False, 'touristy': False, 'trendy': False, 'upscale': False, 'casual': False}"", 'BusinessAcceptsCreditCards: True', ""BusinessParking: {'garage': True, 'street': False, 'validated': False, 'lot': False, 'valet': False}"", 'GoodForKids: False', ""GoodForMeal: {'dessert': False, 'latenight': False, 'lunch': False, 'dinner': True, 'breakfast': False, 'brunch': False}"", 'HasTV: False', 'NoiseLevel: quiet', 'OutdoorSeating: False', 'RestaurantsAttire: dressy', 'RestaurantsDelivery: False', 'RestaurantsGoodForGroups: True', 'RestaurantsPriceRange2: 3', 'RestaurantsReservations: True', 'RestaurantsTableService: True', 'RestaurantsTakeOut: False', 'WheelchairAccessible: True', 'WiFi: no']",-115.146372,"Paris Las Vegas, 3655 Las Vegas Blvd S",89109,NV,0,I_aIzz-3iKA3o7G6S4A30w,business
Ashdale Brunch and Espresso,Toronto,26,"['Monday 7:30-16:30', 'Tuesday 7:30-16:30', 'Wednesday 7:30-16:30', 'Thursday 7:30-16:30', 'Friday 7:30-16:30', 'Saturday 9:0-18:0', 'Sunday 9:0-18:0']",Leslieville,"['Cafes', 'Breakfast & Brunch', 'Restaurants']",43.6658467336,4.0,"['Alcohol: none', ""Ambience: {'romantic': False, 'intimate': False, 'classy': False, 'hipster': False, 'touristy': False, 'trendy': False, 'upscale': False, 'casual': True}"", 'BikeParking: True', 'BusinessAcceptsCreditCards: True', ""BusinessParking: {'garage': False, 'street': True, 'validated': False, 'lot': False, 'valet': False}"", 'Caters: True', 'DogsAllowed: False', 'GoodForKids: True', ""GoodForMeal: {'dessert': False, 'latenight': False, 'lunch': False, 'dinner': False, 'breakfast': False, 'brunch': True}"", 'HasTV: False', 'NoiseLevel: average', 'OutdoorSeating: False', 'RestaurantsAttire: casual', 'RestaurantsDelivery: False', 'RestaurantsGoodForGroups: True', 'RestaurantsPriceRange2: 2', 'RestaurantsReservations: False', 'RestaurantsTableService: True', 'RestaurantsTakeOut: True', 'WiFi: free']",-79.3189400297,1560 Queen Street E,M4L 1E9,ON,1,kownTVHHvOKawjjmO_WkJw,business
Piz Pistol,Montreal,5,,Ville-Marie,"['Restaurants', 'Pizza']",45.5058167,3.5,"['Alcohol: beer_and_wine', 'BusinessAcceptsCreditCards: True', ""BusinessParking: {'garage': False, 'street': False, 'validated': False, 'lot': False, 'valet': False}"", 'GoodForKids: True', ""GoodForMeal: {'dessert': False, 'latenight': False, 'lunch': False, 'dinner': False, 'breakfast': False, 'brunch': False}"", 'HasTV: False', 'OutdoorSeating: True', 'RestaurantsAttire: casual', 'RestaurantsDelivery: False', 'RestaurantsGoodForGroups: True', 'RestaurantsPriceRange2: 2', 'RestaurantsReservations: False', 'RestaurantsTakeOut: True', 'WiFi: no']",-73.5669017,350 Rue Sainte-Catherine O,H3B 1A1,QC,0,HtTg6R1KUjZCgZJXys29Iw,business
Kopper Kettle Restaurant,Pineville,19,"['Monday 5:0-14:30', 'Tuesday 5:0-14:30', 'Wednesday 5:0-14:30', 'Thursday 5:0-14:30', 'Friday 5:0-14:30', 'Saturday 5:0-14:30']",,"['Restaurants', 'American (Traditional)']",35.114191,4.5,"['Alcohol: none', ""Ambience: {'romantic': False, 'intimate': False, 'classy': False, 'hipster': False, 'divey': True, 'touristy': False, 'trendy': False, 'upscale': False, 'casual': False}"", 'BikeParking: True', 'BusinessAcceptsCreditCards: True', ""BusinessParking: {'garage': False, 'street': False, 'validated': False, 'lot': True, 'valet': False}"", 'Caters: True', 'GoodForKids: True', ""GoodForMeal: {'dessert': False, 'latenight': False, 'lunch': False, 'dinner': False, 'breakfast': True, 'brunch': False}"", 'HasTV: True', 'NoiseLevel: quiet', 'OutdoorSeating: False', 'RestaurantsAttire: casual', 'RestaurantsDelivery: False', 'RestaurantsGoodForGroups: True', 'RestaurantsPriceRange2: 1', 'RestaurantsReservations: True', 'RestaurantsTableService: True', 'RestaurantsTakeOut: True', 'WheelchairAccessible: True', 'WiFi: no']",-80.912923,11000 Nations Ford Rd,28134,NC,1,JIvZVRb4nsuXpCU75SEkFw,business
Harvey's Restaurants,Toronto,17,"['Monday 10:30-22:0', 'Tuesday 10:30-22:0', 'Wednesday 10:30-22:0', 'Thursday 10:30-22:0', 'Friday 10:30-22:0', 'Saturday 10:30-22:0', 'Sunday 10:30-22:0']",Downtown Core,"['Fast Food', 'Restaurants', 'Burgers', 'American (Traditional)']",43.6605407426,3.5,"['Alcohol: none', ""Ambience: {'romantic': False, 'intimate': False, 'classy': False, 'hipster': False, 'touristy': False, 'trendy': False, 'upscale': False, 'casual': True}"", 'BikeParking: True', 'BusinessAcceptsCreditCards: True', ""BusinessParking: {'garage': False, 'street': True, 'validated': False, 'lot': False, 'valet': False}"", 'Caters: False', 'DriveThru: False', 'GoodForKids: True', ""GoodForMeal: {'dessert': False, 'latenight': False, 'lunch': True, 'dinner': False, 'breakfast': False, 'brunch': False}"", 'HasTV: False', 'NoiseLevel: average', 'OutdoorSeating: False', 'RestaurantsAttire: casual', 'RestaurantsDelivery: False', 'RestaurantsGoodForGroups: True', 'RestaurantsPriceRange2: 1', 'RestaurantsReservations: False', 'RestaurantsTableService: False', 'RestaurantsTakeOut: True', 'WiFi: free']",-79.3761423979,278 Jarvis St,M5B 2C5,ON,1,jylz2TZWeULXS_rn3sal2A,business
Richard Chen,Pittsburgh,15,,Shadyside,"['Restaurants', 'Asian Fusion']",40.4596217,4.0,"['Alcohol: full_bar', 'BusinessAcceptsCreditCards: True', ""BusinessParking: {'garage': True, 'street': True, 'validated': False, 'lot': False, 'valet': False}"", 'GoodForKids: False', ""GoodForMeal: {'dessert': False, 'latenight': False, 'lunch': False, 'dinner': True, 'breakfast': False, 'brunch': False}"", 'OutdoorSeating: False', 'RestaurantsAttire: dressy', 'RestaurantsDelivery: False', 'RestaurantsGoodForGroups: True', 'RestaurantsPriceRange2: 3', 'RestaurantsReservations: True', 'RestaurantsTableService: True', 'RestaurantsTakeOut: False', 'WheelchairAccessible: True']",-79.9256028,"5996 Penn Circle South, Suite D-101",15206,PA,0,jHMQDeI-DwVl3Rth9ycxdw,business
Hookah Palace,Las Vegas,10,,Eastside,"['Music Venues', 'Dance Clubs', 'Bars', 'Mexican', 'Middle Eastern', 'Nightlife', 'Restaurants', 'Hookah Bars', 'Arts & Entertainment']",36.1155934,1.5,"['Alcohol: full_bar', 'BusinessAcceptsCreditCards: False', ""BusinessParking: {'garage': False, 'street': False, 'validated': False, 'lot': False, 'valet': False}"", 'GoodForDancing: True', 'HappyHour: False', 'HasTV: True', ""Music: {'dj': True, 'background_music': False, 'no_music': False, 'karaoke': False, 'live': False, 'video': False, 'jukebox': False}"", 'NoiseLevel: loud', 'OutdoorSeating: False', 'RestaurantsGoodForGroups: True', 'RestaurantsPriceRange2: 3', 'Smoking: yes']",-115.1414363,1030 E Flamingo Rd,89119,NV,0,hk7BUC8zi7xXPo2GGU4v7w,business
Kabob Express,Vaughan,10,,,"['Afghan', 'Restaurants']",43.8285899915,3.5,"['BikeParking: True', 'BusinessAcceptsCreditCards: True', 'GoodForKids: True', ""GoodForMeal: {'dessert': False, 'latenight': False, 'lunch': False, 'dinner': False, 'breakfast': False, 'brunch': False}"", 'HasTV: True', 'OutdoorSeating: False', 'RestaurantsAttire: casual', 'RestaurantsDelivery: False', 'RestaurantsGoodForGroups: True', 'RestaurantsPriceRange2: 2', 'RestaurantsReservations: False', 'RestaurantsTableService: False', 'RestaurantsTakeOut: True']",-79.5410596423,"3255 Rutherford Rd, Unit 2",L6A,ON,1,doZPo4wrbIl2tnA5nDFs5A,business
Potato Corner,Las Vegas,16,"['Monday 10:0-21:0', 'Tuesday 10:0-21:0', 'Wednesday 10:0-21:0', 'Thursday 10:0-21:0', 'Friday 10:0-21:0', 'Saturday 10:0-21:0', 'Sunday 10:0-18:0']",Westside,"['Restaurants', 'Fast Food', 'American (New)', 'Specialty Food', 'Chicken Wings', 'Food']",36.172577,4.0,"['Alcohol: none', ""Ambience: {'romantic': False, 'intimate': False, 'classy': False, 'hipster': False, 'divey': False, 'touristy': False, 'trendy': False, 'upscale': False, 'casual': False}"", 'BikeParking: True', 'BusinessAcceptsCreditCards: True', ""BusinessParking: {'garage': False, 'street': False, 'validated': False, 'lot': False, 'valet': False}"", 'Caters: False', 'DriveThru: False', 'GoodForKids: True', ""GoodForMeal: {'dessert': False, 'latenight': False, 'lunch': True, 'dinner': False, 'breakfast': False, 'brunch': False}"", 'HasTV: False', 'NoiseLevel: loud', 'OutdoorSeating: False', 'RestaurantsAttire: casual', 'RestaurantsDelivery: False', 'RestaurantsGoodForGroups: False', 'RestaurantsPriceRange2: 1', 'RestaurantsReservations: False', 'RestaurantsTableService: False', 'RestaurantsTakeOut: True', 'WiFi: no']",-115.197211,"4300 Meadows Ln, 5525",89107,NV,0,h-SX2dxluF4oM_Zxp7eK4Q,business
Charleys Philly Steaks,Las Vegas,23,,Westside,"['Barbeque', 'Restaurants', 'Fast Food']",36.1725320001,3.0,"['Alcohol: none', ""Ambience: {'romantic': False, 'intimate': False, 'classy': False, 'hipster': False, 'divey': False, 'touristy': False, 'trendy': False, 'upscale': False, 'casual': True}"", 'BusinessAcceptsCreditCards: True', ""BusinessParking: {'garage': False, 'street': False, 'validated': False, 'lot': False, 'valet': False}"", 'Caters: False', 'GoodForKids: True', ""GoodForMeal: {'dessert': False, 'latenight': False, 'lunch': True, 'dinner': False, 'breakfast': False, 'brunch': False}"", 'HasTV: False', 'NoiseLevel: loud', 'OutdoorSeating: False', 'RestaurantsAttire: casual', 'RestaurantsDelivery: False', 'RestaurantsGoodForGroups: True', 'RestaurantsReservations: False', 'RestaurantsTableService: False', 'RestaurantsTakeOut: True', 'WiFi: no', 'RestaurantsPriceRange2: 2', 'BikeParking: False']",-115.197257884,"4300 Meadows Ln, Meadows Mall",89107,NV,1,Mb5w1N3tvsAFDrDcHQyrsw,business
Nova Era Bakery,Toronto,30,,Dufferin Grove,"['Coffee & Tea', 'Restaurants', 'Portuguese', 'Bakeries', 'Food']",43.6495272,3.5,"['BikeParking: True', 'BusinessAcceptsCreditCards: False', ""BusinessParking: {'garage': False, 'street': True, 'validated': False, 'lot': True, 'valet': False}"", 'OutdoorSeating: False', 'RestaurantsDelivery: False', 'RestaurantsPriceRange2: 1', 'RestaurantsTakeOut: True', 'WheelchairAccessible: True', 'WiFi: free']",-79.4221214,1172 Dundas Street W,M6J 1X4,ON,1,5XYR6doRa5Nj1JMfSDei6A,business
Benihana,Las Vegas,344,"['Monday 17:0-22:0', 'Tuesday 17:0-22:0', 'Wednesday 17:0-22:0', 'Thursday 17:0-22:0', 'Friday 17:0-22:0', 'Saturday 17:0-22:0', 'Sunday 17:0-22:0']",Eastside,"['Japanese', 'Beer', 'Wine & Spirits', 'Teppanyaki', 'Food', 'Restaurants']",36.1362575,3.5,"['Alcohol: full_bar', ""Ambience: {'romantic': False, 'intimate': False, 'classy': False, 'hipster': False, 'divey': False, 'touristy': True, 'trendy': False, 'upscale': False, 'casual': False}"", 'BikeParking: False', 'BusinessAcceptsCreditCards: True', ""BusinessParking: {'garage': True, 'street': False, 'validated': False, 'lot': False, 'valet': False}"", 'Caters: False', 'GoodForKids: True', ""GoodForMeal: {'dessert': False, 'latenight': False, 'lunch': False, 'dinner': True, 'breakfast': False, 'brunch': False}"", 'HasTV: False', 'NoiseLevel: loud', 'OutdoorSeating: False', 'RestaurantsAttire: casual', 'RestaurantsDelivery: False', 'RestaurantsGoodForGroups: True', 'RestaurantsPriceRange2: 3', 'RestaurantsReservations: True', 'RestaurantsTableService: True', 'RestaurantsTakeOut: True', 'WheelchairAccessible: True', 'WiFi: no']",-115.1512526,3000 Paradise Rd,89109,NV,1,TL5Dtfnf-5hYG13lBF9N2A,business
Bangkok Thai Cuisine,Newmarket,24,"['Monday 11:30-21:0', 'Tuesday 11:30-21:0', 'Wednesday 11:30-21:0', 'Thursday 11:30-21:0', 'Friday 11:30-22:0', 'Saturday 15:0-22:0', 'Sunday 15:0-21:0']",,"['Restaurants', 'Thai']",44.0370666,4.0,"['Alcohol: full_bar', ""Ambience: {'romantic': False, 'intimate': False, 'classy': False, 'hipster': False, 'touristy': False, 'trendy': False, 'upscale': False, 'casual': True}"", 'BikeParking: False', 'BusinessAcceptsCreditCards: True', ""BusinessParking: {'garage': False, 'street': False, 'validated': False, 'lot': True, 'valet': False}"", 'Caters: True', 'GoodForKids: True', ""GoodForMeal: {'dessert': False, 'latenight': False, 'lunch': True, 'dinner': True, 'breakfast': False, 'brunch': False}"", 'HasTV: False', 'NoiseLevel: average', 'OutdoorSeating: False', 'RestaurantsAttire: casual', 'RestaurantsDelivery: True', 'RestaurantsGoodForGroups: True', 'RestaurantsPriceRange2: 2', 'RestaurantsReservations: True', 'RestaurantsTableService: True', 'RestaurantsTakeOut: True', 'WiFi: no']",-79.4754857,16775 Yonge Street,L3Y 8J4,ON,1,QO6Puhxy64FfnYlbUPfnng,business
Wendy's,Charlotte,5,,,"['Burgers', 'Fast Food', 'Restaurants']",35.0513207,2.0,"['Alcohol: none', ""Ambience: {'romantic': False, 'intimate': False, 'classy': False, 'hipster': False, 'divey': False, 'touristy': False, 'trendy': False, 'upscale': False, 'casual': False}"", 'BusinessAcceptsCreditCards: True', ""BusinessParking: {'garage': False, 'street': False, 'validated': False, 'lot': False, 'valet': False}"", 'Caters: False', 'GoodForKids: True', ""GoodForMeal: {'dessert': False, 'latenight': False, 'lunch': False, 'dinner': False, 'breakfast': False, 'brunch': False}"", 'HasTV: False', 'NoiseLevel: average', 'OutdoorSeating: False', 'RestaurantsAttire: casual', 'RestaurantsDelivery: False', 'RestaurantsGoodForGroups: True', 'RestaurantsPriceRange2: 1', 'RestaurantsReservations: False', 'RestaurantsTableService: False', 'RestaurantsTakeOut: True']",-80.7705561,11640 Providence Rd,28277,NC,1,t41Tcnx3Rn0QnIvit-IgvQ,business
Wendy's,Stanley,7,,,"['Fast Food', 'Burgers', 'Restaurants']",35.3551972,2.0,"['BusinessAcceptsCreditCards: True', 'RestaurantsDelivery: False']",-81.0919395,414 S Highway 27,28164,NC,1,2Ry7PhEAy7nDZyZCBYmJ2A,business
Phillips Lounge,Montréal,4,"['Monday 11:30-14:30', 'Monday 16:0-23:0', 'Tuesday 11:30-14:30', 'Tuesday 16:0-23:0', 'Wednesday 11:30-14:30', 'Wednesday 16:0-23:0', 'Thursday 11:30-14:30', 'Thursday 16:0-23:0', 'Friday 11:30-14:30', 'Friday 16:0-23:0']",Ville-Marie,"['Bars', 'Lounges', 'French', 'Restaurants', 'Nightlife']",45.5035944,4.0,"['Alcohol: full_bar', ""Ambience: {'romantic': False, 'intimate': False, 'classy': False, 'hipster': False, 'touristy': False, 'trendy': False, 'upscale': False, 'casual': False}"", 'BusinessAcceptsCreditCards: True', ""BusinessParking: {'garage': False, 'street': False, 'validated': False, 'lot': False, 'valet': False}"", 'GoodForDancing: False', ""GoodForMeal: {'dessert': False, 'latenight': False, 'lunch': False, 'dinner': False, 'breakfast': False, 'brunch': False}"", 'HappyHour: True', 'HasTV: False', ""Music: {'dj': False, 'background_music': False, 'no_music': False, 'karaoke': False, 'live': False, 'video': False, 'jukebox': False}"", 'NoiseLevel: quiet', 'OutdoorSeating: True', 'RestaurantsGoodForGroups: False', 'RestaurantsPriceRange2: 3', 'RestaurantsReservations: True', 'RestaurantsTableService: True', 'Smoking: no']",-73.567674,1184 Place Phillips,H3B 3C8,QC,0,I35MwKTOLUopm-Fceb7kMA,business
Del Friscos,Dollard-des-Ormeaux,17,"['Monday 11:0-22:0', 'Tuesday 11:0-23:0', 'Wednesday 11:0-23:0', 'Thursday 11:0-23:0', 'Friday 11:0-1:0', 'Saturday 12:0-23:0', 'Sunday 12:0-22:0']",Pointe-Claire,"['Italian', 'Restaurants', 'Pizza']",45.483125472,3.5,"['Alcohol: full_bar', ""Ambience: {'romantic': False, 'intimate': False, 'classy': False, 'hipster': False, 'touristy': False, 'trendy': False, 'upscale': False, 'casual': True}"", 'BikeParking: True', 'BusinessAcceptsCreditCards: True', ""BusinessParking: {'garage': False, 'street': False, 'validated': False, 'lot': True, 'valet': False}"", 'Caters: True', 'DogsAllowed: False', 'GoodForKids: True', ""GoodForMeal: {'dessert': False, 'latenight': False, 'lunch': False, 'dinner': True, 'breakfast': False, 'brunch': False}"", 'HasTV: True', 'NoiseLevel: average', 'OutdoorSeating: True', 'RestaurantsAttire: casual', 'RestaurantsDelivery: False', 'RestaurantsGoodForGroups: True', 'RestaurantsPriceRange2: 2', 'RestaurantsReservations: True', 'RestaurantsTableService: True', 'RestaurantsTakeOut: True', 'WheelchairAccessible: True', 'WiFi: free']",-73.7939441083,3237 Boulevard des Sources,H9B,QC,1,CYlMl4lcECS4enL6bmjrlg,business
Restaurant Devi,Montréal,62,"['Monday 11:0-23:0', 'Tuesday 11:0-23:0', 'Wednesday 11:0-23:0', 'Thursday 11:0-23:0', 'Friday 11:0-23:0', 'Saturday 11:0-23:0', 'Sunday 11:0-23:0']",Ville-Marie,"['Indian', 'Vegetarian', 'Restaurants']",45.4972383,3.5,"['Alcohol: full_bar', ""Ambience: {'romantic': False, 'intimate': False, 'classy': True, 'hipster': False, 'touristy': False, 'trendy': False, 'upscale': False, 'casual': False}"", 'BikeParking: False', 'BusinessAcceptsCreditCards: True', ""BusinessParking: {'garage': False, 'street': True, 'validated': False, 'lot': False, 'valet': False}"", 'Caters: True', 'DogsAllowed: False', 'GoodForKids: True', ""GoodForMeal: {'dessert': False, 'latenight': False, 'lunch': False, 'dinner': True, 'breakfast': False, 'brunch': False}"", 'HasTV: True', 'NoiseLevel: quiet', 'OutdoorSeating: True', 'RestaurantsAttire: casual', 'RestaurantsDelivery: True', 'RestaurantsGoodForGroups: True', 'RestaurantsPriceRange2: 2', 'RestaurantsReservations: True', 'RestaurantsTableService: True', 'RestaurantsTakeOut: True', 'WheelchairAccessible: False', 'WiFi: no']",-73.575863,1450 Crescent Rue,H3G 2B6,QC,1,gA4bnK91phT5FTzG4ki3Dw,business
Garcia's Pizza In a Pan,Urbana,9,,,"['Restaurants', 'Pizza']",40.110231,3.5,"[""BusinessParking: {'garage': False, 'street': False, 'validated': False, 'lot': False, 'valet': False}"", 'OutdoorSeating: False', 'RestaurantsAttire: casual', 'RestaurantsPriceRange2: 1', 'RestaurantsTableService: False', 'RestaurantsTakeOut: True', 'WheelchairAccessible: True']",-88.237045,Second & Green,61801,IL,0,PjOobIUE5onVqU_t7gskrQ,business
Sandella's Flatbread Cafe,Urbana,5,,,"['Sandwiches', 'Restaurants']",40.1065109,4.0,"['Alcohol: none', ""BusinessParking: {'garage': False, 'street': False, 'validated': False, 'lot': False, 'valet': False}"", 'GoodForKids: True', 'RestaurantsReservations: False', 'RestaurantsTableService: False']",-88.2218027,700 S Gregory St,61801,IL,0,9kng6u-2Err_0mkhea5T3g,business
Anatolia Kebab House,Filderstadt,3,,,"['Restaurants', 'Fast Food', 'Kebab']",48.6765,4.5,"['RestaurantsPriceRange2: 2', 'RestaurantsReservations: True']",9.19666,Felix-Wankel-Str. 33,70794,BW,0,IgPY1j3G1mb1vxdRwHhYow,business
Thai Bowl,Toronto,4,,Downtown Core,"['Thai', 'Restaurants']",43.6610059,2.0,"['Alcohol: none', 'BusinessAcceptsCreditCards: False', ""BusinessParking: {'garage': False, 'street': False, 'validated': False, 'lot': False, 'valet': False}"", 'GoodForKids: False', ""GoodForMeal: {'dessert': False, 'latenight': False, 'lunch': False, 'dinner': False, 'breakfast': False, 'brunch': False}"", 'NoiseLevel: average', 'OutdoorSeating: False', 'RestaurantsAttire: casual', 'RestaurantsDelivery: False', 'RestaurantsGoodForGroups: False', 'RestaurantsPriceRange2: 2', 'RestaurantsReservations: False', 'RestaurantsTableService: False', 'RestaurantsTakeOut: True', 'WheelchairAccessible: True']",-79.383213,444 Yonge St,M5B 2H4,ON,1,NyRW4zMOvTBXo_RBUboOtg,business
Einstein Bros Bagels,Las Vegas,57,"['Monday 5:0-17:0', 'Tuesday 5:0-17:0', 'Wednesday 5:0-17:0', 'Thursday 5:0-17:0', 'Friday 5:0-17:0', 'Saturday 6:0-16:0', 'Sunday 6:0-15:0']",Summerlin,"['Sandwiches', 'Food', 'Bagels', 'Restaurants']",36.1918793785,2.0,"['Alcohol: none', ""Ambience: {'romantic': False, 'intimate': False, 'classy': False, 'hipster': False, 'divey': False, 'touristy': False, 'trendy': False, 'upscale': False, 'casual': True}"", 'BikeParking: True', 'BusinessAcceptsCreditCards: True', ""BusinessParking: {'garage': False, 'street': False, 'validated': False, 'lot': True, 'valet': False}"", 'Caters: True', 'GoodForKids: True', ""GoodForMeal: {'dessert': False, 'latenight': False, 'lunch': False, 'dinner': False, 'breakfast': True, 'brunch': False}"", 'HasTV: False', 'NoiseLevel: average', 'OutdoorSeating: True', 'RestaurantsAttire: casual', 'RestaurantsDelivery: False', 'RestaurantsGoodForGroups: True', 'RestaurantsPriceRange2: 1', 'RestaurantsReservations: False', 'RestaurantsTableService: False', 'RestaurantsTakeOut: True', 'WiFi: free']",-115.305118576,"1990 Village Center Cir, Ste 2",89134,NV,1,4lKF-M_3OLsk1usLPDJEFA,business
Katherine's Family Restaurant,Cleveland,11,,,['Restaurants'],41.3602031,3.0,"[""Ambience: {'romantic': False, 'intimate': False, 'classy': False, 'hipster': False, 'divey': False, 'touristy': False, 'trendy': False, 'upscale': False, 'casual': False}"", 'BusinessAcceptsCreditCards: True', 'GoodForKids: True', ""GoodForMeal: {'dessert': False, 'latenight': False, 'lunch': False, 'dinner': False, 'breakfast': False, 'brunch': False}"", 'NoiseLevel: quiet', 'OutdoorSeating: False', 'RestaurantsAttire: casual', 'RestaurantsDelivery: False', 'RestaurantsGoodForGroups: True', 'RestaurantsPriceRange2: 1', 'RestaurantsReservations: False', 'RestaurantsTakeOut: True', 'WiFi: no']",-81.8140622,7533 Pearl Rd,44130,OH,1,6WdKJJbK6EC5R8PKGWMsng,business
Teresa's Pizza,Warrensville Heights,3,"['Monday 11:0-21:0', 'Tuesday 11:0-21:0', 'Wednesday 11:0-22:0', 'Thursday 11:0-22:0', 'Friday 11:0-23:0', 'Saturday 11:0-23:0', 'Sunday 12:0-21:0']",,"['Chicken Wings', 'Food', 'Desserts', 'Pizza', 'Restaurants']",41.434791,2.5,"['Alcohol: none', ""Ambience: {'romantic': False, 'intimate': False, 'classy': False, 'hipster': False, 'divey': False, 'touristy': False, 'trendy': False, 'upscale': False, 'casual': False}"", 'BikeParking: True', 'BusinessAcceptsCreditCards: True', ""BusinessParking: {'garage': False, 'street': False, 'validated': False, 'lot': False, 'valet': False}"", 'Caters: True', 'GoodForKids: True', ""GoodForMeal: {'dessert': False, 'latenight': False, 'lunch': False, 'dinner': False, 'breakfast': False, 'brunch': False}"", 'HasTV: False', 'NoiseLevel: quiet', 'OutdoorSeating: False', 'RestaurantsAttire: casual', 'RestaurantsDelivery: True', 'RestaurantsGoodForGroups: False', 'RestaurantsPriceRange2: 1', 'RestaurantsReservations: False', 'RestaurantsTableService: False', 'RestaurantsTakeOut: True', 'WiFi: no']",-81.516268,23018 Emery Rd,44122,OH,1,WFIROcsePryGgQY_nqDUQQ,business
Bistro s'Hexle,Fellbach,4,"['Monday 11:0-0:0', 'Tuesday 11:0-0:0', 'Wednesday 11:0-0:0', 'Thursday 11:0-0:0', 'Friday 11:0-3:0', 'Saturday 14:0-3:0']",,"['Restaurants', 'Beer Garden', 'German', 'Steakhouses', 'Swabian']",48.814,3.0,"['Alcohol: beer_and_wine', 'BusinessAcceptsCreditCards: False', ""BusinessParking: {'garage': False, 'street': False, 'validated': False, 'lot': False, 'valet': False}"", 'DogsAllowed: False', 'OutdoorSeating: True', 'RestaurantsDelivery: False', 'RestaurantsReservations: True', 'RestaurantsTakeOut: False']",9.27431,Bahnhofstr. 63,70734,BW,1,mfGRWDrjsb-4Rsc781VWFQ,business
M Square Coffee,Toronto,33,"['Monday 7:0-18:0', 'Tuesday 7:0-18:0', 'Wednesday 7:0-18:0', 'Thursday 7:0-18:0', 'Friday 7:0-18:0', 'Saturday 9:0-16:0', 'Sunday 9:0-16:0']",Downtown Core,"['Coffee & Tea', 'Cafes', 'Food', 'Restaurants']",43.6511545175,4.5,"['Alcohol: none', ""Ambience: {'romantic': False, 'intimate': False, 'classy': True, 'hipster': True, 'touristy': False, 'trendy': True, 'upscale': False, 'casual': False}"", 'BikeParking: True', 'BusinessAcceptsCreditCards: True', ""BusinessParking: {'garage': False, 'street': False, 'validated': False, 'lot': False, 'valet': False}"", 'Caters: False', 'GoodForKids: True', ""GoodForMeal: {'dessert': False, 'latenight': False, 'lunch': False, 'dinner': False, 'breakfast': False, 'brunch': False}"", 'HasTV: False', 'NoiseLevel: quiet', 'OutdoorSeating: False', 'RestaurantsAttire: casual', 'RestaurantsDelivery: False', 'RestaurantsGoodForGroups: False', 'RestaurantsPriceRange2: 1', 'RestaurantsReservations: False', 'RestaurantsTableService: False', 'RestaurantsTakeOut: True', 'WheelchairAccessible: True', 'WiFi: free']",-79.3842878093,"The Sheraton Centre, 123 Queen Street W, Unit C24",M5H 2M9,ON,1,tf4FoM-A_I469qTUbLZs5Q,business
Applebee's,Canonsburg,12,"['Monday 11:0-0:0', 'Tuesday 11:0-0:0', 'Wednesday 11:0-0:0', 'Thursday 11:0-0:0', 'Friday 11:0-1:0', 'Saturday 11:0-1:0', 'Sunday 11:0-0:0']",,"['Nightlife', 'American (Traditional)', 'Bars', 'Steakhouses', 'Restaurants', 'Burgers', 'Sports Bars']",40.2679488,3.0,"['Alcohol: full_bar', ""Ambience: {'romantic': False, 'intimate': False, 'classy': False, 'hipster': False, 'divey': False, 'touristy': False, 'trendy': False, 'upscale': False, 'casual': False}"", 'BusinessAcceptsCreditCards: True', 'GoodForDancing: False', 'GoodForKids: True', ""GoodForMeal: {'dessert': False, 'latenight': False, 'lunch': False, 'dinner': False, 'breakfast': False, 'brunch': False}"", 'HappyHour: True', 'HasTV: True', 'NoiseLevel: loud', 'OutdoorSeating: False', 'RestaurantsAttire: casual', 'RestaurantsDelivery: False', 'RestaurantsGoodForGroups: True', 'RestaurantsPriceRange2: 2', 'RestaurantsReservations: True', 'RestaurantsTakeOut: True']",-80.1282415,4039 Washington Rd,15317,PA,1,bJGtHxejEJboO2o_DtaPEQ,business
Gaststätte Schlößlesmühle,Steinenbronn,4,"['Wednesday 12:0-22:0', 'Thursday 12:0-22:0', 'Friday 12:0-22:0', 'Saturday 11:0-1:0', 'Sunday 11:0-1:0', 'Sunday 11:0-22:0']",,"['Restaurants', 'German']",48.6636,4.0,"['BusinessAcceptsCreditCards: True', ""BusinessParking: {'garage': False, 'street': True, 'validated': False, 'lot': False, 'valet': False}"", 'DogsAllowed: False', 'GoodForKids: False', 'OutdoorSeating: True', 'RestaurantsDelivery: False', 'RestaurantsGoodForGroups: True', 'RestaurantsReservations: False', 'RestaurantsTakeOut: False']",9.1215291,Schlößlesmühle 1,71144,BW,1,CKaCB-L-w5Q2EpynLFudUA,business
Pinkerton Snack Bar,Toronto,21,"['Wednesday 17:30-2:0', 'Thursday 17:30-2:0', 'Friday 17:30-2:0', 'Saturday 17:30-2:0', 'Sunday 11:0-2:0']",Leslieville,"['Nightlife', 'Bars', 'Pubs', 'Tapas/Small Plates', 'Cocktail Bars', 'Restaurants']",43.6689715,4.0,"['Alcohol: full_bar', ""Ambience: {'romantic': False, 'intimate': False, 'classy': False, 'hipster': True, 'touristy': False, 'trendy': False, 'upscale': False, 'casual': True}"", 'BikeParking: True', ""BusinessParking: {'garage': False, 'street': True, 'validated': False, 'lot': False, 'valet': False}"", 'GoodForDancing: False', 'HappyHour: False', 'HasTV: False', ""Music: {'dj': False, 'background_music': True, 'no_music': False, 'karaoke': False, 'live': False, 'video': False, 'jukebox': False}"", 'NoiseLevel: average', 'OutdoorSeating: False', 'RestaurantsGoodForGroups: False', 'RestaurantsPriceRange2: 1', 'RestaurantsReservations: False', 'Smoking: no', 'GoodForKids: False', 'RestaurantsAttire: casual', 'RestaurantsTakeOut: True']",-79.337279,1026 Gerrard Street E,M4M 1Z5,ON,1,HD10w7sMM9HkF4pM8BlJZQ,business
Ratskeller,Ludwigsburg,28,"['Monday 11:0-23:0', 'Tuesday 11:0-23:45', 'Wednesday 11:0-23:0', 'Thursday 11:0-23:0', 'Friday 11:0-0:30', 'Saturday 11:0-2:0', 'Sunday 11:0-23:0']",,"['Arts & Entertainment', 'Beer Garden', 'German', 'Restaurants', 'Music Venues', 'Nightlife']",48.8960564962,3.5,"['Alcohol: full_bar', ""Ambience: {'romantic': False, 'intimate': False, 'classy': False, 'hipster': False, 'touristy': False, 'trendy': False, 'upscale': False, 'casual': False}"", 'BikeParking: False', 'BusinessAcceptsCreditCards: True', ""BusinessParking: {'garage': True, 'street': False, 'validated': False, 'lot': False, 'valet': False}"", 'Caters: True', ""DietaryRestrictions: {'dairy-free': False, 'gluten-free': False, 'vegan': True, 'kosher': False, 'halal': False, 'soy-free': False, 'vegetarian': False}"", 'DogsAllowed: True', 'GoodForKids: True', ""GoodForMeal: {'dessert': False, 'latenight': False, 'lunch': False, 'dinner': False, 'breakfast': False, 'brunch': False}"", 'HasTV: True', 'NoiseLevel: loud', 'OutdoorSeating: True', 'RestaurantsAttire: casual', 'RestaurantsDelivery: False', 'RestaurantsGoodForGroups: True', 'RestaurantsPriceRange2: 2', 'RestaurantsReservations: True', 'RestaurantsTableService: True', 'RestaurantsTakeOut: True', 'Smoking: yes', 'WheelchairAccessible: True', 'WiFi: free']",9.190963995,Wilhelmstr. 13,71638,BW,1,AQByxbGDCXneOCKLstM6sg,business
Little Fin,Toronto,128,"['Monday 8:0-20:0', 'Tuesday 8:0-20:0', 'Wednesday 8:0-20:0', 'Thursday 8:0-20:0', 'Friday 8:0-20:0', 'Saturday 11:0-20:0']",Downtown Core,"['Seafood', 'Italian', 'Fish & Chips', 'Sandwiches', 'Restaurants']",43.6510992,3.5,"['Alcohol: beer_and_wine', ""Ambience: {'romantic': False, 'intimate': False, 'classy': False, 'hipster': False, 'touristy': False, 'trendy': False, 'upscale': False, 'casual': True}"", 'BikeParking: True', 'BusinessAcceptsCreditCards: True', ""BusinessParking: {'garage': False, 'street': True, 'validated': False, 'lot': False, 'valet': False}"", 'Caters: True', 'GoodForKids: True', ""GoodForMeal: {'dessert': False, 'latenight': False, 'lunch': True, 'dinner': False, 'breakfast': False, 'brunch': False}"", 'HasTV: False', 'NoiseLevel: average', 'OutdoorSeating: True', 'RestaurantsAttire: casual', 'RestaurantsDelivery: False', 'RestaurantsGoodForGroups: False', 'RestaurantsPriceRange2: 2', 'RestaurantsReservations: False', 'RestaurantsTableService: False', 'RestaurantsTakeOut: True', 'WiFi: no']",-79.3791616,4 Temperance Street,M5H 1Y4,ON,1,x6PA-2j7LpZAYFo2VojmQQ,business
Ume Sushi,Toronto,45,,Willowdale,"['Sushi Bars', 'Japanese', 'Restaurants']",43.7791583097,4.0,"['Alcohol: beer_and_wine', ""Ambience: {'romantic': False, 'intimate': False, 'classy': False, 'hipster': False, 'touristy': False, 'trendy': False, 'upscale': False, 'casual': True}"", 'BikeParking: True', 'BusinessAcceptsCreditCards: True', ""BusinessParking: {'garage': False, 'street': True, 'validated': False, 'lot': False, 'valet': False}"", 'Caters: True', 'GoodForKids: True', ""GoodForMeal: {'dessert': False, 'latenight': False, 'lunch': True, 'dinner': False, 'breakfast': False, 'brunch': False}"", 'HasTV: True', 'NoiseLevel: average', 'OutdoorSeating: True', 'RestaurantsAttire: casual', 'RestaurantsDelivery: False', 'RestaurantsGoodForGroups: True', 'RestaurantsPriceRange2: 2', 'RestaurantsReservations: True', 'RestaurantsTableService: True', 'RestaurantsTakeOut: True', 'WiFi: free']",-79.4171726704,19B Finch Avenue W,M2M 4G6,ON,1,JTgu-UYrJuYlwmwXUu4ADw,business
La Castile Steak House & Seafood Restaurant,Mississauga,71,"['Monday 11:30-1:0', 'Tuesday 11:30-1:0', 'Wednesday 11:30-1:0', 'Thursday 11:30-1:0', 'Friday 11:30-1:0', 'Saturday 17:0-1:0']",,"['Restaurants', 'Seafood', 'Steakhouses']",43.6263581,4.0,"['Alcohol: full_bar', ""Ambience: {'romantic': True, 'intimate': False, 'classy': True, 'hipster': False, 'touristy': False, 'trendy': False, 'upscale': False, 'casual': False}"", 'BikeParking: False', 'BusinessAcceptsCreditCards: True', ""BusinessParking: {'garage': False, 'street': False, 'validated': False, 'lot': True, 'valet': False}"", 'Caters: False', 'GoodForKids: False', ""GoodForMeal: {'dessert': False, 'latenight': False, 'lunch': False, 'dinner': True, 'breakfast': False, 'brunch': False}"", 'HasTV: False', 'NoiseLevel: average', 'OutdoorSeating: False', 'RestaurantsAttire: dressy', 'RestaurantsDelivery: False', 'RestaurantsGoodForGroups: True', 'RestaurantsPriceRange2: 3', 'RestaurantsReservations: True', 'RestaurantsTableService: True', 'RestaurantsTakeOut: False', 'WheelchairAccessible: True', 'WiFi: no']",-79.5667545,2179 Dundas Street E,L4X 1M3,ON,1,kNlna23mYfRqGv7VJByKkA,business
Gracie's Diner,Eastlake,5,"['Monday 6:0-16:0', 'Tuesday 6:0-16:0', 'Wednesday 6:0-16:0', 'Thursday 6:0-16:0', 'Friday 6:0-16:0', 'Saturday 6:0-16:0', 'Sunday 7:0-13:0']",,"['Donuts', 'Restaurants', 'Food', 'Coffee & Tea', 'Breakfast & Brunch']",41.663805,4.0,"[""Ambience: {'romantic': False, 'intimate': False, 'classy': False, 'hipster': False, 'divey': False, 'touristy': False, 'trendy': False, 'upscale': False, 'casual': False}"", 'BusinessAcceptsCreditCards: True', 'GoodForKids: True', ""GoodForMeal: {'dessert': False, 'latenight': False, 'lunch': False, 'dinner': False, 'breakfast': False, 'brunch': False}"", 'OutdoorSeating: False', 'RestaurantsAttire: casual', 'RestaurantsDelivery: False', 'RestaurantsGoodForGroups: False', 'RestaurantsPriceRange2: 1', 'RestaurantsReservations: False', 'RestaurantsTakeOut: True', 'HasTV: True']",-81.4330374,35583 Lake Shore Blvd,44095,OH,1,rdGTFCzqtIOSsgpA8KR68w,business
Sbarro Italian Eatery,Las Vegas,5,,Southeast,"['Food Court', 'Restaurants', 'Italian', 'Pizza']",36.089494,3.0,"['Alcohol: beer_and_wine', ""Ambience: {'romantic': False, 'intimate': False, 'classy': False, 'hipster': False, 'divey': False, 'touristy': False, 'trendy': False, 'upscale': False, 'casual': False}"", 'BusinessAcceptsCreditCards: True', ""BusinessParking: {'garage': False, 'street': False, 'validated': False, 'lot': False, 'valet': False}"", 'Caters: False', 'GoodForKids: True', ""GoodForMeal: {'dessert': False, 'latenight': False, 'lunch': False, 'dinner': False, 'breakfast': False, 'brunch': False}"", 'HasTV: False', 'NoiseLevel: average', 'OutdoorSeating: True', 'RestaurantsAttire: casual', 'RestaurantsDelivery: False', 'RestaurantsGoodForGroups: False', 'RestaurantsPriceRange2: 1', 'RestaurantsReservations: False', 'RestaurantsTableService: False', 'RestaurantsTakeOut: False']",-115.138026,6017-6099 S Airport Con,89119,NV,1,BfrKMKCcsSMm8cmNkIIhRQ,business
Han Mi Jeong,Richmond Hill,56,"['Monday 11:30-21:30', 'Tuesday 11:30-21:30', 'Wednesday 11:30-21:30', 'Thursday 11:30-21:30', 'Friday 11:30-22:0', 'Saturday 11:30-22:0']",,"['Restaurants', 'Korean']",43.86627,4.0,"['Alcohol: none', ""Ambience: {'romantic': False, 'intimate': False, 'classy': False, 'hipster': False, 'touristy': False, 'trendy': False, 'upscale': False, 'casual': True}"", 'BusinessAcceptsCreditCards: True', ""BusinessParking: {'garage': False, 'street': False, 'validated': False, 'lot': True, 'valet': False}"", 'Caters: False', 'GoodForKids: True', ""GoodForMeal: {'dessert': False, 'latenight': False, 'lunch': True, 'dinner': True, 'breakfast': False, 'brunch': False}"", 'HasTV: True', 'NoiseLevel: average', 'OutdoorSeating: False', 'RestaurantsAttire: casual', 'RestaurantsDelivery: False', 'RestaurantsGoodForGroups: True', 'RestaurantsPriceRange2: 2', 'RestaurantsReservations: True', 'RestaurantsTableService: True', 'RestaurantsTakeOut: True', 'WiFi: no', 'BikeParking: False']",-79.3864861,"9425 Leslie Street, Unit 3",L4B 3N7,ON,1,SKXfTKNxazyebsV19LYUxg,business
Cage Aux Sports La,Boisbriand,3,,,"['Chicken Wings', 'Restaurants']",45.6126338,3.5,"[""Ambience: {'romantic': False, 'intimate': False, 'classy': False, 'hipster': False, 'touristy': False, 'trendy': False, 'upscale': False, 'casual': False}"", 'BusinessAcceptsCreditCards: True', ""BusinessParking: {'garage': False, 'street': False, 'validated': False, 'lot': False, 'valet': False}"", 'Caters: False', 'GoodForKids: True', ""GoodForMeal: {'dessert': False, 'latenight': False, 'lunch': False, 'dinner': False, 'breakfast': False, 'brunch': False}"", 'HasTV: True', 'NoiseLevel: loud', 'OutdoorSeating: True', 'RestaurantsAttire: casual', 'RestaurantsDelivery: False', 'RestaurantsGoodForGroups: True', 'RestaurantsPriceRange2: 2', 'RestaurantsReservations: True', 'RestaurantsTableService: True', 'RestaurantsTakeOut: False', 'WiFi: free']",-73.8383733,,,QC,1,uKukc4IFO4egaMsEd1y6vw,business
Thai Home,Toronto,16,"['Monday 11:0-23:0', 'Tuesday 11:0-23:0', 'Wednesday 11:0-23:0', 'Thursday 11:0-23:0', 'Friday 11:0-23:0', 'Saturday 11:0-23:0', 'Sunday 11:0-23:0']",High Park,"['Restaurants', 'Thai']",43.6431268,3.5,"[""Ambience: {'romantic': False, 'intimate': False, 'classy': False, 'hipster': False, 'touristy': False, 'trendy': False, 'upscale': False, 'casual': False}"", 'BikeParking: True', 'BusinessAcceptsCreditCards: True', 'GoodForKids: True', 'RestaurantsAttire: casual', 'RestaurantsDelivery: True', 'RestaurantsPriceRange2: 2', 'RestaurantsReservations: True', 'RestaurantsTakeOut: True']",-79.4477936,133 Roncesvalles Avenue,M6R 2L2,ON,1,sGlJTru2c707Vevy3ZmNMw,business
Douce France,Toronto,45,"['Tuesday 8:30-19:0', 'Wednesday 8:30-19:0', 'Thursday 8:30-19:0', 'Friday 8:30-19:0', 'Saturday 8:30-18:30', 'Sunday 8:30-18:0']",Mount Pleasant and Davisville,"['Restaurants', 'Chocolatiers & Shops', 'Caterers', 'French', 'Specialty Food', 'Event Planning & Services', 'Food', 'Coffee & Tea', 'Cafes']",43.7115473,4.5,"['BikeParking: True', 'BusinessAcceptsCreditCards: True', ""BusinessParking: {'garage': False, 'street': True, 'validated': False, 'lot': False, 'valet': False}"", 'GoodForKids: False', ""GoodForMeal: {'dessert': False, 'latenight': False, 'lunch': False, 'dinner': False, 'breakfast': False, 'brunch': False}"", 'OutdoorSeating: True', 'RestaurantsAttire: casual', 'RestaurantsDelivery: False', 'RestaurantsGoodForGroups: False', 'RestaurantsPriceRange2: 3', 'RestaurantsReservations: False', 'RestaurantsTakeOut: True', 'WheelchairAccessible: True']",-79.3993523,"2471 Yonge Street, 3 Blocks N of Eglinton",M4P 2H6,ON,1,gISrxk4A5dfrjDivkC-L-Q,business
Kneaders Bakery & Cafe,Henderson,115,"['Monday 7:0-22:0', 'Tuesday 7:0-22:0', 'Wednesday 7:0-22:0', 'Thursday 7:0-22:0', 'Friday 7:0-22:0', 'Saturday 7:0-22:0', 'Sunday 7:0-22:0']",Anthem,"['Food', 'Breakfast & Brunch', 'Bakeries', 'Restaurants', 'Sandwiches']",35.987366,3.0,"['Alcohol: none', ""Ambience: {'romantic': False, 'intimate': False, 'classy': False, 'hipster': False, 'divey': False, 'touristy': False, 'trendy': False, 'upscale': False, 'casual': True}"", 'BikeParking: True', 'BusinessAcceptsCreditCards: True', ""BusinessParking: {'garage': False, 'street': False, 'validated': False, 'lot': True, 'valet': False}"", 'Caters: True', 'GoodForKids: True', ""GoodForMeal: {'dessert': False, 'latenight': False, 'lunch': True, 'dinner': False, 'breakfast': True, 'brunch': True}"", 'HasTV: False', 'NoiseLevel: average', 'OutdoorSeating: False', 'RestaurantsAttire: casual', 'RestaurantsDelivery: False', 'RestaurantsGoodForGroups: True', 'RestaurantsPriceRange2: 1', 'RestaurantsReservations: False', 'RestaurantsTableService: False', 'RestaurantsTakeOut: True', 'WiFi: no']",-115.101047,11271 Eastern Ave,89052,NV,1,5cBF1x9873GVQ6FIw_Fnjg,business
Port of Subs,Henderson,30,"['Monday 9:0-21:0', 'Tuesday 9:0-21:0', 'Wednesday 9:0-21:0', 'Thursday 9:0-21:0', 'Friday 9:0-21:0', 'Saturday 9:0-21:0', 'Sunday 10:0-20:0']",Anthem,"['Restaurants', 'Sandwiches', 'Delis']",36.0019645,4.0,"['Alcohol: none', ""Ambience: {'romantic': False, 'intimate': False, 'classy': False, 'hipster': False, 'divey': False, 'touristy': False, 'trendy': False, 'upscale': False, 'casual': True}"", 'BikeParking: False', 'BusinessAcceptsCreditCards: True', ""BusinessParking: {'garage': False, 'street': False, 'validated': False, 'lot': False, 'valet': False}"", 'Caters: True', 'GoodForKids: True', ""GoodForMeal: {'dessert': False, 'latenight': False, 'lunch': True, 'dinner': False, 'breakfast': False, 'brunch': False}"", 'HasTV: True', 'OutdoorSeating: True', 'RestaurantsAttire: casual', 'RestaurantsDelivery: False', 'RestaurantsGoodForGroups: True', 'RestaurantsPriceRange2: 1', 'RestaurantsReservations: False', 'RestaurantsTableService: False', 'RestaurantsTakeOut: True', 'WiFi: no', 'NoiseLevel: quiet']",-115.1031259,"2642 West Horizon Ridge, Ste A-1",89052,NV,1,A8ZXAfU9AM_s3ZWHu_HVFQ,business
On-A-Bun,Mississauga,34,"['Monday 10:0-18:0', 'Tuesday 10:0-18:0', 'Wednesday 10:0-18:0', 'Thursday 10:0-20:0', 'Friday 10:0-20:0', 'Saturday 10:0-18:0']",,"['Sandwiches', 'Restaurants']",43.5792412,4.0,"['Alcohol: none', ""Ambience: {'romantic': False, 'intimate': False, 'classy': False, 'hipster': False, 'touristy': False, 'trendy': False, 'upscale': False, 'casual': True}"", 'BikeParking: True', 'BusinessAcceptsCreditCards: True', ""BusinessParking: {'garage': False, 'street': False, 'validated': False, 'lot': True, 'valet': False}"", 'Caters: True', 'GoodForKids: True', 'HasTV: True', 'NoiseLevel: quiet', 'OutdoorSeating: True', 'RestaurantsAttire: casual', 'RestaurantsDelivery: False', 'RestaurantsGoodForGroups: True', 'RestaurantsPriceRange2: 1', 'RestaurantsReservations: False', 'RestaurantsTableService: False', 'RestaurantsTakeOut: True', 'WiFi: no', ""GoodForMeal: {'dessert': False, 'latenight': False, 'lunch': True, 'dinner': True, 'breakfast': False, 'brunch': False}""]",-79.6495965,"3663 Mavis Road, Unit 1D",L5C 2Z2,ON,1,PO8xe6fu9v8vRpzrd35ALA,business
The Little Village Restaurant,McAdenville,5,"['Monday 6:0-14:0', 'Monday 16:30-19:30', 'Tuesday 6:0-14:0', 'Tuesday 16:30-19:30', 'Wednesday 6:0-14:0', 'Wednesday 16:30-19:30', 'Thursday 6:0-14:0', 'Thursday 16:30-19:30', 'Friday 6:0-14:0', 'Friday 16:30-19:30', 'Saturday 6:0-12:30']",,"['Burgers', 'Restaurants']",35.2450797,4.0,"['Alcohol: none', ""Ambience: {'romantic': False, 'intimate': False, 'classy': False, 'hipster': False, 'divey': False, 'touristy': False, 'trendy': False, 'upscale': False, 'casual': False}"", 'BusinessAcceptsCreditCards: True', ""BusinessParking: {'garage': False, 'street': False, 'validated': False, 'lot': False, 'valet': False}"", 'DriveThru: False', 'GoodForKids: True', ""GoodForMeal: {'dessert': False, 'latenight': False, 'lunch': False, 'dinner': False, 'breakfast': True, 'brunch': False}"", 'HasTV: False', 'NoiseLevel: average', 'OutdoorSeating: False', 'RestaurantsAttire: casual', 'RestaurantsDelivery: False', 'RestaurantsGoodForGroups: True', 'RestaurantsPriceRange2: 1', 'RestaurantsReservations: False', 'RestaurantsTableService: True', 'RestaurantsTakeOut: True', 'WiFi: no']",-81.0386647,129 N Main St,28101,NC,1,s-Iu1hVgyB24WxGVCQuc8A,business
Paradise Bakery & Cafe,Glendale,12,"['Monday 7:0-21:0', 'Tuesday 7:0-21:0', 'Wednesday 7:0-21:0', 'Thursday 7:0-21:0', 'Friday 7:0-21:0', 'Saturday 7:0-21:0']",,"['Restaurants', 'Food', 'Bakeries', 'Cafes']",33.6420951,3.5,"['Alcohol: none', ""Ambience: {'romantic': False, 'intimate': False, 'classy': False, 'hipster': False, 'divey': False, 'touristy': False, 'trendy': False, 'upscale': False, 'casual': False}"", 'BikeParking: True', 'BusinessAcceptsCreditCards: True', ""BusinessParking: {'garage': False, 'street': False, 'validated': False, 'lot': False, 'valet': False}"", 'Caters: False', 'GoodForKids: True', ""GoodForMeal: {'dessert': False, 'latenight': False, 'lunch': False, 'dinner': False, 'breakfast': False, 'brunch': False}"", 'HasTV: False', 'NoiseLevel: very_loud', 'OutdoorSeating: False', 'RestaurantsAttire: casual', 'RestaurantsDelivery: False', 'RestaurantsGoodForGroups: True', 'RestaurantsPriceRange2: 2', 'RestaurantsReservations: False', 'RestaurantsTableService: False', 'RestaurantsTakeOut: True', 'WiFi: no']",-112.2256801,"7700 W Arrowhead Towne Ctr, Ste 2061",85308,AZ,0,uoEV1AxIm3_XFxiScYWrbA,business
Janie Jones,Toronto,10,,Leslieville,"['Pubs', 'Bars', 'British', 'Nightlife', 'Restaurants', 'Breakfast & Brunch']",43.6690485,4.0,"[""Ambience: {'romantic': False, 'intimate': False, 'classy': False, 'hipster': False, 'touristy': False, 'trendy': False, 'upscale': False, 'casual': False}"", 'Alcohol: full_bar', 'GoodForKids: True', ""GoodForMeal: {'dessert': False, 'latenight': False, 'lunch': False, 'dinner': False, 'breakfast': False, 'brunch': False}"", 'HasTV: False', 'NoiseLevel: average', 'OutdoorSeating: False', 'RestaurantsAttire: casual', 'RestaurantsTableService: True', 'RestaurantsTakeOut: True', 'Smoking: no', 'GoodForDancing: False', 'RestaurantsGoodForGroups: True', 'RestaurantsPriceRange2: 2']",-79.3371899,1030 Gerrard Street,M4M 1Z5,ON,1,wyP3MWt3Y1BHZbgz7QyOTw,business
Atrium Lounge,Montréal,3,"['Monday 10:0-17:0', 'Tuesday 10:0-17:0', 'Wednesday 10:0-18:0', 'Thursday 10:0-21:0', 'Friday 10:0-21:0', 'Saturday 10:0-17:0']",Ville-Marie,"['Restaurants', 'Tapas Bars', 'Bars', 'Lounges', 'Canadian (New)', 'Nightlife']",45.5018997192,4.0,"['Alcohol: full_bar', ""Ambience: {'romantic': False, 'intimate': False, 'classy': False, 'hipster': False, 'touristy': False, 'trendy': False, 'upscale': False, 'casual': False}"", ""BestNights: {'monday': False, 'tuesday': False, 'friday': True, 'wednesday': True, 'thursday': True, 'sunday': False, 'saturday': False}"", 'BikeParking: True', 'BusinessAcceptsCreditCards: True', ""BusinessParking: {'garage': True, 'street': True, 'validated': False, 'lot': False, 'valet': False}"", 'Caters: True', 'CoatCheck: False', 'DogsAllowed: False', 'GoodForDancing: False', 'GoodForKids: False', ""GoodForMeal: {'dessert': False, 'latenight': False, 'lunch': False, 'dinner': False, 'breakfast': False, 'brunch': False}"", 'HappyHour: True', 'HasTV: True', ""Music: {'dj': False, 'background_music': False, 'no_music': False, 'karaoke': False, 'live': False, 'video': False, 'jukebox': False}"", 'NoiseLevel: quiet', 'OutdoorSeating: False', 'RestaurantsAttire: casual', 'RestaurantsDelivery: False', 'RestaurantsGoodForGroups: True', 'RestaurantsPriceRange2: 2', 'RestaurantsReservations: True', 'RestaurantsTableService: True', 'RestaurantsTakeOut: True', 'Smoking: no', 'WheelchairAccessible: False', 'WiFi: free']",-73.5721054077,1455 Peel Street,H3A 1T5,QC,0,YqUTgoyXLXmFiH7wHx_W7Q,business
Fair Trade Café,Phoenix,37,"['Monday 8:0-17:0', 'Tuesday 8:0-17:0', 'Wednesday 8:0-17:0', 'Thursday 8:0-17:0', 'Friday 8:0-17:0']",,"['Cafes', 'Food', 'Restaurants', 'Breakfast & Brunch', 'Coffee & Tea']",33.4532333,3.5,"[""Ambience: {'romantic': False, 'intimate': False, 'classy': False, 'hipster': False, 'divey': False, 'touristy': False, 'trendy': False, 'upscale': False, 'casual': False}"", 'BikeParking: True', 'BusinessAcceptsCreditCards: True', ""BusinessParking: {'garage': False, 'street': True, 'validated': False, 'lot': False, 'valet': False}"", 'GoodForKids: True', ""GoodForMeal: {'dessert': False, 'latenight': False, 'lunch': False, 'dinner': False, 'breakfast': False, 'brunch': False}"", 'HasTV: False', 'NoiseLevel: quiet', 'OutdoorSeating: True', 'RestaurantsAttire: casual', 'RestaurantsDelivery: False', 'RestaurantsGoodForGroups: True', 'RestaurantsPriceRange2: 1', 'RestaurantsReservations: False', 'RestaurantsTableService: False', 'RestaurantsTakeOut: True', 'WheelchairAccessible: True', 'WiFi: free']",-112.0742386,424 N Central Ave,85003,AZ,1,pDwpui_M8LZ5I6DaXUDVmg,business
Señorita Bonita's Mexican Grill & Cantina,Solon,49,"['Monday 11:0-22:0', 'Tuesday 11:0-22:0', 'Wednesday 11:0-22:0', 'Thursday 11:0-22:0', 'Friday 11:0-23:0', 'Saturday 12:0-23:0', 'Sunday 12:0-21:0']",,"['Restaurants', 'Mexican']",41.3962202,3.5,"['Alcohol: full_bar', ""Ambience: {'romantic': False, 'intimate': False, 'classy': False, 'hipster': False, 'divey': False, 'touristy': False, 'trendy': False, 'upscale': False, 'casual': True}"", 'BikeParking: True', 'BusinessAcceptsCreditCards: True', ""BusinessParking: {'garage': False, 'street': False, 'validated': False, 'lot': True, 'valet': False}"", 'Caters: False', 'GoodForKids: True', ""GoodForMeal: {'dessert': False, 'latenight': False, 'lunch': True, 'dinner': False, 'breakfast': False, 'brunch': False}"", 'HasTV: True', 'NoiseLevel: average', 'OutdoorSeating: True', 'RestaurantsAttire: casual', 'RestaurantsDelivery: False', 'RestaurantsGoodForGroups: True', 'RestaurantsPriceRange2: 2', 'RestaurantsReservations: True', 'RestaurantsTableService: True', 'RestaurantsTakeOut: True', 'WheelchairAccessible: True', 'WiFi: free']",-81.4644922,6000 Enterprise Pkwy,44139,OH,1,mCdhEWxl0a4r5OQWgdfF2Q,business
Laird & Dog Hotel,Lasswade,4,"['Monday 7:0-22:0', 'Tuesday 7:0-22:0', 'Wednesday 7:0-22:0', 'Thursday 7:0-22:0', 'Friday 7:0-22:0', 'Saturday 7:0-13:0', 'Sunday 7:0-13:0']",,"['Pubs', 'Hotels & Travel', 'Hotels', 'Event Planning & Services', 'Bars', 'Restaurants', 'Nightlife']",55.8835403152,3.5,"['Alcohol: full_bar', ""Ambience: {'romantic': False, 'intimate': False, 'classy': False, 'hipster': False, 'touristy': False, 'trendy': False, 'upscale': False, 'casual': False}"", 'BusinessAcceptsCreditCards: True', ""BusinessParking: {'garage': False, 'street': False, 'lot': False, 'valet': False}"", 'CoatCheck: False', 'GoodForDancing: False', 'GoodForKids: True', ""GoodForMeal: {'dessert': False, 'latenight': False, 'lunch': False, 'dinner': False, 'breakfast': False, 'brunch': False}"", ""Music: {'dj': False, 'background_music': True, 'no_music': False, 'karaoke': False, 'live': False, 'video': False, 'jukebox': False}"", 'NoiseLevel: average', 'RestaurantsAttire: casual', 'RestaurantsGoodForGroups: True', 'RestaurantsPriceRange2: 2', 'RestaurantsReservations: True', 'RestaurantsTableService: True', 'Smoking: outdoor', 'WiFi: free']",-3.1153506468,5 High Street,EH18 1NA,MLN,1,KJdGFnn3CvkO7uDOg5cYbw,business
Great Wall Chinese Restaurant,Gilbert,117,"['Monday 11:0-21:0', 'Tuesday 11:0-21:0', 'Wednesday 11:0-21:0', 'Thursday 11:0-21:0', 'Friday 11:0-21:0', 'Saturday 11:0-21:0', 'Sunday 11:0-21:0']",,"['Chinese', 'Seafood', 'Soup', 'Restaurants']",33.3061762584,4.0,"['Alcohol: beer_and_wine', ""Ambience: {'romantic': False, 'intimate': False, 'classy': False, 'hipster': False, 'divey': False, 'touristy': False, 'trendy': False, 'upscale': False, 'casual': True}"", 'BikeParking: False', 'BusinessAcceptsCreditCards: True', ""BusinessParking: {'garage': False, 'street': False, 'validated': False, 'lot': True, 'valet': False}"", 'Caters: False', 'GoodForKids: True', ""GoodForMeal: {'dessert': False, 'latenight': False, 'lunch': True, 'dinner': True, 'breakfast': False, 'brunch': False}"", 'HasTV: True', 'NoiseLevel: average', 'OutdoorSeating: False', 'RestaurantsAttire: casual', 'RestaurantsDelivery: False', 'RestaurantsGoodForGroups: True', 'RestaurantsPriceRange2: 1', 'RestaurantsReservations: False', 'RestaurantsTableService: True', 'RestaurantsTakeOut: True', 'WheelchairAccessible: True', 'WiFi: no']",-111.720842568,"2473 S Higley Rd, Ste 106",85297,AZ,1,Y1WIH4jstH846oWcDnoZLw,business
Belmonte Raw,Toronto,19,"['Monday 7:30-18:0', 'Tuesday 7:30-18:0', 'Wednesday 7:30-18:0', 'Thursday 7:30-18:0', 'Friday 7:30-18:0', 'Saturday 10:0-17:0', 'Sunday 10:0-17:0']",Leslieville,"['Restaurants', 'Live/Raw Food']",43.6614534,3.5,"['Alcohol: none', ""Ambience: {'romantic': False, 'intimate': False, 'classy': False, 'hipster': False, 'touristy': False, 'trendy': False, 'upscale': False, 'casual': False}"", 'BikeParking: True', 'BusinessAcceptsCreditCards: True', ""BusinessParking: {'garage': False, 'street': True, 'validated': False, 'lot': False, 'valet': False}"", 'Caters: True', 'DogsAllowed: False', 'GoodForKids: True', ""GoodForMeal: {'dessert': False, 'latenight': False, 'lunch': False, 'dinner': False, 'breakfast': False, 'brunch': False}"", 'HasTV: False', 'NoiseLevel: average', 'OutdoorSeating: False', 'RestaurantsAttire: casual', 'RestaurantsDelivery: True', 'RestaurantsGoodForGroups: True', 'RestaurantsPriceRange2: 2', 'RestaurantsReservations: False', 'RestaurantsTableService: False', 'RestaurantsTakeOut: True', 'WheelchairAccessible: True', 'WiFi: free']",-79.3386546,1022 Queen St E,M4M 1K3,ON,1,gcKpqni5UXM9ghBeZYDMtA,business
Wild Wing,Toronto,18,,,"['Restaurants', 'Chicken Wings']",43.6671908,2.5,"['Alcohol: full_bar', ""Ambience: {'romantic': False, 'intimate': False, 'classy': False, 'hipster': False, 'touristy': False, 'trendy': False, 'upscale': False, 'casual': False}"", 'BikeParking: False', 'BusinessAcceptsCreditCards: True', ""BusinessParking: {'garage': False, 'street': False, 'validated': False, 'lot': False, 'valet': False}"", 'GoodForKids: True', ""GoodForMeal: {'dessert': False, 'latenight': True, 'lunch': True, 'dinner': True, 'breakfast': False, 'brunch': False}"", 'HasTV: True', 'NoiseLevel: loud', 'OutdoorSeating: False', 'RestaurantsAttire: casual', 'RestaurantsDelivery: False', 'RestaurantsGoodForGroups: True', 'RestaurantsPriceRange2: 2', 'RestaurantsReservations: True', 'RestaurantsTableService: True', 'RestaurantsTakeOut: True']",-79.487559,2561 Saint Clair Avenue W,M6N 1L3,ON,1,jM4Nhkmh1ZjxkFVQVh6shQ,business
Trader Jack's Riverside Grille,Eastlake,27,"['Tuesday 11:30-22:0', 'Wednesday 11:30-22:0', 'Thursday 11:30-22:0', 'Friday 11:30-23:0', 'Saturday 11:30-23:0', 'Sunday 12:0-21:0']",,"['Restaurants', 'Burgers', 'Chicken Wings', 'Seafood']",41.668698,4.0,"['Alcohol: full_bar', ""Ambience: {'romantic': False, 'intimate': False, 'classy': False, 'hipster': False, 'divey': False, 'touristy': False, 'trendy': False, 'upscale': False, 'casual': True}"", 'BikeParking: True', 'BusinessAcceptsCreditCards: True', ""BusinessParking: {'garage': False, 'street': False, 'validated': False, 'lot': True, 'valet': False}"", 'Caters: True', 'DriveThru: False', 'GoodForKids: True', ""GoodForMeal: {'dessert': False, 'latenight': False, 'lunch': True, 'dinner': True, 'breakfast': False, 'brunch': False}"", 'HasTV: True', 'NoiseLevel: average', 'OutdoorSeating: True', 'RestaurantsAttire: casual', 'RestaurantsDelivery: False', 'RestaurantsGoodForGroups: True', 'RestaurantsPriceRange2: 2', 'RestaurantsReservations: True', 'RestaurantsTableService: True', 'RestaurantsTakeOut: True', 'WiFi: no']",-81.423367,35901 Lake Shore Blvd,44095,OH,1,28GeAA6PjuHmqgMmp1E2Uw,business
The Cellar At Duckworth's,Charlotte,164,"['Monday 17:0-0:0', 'Tuesday 17:0-0:0', 'Wednesday 17:0-0:0', 'Thursday 17:0-1:0', 'Friday 17:0-2:0', 'Saturday 17:0-2:0', 'Sunday 17:0-23:0']",First Ward,"['American (New)', 'Nightlife', 'Tapas Bars', 'Bars', 'Tapas/Small Plates', 'Cocktail Bars', 'Restaurants', 'Gastropubs', 'Lounges']",35.228985,4.5,"['Alcohol: full_bar', ""Ambience: {'romantic': True, 'intimate': False, 'classy': False, 'hipster': False, 'divey': False, 'touristy': False, 'trendy': False, 'upscale': False, 'casual': False}"", ""BestNights: {'monday': False, 'tuesday': False, 'friday': True, 'wednesday': False, 'thursday': True, 'sunday': False, 'saturday': False}"", 'BikeParking: True', 'BusinessAcceptsCreditCards: True', ""BusinessParking: {'garage': False, 'street': True, 'validated': False, 'lot': False, 'valet': False}"", 'Caters: False', 'CoatCheck: False', 'DogsAllowed: False', 'GoodForDancing: False', 'GoodForKids: False', ""GoodForMeal: {'dessert': True, 'latenight': True, 'lunch': False, 'dinner': True, 'breakfast': False, 'brunch': False}"", 'HappyHour: False', 'HasTV: False', ""Music: {'dj': False, 'background_music': False, 'no_music': False, 'karaoke': False, 'live': False, 'video': False, 'jukebox': False}"", 'NoiseLevel: average', 'OutdoorSeating: False', 'RestaurantsAttire: casual', 'RestaurantsDelivery: False', 'RestaurantsGoodForGroups: True', 'RestaurantsPriceRange2: 2', 'RestaurantsReservations: True', 'RestaurantsTableService: True', 'RestaurantsTakeOut: False', 'Smoking: no', 'WheelchairAccessible: False', 'WiFi: no']",-80.839671,330 N Tryon St,28202,NC,1,t8V_P7ZzRrhDQoqeoGVahQ,business
Italian Delights,Las Vegas,5,"['Monday 10:0-21:0', 'Tuesday 10:0-21:0', 'Wednesday 10:0-21:0', 'Thursday 10:0-21:0', 'Friday 10:0-22:0', 'Sunday 10:0-21:0']",,"['Restaurants', 'Italian']",36.2408526,2.0,"['Alcohol: none', ""Ambience: {'romantic': False, 'intimate': False, 'classy': False, 'hipster': False, 'divey': True, 'touristy': False, 'trendy': False, 'upscale': False, 'casual': False}"", 'BusinessAcceptsCreditCards: True', ""BusinessParking: {'garage': False, 'street': False, 'validated': False, 'lot': False, 'valet': False}"", 'Caters: True', 'GoodForKids: True', ""GoodForMeal: {'dessert': False, 'latenight': False, 'lunch': False, 'dinner': False, 'breakfast': False, 'brunch': False}"", 'HasTV: False', 'NoiseLevel: quiet', 'OutdoorSeating: False', 'RestaurantsAttire: casual', 'RestaurantsDelivery: True', 'RestaurantsGoodForGroups: False', 'RestaurantsPriceRange2: 1', 'RestaurantsReservations: False', 'RestaurantsTableService: True', 'RestaurantsTakeOut: True', 'WiFi: no']",-115.0789297,"4348 E Craig Rd, Ste 150",89115,NV,0,6lJB8vc2zNpHpZLuBxGU5A,business
Vintner Grill,Las Vegas,521,"['Monday 11:0-22:0', 'Tuesday 11:0-22:0', 'Wednesday 11:0-22:0', 'Thursday 11:0-22:0', 'Friday 11:0-22:0', 'Saturday 16:0-23:0', 'Sunday 16:0-22:0']",Summerlin,"['American (Traditional)', 'Restaurants', 'American (New)']",36.160122,4.0,"['Alcohol: full_bar', ""Ambience: {'romantic': False, 'intimate': False, 'classy': True, 'hipster': False, 'divey': False, 'touristy': False, 'trendy': False, 'upscale': False, 'casual': False}"", 'BYOBCorkage: yes_corkage', 'BikeParking: False', 'BusinessAcceptsCreditCards: True', ""BusinessParking: {'garage': False, 'street': False, 'validated': False, 'lot': True, 'valet': True}"", 'Caters: True', ""DietaryRestrictions: {'dairy-free': False, 'gluten-free': False, 'vegan': True, 'kosher': False, 'halal': False, 'soy-free': False, 'vegetarian': True}"", 'GoodForKids: False', ""GoodForMeal: {'dessert': False, 'latenight': False, 'lunch': False, 'dinner': True, 'breakfast': False, 'brunch': False}"", 'HasTV: True', 'NoiseLevel: average', 'Open24Hours: False', 'OutdoorSeating: True', 'RestaurantsAttire: dressy', 'RestaurantsDelivery: False', 'RestaurantsGoodForGroups: True', 'RestaurantsPriceRange2: 3', 'RestaurantsReservations: True', 'RestaurantsTableService: True', 'RestaurantsTakeOut: False', 'WheelchairAccessible: True', 'WiFi: free']",-115.31731,"10100 W Charleston Blvd, Ste 150",89135,NV,1,qmymSqVwHYRqdwfcBatzpQ,business
Mr. Brews Taphouse,Waunakee,20,"['Monday 11:0-23:0', 'Tuesday 11:0-23:0', 'Wednesday 11:0-23:0', 'Thursday 11:0-23:0', 'Friday 11:0-1:0', 'Saturday 11:0-1:0', 'Sunday 11:0-23:0']",,"['Burgers', 'Restaurants', 'Food', 'Beer', 'Wine & Spirits', 'American (New)']",43.1932034413,3.5,"['BikeParking: True', 'BusinessAcceptsCreditCards: True', 'DriveThru: False', 'GoodForKids: True', ""GoodForMeal: {'dessert': False, 'latenight': False, 'lunch': False, 'dinner': False, 'breakfast': False, 'brunch': False}"", 'HasTV: True', 'NoiseLevel: average', 'OutdoorSeating: True', 'RestaurantsAttire: casual', 'RestaurantsDelivery: False', 'RestaurantsGoodForGroups: True', 'RestaurantsPriceRange2: 2', 'RestaurantsReservations: False', 'RestaurantsTakeOut: True', 'WiFi: free']",-89.4612739608,300 N. Century Ave,53597,WI,1,PWojavffC1WGdmiFCE19vA,business
M-N-M's Coffeehouse,Waunakee,20,"['Monday 6:0-14:0', 'Tuesday 6:0-15:0', 'Wednesday 6:0-15:0', 'Thursday 6:0-15:0', 'Friday 6:0-15:0', 'Saturday 7:0-14:0', 'Sunday 8:0-14:0']",,"['Restaurants', 'Sandwiches', 'Ice Cream & Frozen Yogurt', 'Food', 'Coffee & Tea']",43.192395,4.5,"['Alcohol: none', ""Ambience: {'romantic': False, 'intimate': False, 'classy': False, 'hipster': False, 'divey': False, 'touristy': False, 'trendy': False, 'upscale': False, 'casual': True}"", 'BikeParking: True', 'BusinessAcceptsCreditCards: True', ""BusinessParking: {'garage': False, 'street': False, 'validated': False, 'lot': True, 'valet': False}"", 'Caters: False', 'GoodForKids: True', ""GoodForMeal: {'dessert': False, 'latenight': False, 'lunch': False, 'dinner': False, 'breakfast': True, 'brunch': True}"", 'HasTV: False', 'NoiseLevel: average', 'OutdoorSeating: True', 'RestaurantsAttire: casual', 'RestaurantsDelivery: False', 'RestaurantsGoodForGroups: True', 'RestaurantsPriceRange2: 1', 'RestaurantsReservations: False', 'RestaurantsTableService: False', 'RestaurantsTakeOut: True', 'WheelchairAccessible: True', 'WiFi: free']",-89.463177,509 W Main St,53597,WI,1,wfsCX4M-uf_l-hQA1sSWyQ,business
Bona Terra Restaurant,Pittsburgh,29,"['Tuesday 18:0-23:0', 'Wednesday 18:0-23:0', 'Thursday 18:0-23:0', 'Friday 17:30-23:0', 'Saturday 17:30-23:0']",Sharpsburg,"['Restaurants', 'American (New)']",40.4945944,4.5,"['Alcohol: none', ""Ambience: {'romantic': False, 'intimate': False, 'classy': False, 'hipster': False, 'divey': False, 'touristy': False, 'trendy': False, 'upscale': False, 'casual': False}"", 'BusinessAcceptsCreditCards: True', ""BusinessParking: {'garage': False, 'street': True, 'validated': False, 'lot': False, 'valet': False}"", 'Caters: False', 'GoodForKids: False', ""GoodForMeal: {'dessert': False, 'latenight': False, 'lunch': False, 'dinner': True, 'breakfast': False, 'brunch': False}"", 'HasTV: False', 'NoiseLevel: quiet', 'OutdoorSeating: False', 'RestaurantsAttire: dressy', 'RestaurantsDelivery: False', 'RestaurantsGoodForGroups: True', 'RestaurantsPriceRange2: 3', 'RestaurantsReservations: True', 'RestaurantsTableService: True', 'RestaurantsTakeOut: False', 'WheelchairAccessible: True', 'WiFi: no']",-79.9332111,908 Main St,15215,PA,0,FV5o9VV0yTU2Kt2bmjlHbA,business
Five Guys Burgers and Fries,Charlotte,29,,,"['American (Traditional)', 'Burgers', 'Restaurants']",35.3481268,4.0,"['Alcohol: none', ""Ambience: {'romantic': False, 'intimate': False, 'classy': False, 'hipster': False, 'divey': False, 'touristy': False, 'trendy': False, 'upscale': False, 'casual': True}"", 'BikeParking: True', 'BusinessAcceptsCreditCards: True', ""BusinessParking: {'garage': False, 'street': False, 'validated': False, 'lot': True, 'valet': False}"", 'DriveThru: False', 'GoodForKids: True', ""GoodForMeal: {'dessert': False, 'latenight': False, 'lunch': True, 'dinner': False, 'breakfast': False, 'brunch': False}"", 'HasTV: False', 'NoiseLevel: average', 'OutdoorSeating: True', 'RestaurantsAttire: casual', 'RestaurantsDelivery: False', 'RestaurantsGoodForGroups: True', 'RestaurantsPriceRange2: 1', 'RestaurantsReservations: False', 'RestaurantsTableService: False', 'RestaurantsTakeOut: True', 'WiFi: no']",-80.8586173,"9749 Northlake Centre Pkwy, Ste E",28216,NC,1,3njJmFjJ5lTuF5CshKR_Xw,business
El Campesino,Monroeville,80,"['Monday 11:30-22:0', 'Tuesday 11:30-22:0', 'Wednesday 11:30-22:0', 'Thursday 11:30-22:0', 'Friday 11:30-22:30', 'Saturday 11:30-22:30', 'Sunday 12:0-21:0']",,"['Restaurants', 'Mexican']",40.4396998,3.0,"['Alcohol: full_bar', ""Ambience: {'romantic': False, 'intimate': False, 'classy': False, 'hipster': False, 'divey': False, 'touristy': False, 'trendy': False, 'upscale': False, 'casual': True}"", 'BikeParking: False', 'BusinessAcceptsCreditCards: True', ""BusinessParking: {'garage': False, 'street': False, 'validated': False, 'lot': True, 'valet': False}"", 'Caters: True', 'GoodForKids: True', ""GoodForMeal: {'dessert': False, 'latenight': False, 'lunch': True, 'dinner': True, 'breakfast': False, 'brunch': False}"", 'HasTV: True', 'NoiseLevel: average', 'OutdoorSeating: False', 'RestaurantsAttire: casual', 'RestaurantsDelivery: False', 'RestaurantsGoodForGroups: True', 'RestaurantsPriceRange2: 2', 'RestaurantsReservations: True', 'RestaurantsTableService: True', 'RestaurantsTakeOut: True', 'WiFi: free']",-79.7686518,4063 William Penn Hwy,15146,PA,1,k6EQholZjA03b-O6foAPCA,business
Aurora Chinese Restaurant,Aurora,37,"['Monday 9:30-22:0', 'Tuesday 9:30-22:0', 'Wednesday 9:30-22:0', 'Thursday 9:30-22:0', 'Friday 9:30-22:0', 'Saturday 9:30-22:0', 'Sunday 9:30-22:0']",,"['Chinese', 'Restaurants']",44.0129663175,3.0,"['Alcohol: beer_and_wine', ""Ambience: {'romantic': False, 'intimate': False, 'classy': False, 'hipster': False, 'touristy': False, 'trendy': False, 'upscale': False, 'casual': True}"", 'BikeParking: False', 'BusinessAcceptsCreditCards: True', ""BusinessParking: {'garage': False, 'street': False, 'validated': False, 'lot': True, 'valet': False}"", 'Caters: True', 'GoodForKids: True', 'HasTV: False', 'NoiseLevel: average', 'OutdoorSeating: False', 'RestaurantsAttire: casual', 'RestaurantsDelivery: True', 'RestaurantsGoodForGroups: True', 'RestaurantsPriceRange2: 2', 'RestaurantsReservations: True', 'RestaurantsTableService: True', 'RestaurantsTakeOut: True', 'WheelchairAccessible: True', 'WiFi: no', ""GoodForMeal: {'dessert': False, 'latenight': False, 'lunch': True, 'dinner': False, 'breakfast': False, 'brunch': False}""]",-79.4155571693,"82 1st Commerce Drive, Unit 5",L4G 0G2,ON,1,aeROhG8M_G-W5L6XhD3TXA,business
Jack in the Box,Mesa,5,,,"['Fast Food', 'Restaurants']",33.4155177,2.0,"['Alcohol: none', ""Ambience: {'romantic': False, 'intimate': False, 'classy': False, 'hipster': False, 'divey': False, 'touristy': False, 'trendy': False, 'upscale': False, 'casual': False}"", 'BikeParking: False', 'BusinessAcceptsCreditCards: True', ""BusinessParking: {'garage': False, 'street': False, 'validated': False, 'lot': False, 'valet': False}"", 'Caters: False', 'DriveThru: True', 'GoodForKids: True', ""GoodForMeal: {'dessert': False, 'latenight': False, 'lunch': False, 'dinner': False, 'breakfast': True, 'brunch': False}"", 'HasTV: False', 'NoiseLevel: quiet', 'OutdoorSeating: True', 'RestaurantsAttire: casual', 'RestaurantsDelivery: False', 'RestaurantsGoodForGroups: True', 'RestaurantsPriceRange2: 1', 'RestaurantsReservations: False', 'RestaurantsTableService: False', 'RestaurantsTakeOut: True', 'WiFi: no']",-111.7027393,5965 E Main St,85205,AZ,1,vCRgJTNdWcKuN8rxjvo8Xw,business
Jean's Itsy Bitsy Diner,Mesa,6,"['Monday 6:0-13:0', 'Tuesday 6:0-13:0', 'Wednesday 6:0-13:0', 'Thursday 6:0-13:0', 'Friday 6:0-13:0', 'Saturday 6:0-13:0', 'Sunday 6:0-13:0']",,"['Breakfast & Brunch', 'Diners', 'Restaurants']",33.4178919,4.0,"['Alcohol: none', ""Ambience: {'romantic': False, 'intimate': False, 'classy': False, 'hipster': False, 'divey': False, 'touristy': False, 'trendy': False, 'upscale': False, 'casual': False}"", 'BikeParking: True', 'BusinessAcceptsCreditCards: True', ""BusinessParking: {'garage': False, 'street': False, 'validated': False, 'lot': True, 'valet': False}"", 'DogsAllowed: False', 'GoodForKids: True', ""GoodForMeal: {'dessert': False, 'latenight': False, 'lunch': False, 'dinner': False, 'breakfast': True, 'brunch': False}"", 'HasTV: True', 'NoiseLevel: average', 'OutdoorSeating: True', 'RestaurantsAttire: casual', 'RestaurantsDelivery: False', 'RestaurantsGoodForGroups: True', 'RestaurantsPriceRange2: 1', 'RestaurantsReservations: False', 'RestaurantsTableService: True', 'RestaurantsTakeOut: True', 'WheelchairAccessible: True', 'WiFi: no']",-111.7092419,5641 E Albany St,85205,AZ,0,qEP4pUOMWr3rMTP38QSX2g,business
Kerns Pastetchen,Stuttgart,19,"['Monday 18:0-0:0', 'Tuesday 18:0-0:0', 'Wednesday 18:0-0:0', 'Thursday 18:0-0:0', 'Friday 18:0-0:0', 'Saturday 18:0-0:0']",,"['Modern European', 'Austrian', 'Restaurants']",48.7687,4.5,"['Alcohol: full_bar', 'BusinessAcceptsCreditCards: False', ""BusinessParking: {'garage': False, 'street': False, 'validated': False, 'lot': True, 'valet': False}"", 'DogsAllowed: False', 'OutdoorSeating: False', 'RestaurantsDelivery: False', 'RestaurantsGoodForGroups: True', 'RestaurantsPriceRange2: 4', 'RestaurantsTakeOut: False']",9.18439,Hohenheimer Str. 64,70184,BW,1,2kVfIYKZvPUvEomb92BOzg,business
Tian Xin Place,Thornhill,14,,Langstaff,"['Chinese', 'Restaurants']",43.8051782,3.0,"['BikeParking: True', 'BusinessAcceptsCreditCards: True', 'GoodForKids: True', 'NoiseLevel: average', 'OutdoorSeating: False', 'RestaurantsAttire: casual', 'RestaurantsDelivery: True', 'RestaurantsGoodForGroups: True', 'RestaurantsPriceRange2: 2', 'RestaurantsReservations: True', 'RestaurantsTakeOut: True', ""Ambience: {'romantic': False, 'intimate': False, 'classy': False, 'hipster': False, 'touristy': False, 'trendy': False, 'upscale': False, 'casual': False}"", ""GoodForMeal: {'dessert': False, 'latenight': False, 'lunch': False, 'dinner': False, 'breakfast': False, 'brunch': False}""]",-79.420498,5 Glen Cameron Rd,L3T 2A9,ON,1,E4T1Z08kU1QmrYj8xh-Y0Q,business
Skybox Sports Bar & Grill,Las Vegas,66,"['Monday 11:0-22:30', 'Tuesday 11:0-22:30', 'Wednesday 11:0-22:30', 'Thursday 11:0-22:30', 'Friday 11:0-23:30', 'Saturday 11:0-23:30', 'Sunday 11:0-22:30']",The Strip,"['Sports Bars', 'Restaurants', 'American (New)', 'Nightlife', 'Bars', 'Burgers']",36.128561,3.0,"['Alcohol: full_bar', ""Ambience: {'romantic': False, 'intimate': False, 'classy': False, 'hipster': False, 'divey': False, 'touristy': False, 'trendy': False, 'upscale': False, 'casual': True}"", ""BestNights: {'monday': True, 'tuesday': False, 'friday': True, 'wednesday': False, 'thursday': False, 'sunday': False, 'saturday': True}"", 'BusinessAcceptsCreditCards: True', ""BusinessParking: {'garage': True, 'street': False, 'validated': False, 'lot': False, 'valet': True}"", 'CoatCheck: False', 'DriveThru: False', 'GoodForDancing: False', 'GoodForKids: False', ""GoodForMeal: {'dessert': False, 'latenight': False, 'lunch': True, 'dinner': True, 'breakfast': False, 'brunch': False}"", 'HappyHour: True', 'HasTV: True', ""Music: {'dj': False, 'background_music': True, 'no_music': False, 'karaoke': False, 'live': False, 'video': False, 'jukebox': False}"", 'NoiseLevel: average', 'OutdoorSeating: False', 'RestaurantsAttire: casual', 'RestaurantsDelivery: False', 'RestaurantsGoodForGroups: True', 'RestaurantsPriceRange2: 2', 'RestaurantsReservations: True', 'RestaurantsTableService: True', 'RestaurantsTakeOut: True', 'Smoking: no', 'WheelchairAccessible: True', 'WiFi: free']",-115.1711298,"Aria Resort and Casino, 3738 Las Vegas Blvd S",89109,NV,0,swl9MCD8CU7kbNvn0L4SJg,business
Ichiban,Las Vegas,16,,The Strip,"['Restaurants', 'Chinese', 'Japanese']",36.1275236,2.0,"['BusinessAcceptsCreditCards: True', ""BusinessParking: {'garage': False, 'street': False, 'validated': False, 'lot': False, 'valet': False}"", 'GoodForKids: True', 'HasTV: False', 'NoiseLevel: loud', 'RestaurantsAttire: casual', 'RestaurantsDelivery: False', 'RestaurantsGoodForGroups: True', 'RestaurantsPriceRange2: 1', 'RestaurantsReservations: False', 'RestaurantsTableService: False', 'RestaurantsTakeOut: True']",-115.1715003,"3200 Las Vegas Blvd S, Ste 3110",89109,NV,0,rj1k50ClMKuKdnLtQUDIag,business
Mission BBQ,Parma,20,"['Monday 11:0-21:0', 'Tuesday 11:0-21:0', 'Wednesday 11:0-21:0', 'Thursday 11:0-21:0', 'Friday 11:0-22:0', 'Saturday 11:0-22:0', 'Sunday 11:30-20:0']",,"['Event Planning & Services', 'Caterers', 'Barbeque', 'Restaurants']",41.3845152,4.5,"[""Ambience: {'romantic': False, 'intimate': False, 'classy': False, 'hipster': False, 'divey': False, 'touristy': False, 'trendy': False, 'upscale': False, 'casual': False}"", 'BusinessAcceptsCreditCards: True', 'Caters: True', 'GoodForKids: True', ""GoodForMeal: {'dessert': False, 'latenight': False, 'lunch': False, 'dinner': False, 'breakfast': False, 'brunch': False}"", 'HasTV: True', 'NoiseLevel: average', 'RestaurantsAttire: casual', 'RestaurantsDelivery: False', 'RestaurantsGoodForGroups: True', 'RestaurantsPriceRange2: 2', 'RestaurantsReservations: False', 'RestaurantsTableService: True', 'RestaurantsTakeOut: True', 'OutdoorSeating: True', 'BikeParking: True', 'Alcohol: none']",-81.7422282,8225 W Ridgewood Dr,44129,OH,1,sfa7IPru2FRBaf7LX-lWqA,business
CUT,Las Vegas,1115,"['Monday 17:30-23:0', 'Tuesday 17:30-23:0', 'Wednesday 17:30-23:0', 'Thursday 17:30-23:0', 'Friday 17:30-23:0', 'Saturday 17:30-23:0', 'Sunday 17:30-23:0']",The Strip,"['Bars', 'Lounges', 'Restaurants', 'Nightlife', 'Steakhouses']",36.123454,4.0,"['Alcohol: full_bar', ""Ambience: {'romantic': False, 'intimate': False, 'classy': False, 'hipster': False, 'divey': False, 'touristy': False, 'trendy': False, 'upscale': True, 'casual': False}"", 'BYOBCorkage: yes_corkage', ""BestNights: {'monday': False, 'tuesday': False, 'friday': True, 'wednesday': False, 'thursday': True, 'sunday': False, 'saturday': True}"", 'BikeParking: False', 'BusinessAcceptsCreditCards: True', ""BusinessParking: {'garage': True, 'street': False, 'validated': False, 'lot': False, 'valet': True}"", 'Caters: False', 'CoatCheck: False', 'DogsAllowed: False', 'GoodForDancing: False', 'GoodForKids: False', ""GoodForMeal: {'dessert': False, 'latenight': False, 'lunch': False, 'dinner': True, 'breakfast': False, 'brunch': False}"", 'HappyHour: False', 'HasTV: True', ""Music: {'dj': False, 'background_music': True, 'no_music': False, 'karaoke': False, 'live': False, 'video': False, 'jukebox': False}"", 'NoiseLevel: average', 'OutdoorSeating: False', 'RestaurantsAttire: dressy', 'RestaurantsDelivery: False', 'RestaurantsGoodForGroups: True', 'RestaurantsPriceRange2: 4', 'RestaurantsReservations: True', 'RestaurantsTableService: True', 'RestaurantsTakeOut: False', 'Smoking: no', 'WheelchairAccessible: True', 'WiFi: no']",-115.168335,"The Palazzo At Venetian, 3325 S Las Vegas Blvd,  1520, The Palazzo",89109,NV,1,J4CATH00YZrq8Bne2S4_cw,business
Kofusion,Urbana,35,"['Monday 11:0-20:0', 'Tuesday 11:0-20:0', 'Wednesday 11:0-20:0', 'Thursday 11:0-20:0', 'Friday 11:0-20:0', 'Saturday 12:0-19:0', 'Sunday 12:0-19:0']",,"['Restaurants', 'Asian Fusion', 'Sushi Bars']",40.106822678,3.5,"['Alcohol: none', ""Ambience: {'romantic': False, 'intimate': False, 'classy': False, 'hipster': False, 'divey': False, 'touristy': False, 'trendy': False, 'upscale': False, 'casual': False}"", 'BikeParking: False', 'BusinessAcceptsCreditCards: True', ""BusinessParking: {'garage': False, 'street': True, 'validated': False, 'lot': False, 'valet': False}"", 'Caters: True', 'GoodForKids: True', ""GoodForMeal: {'dessert': False, 'latenight': False, 'lunch': False, 'dinner': False, 'breakfast': False, 'brunch': False}"", 'HasTV: False', 'NoiseLevel: average', 'OutdoorSeating: True', 'RestaurantsAttire: casual', 'RestaurantsDelivery: False', 'RestaurantsGoodForGroups: True', 'RestaurantsPriceRange2: 2', 'RestaurantsReservations: False', 'RestaurantsTableService: False', 'RestaurantsTakeOut: True', 'WheelchairAccessible: True', 'WiFi: free']",-88.2217281018,"701 S Gregory St, Ste F",61801,IL,1,pCer-vIZM05p423MFmiSng,business
Handlebar-J,Scottsdale,102,"['Tuesday 11:0-22:0', 'Wednesday 11:0-22:0', 'Thursday 11:0-22:0', 'Friday 11:0-0:0', 'Saturday 11:0-0:0', 'Sunday 11:0-22:0']",,"['Country Dance Halls', 'American (Traditional)', 'Bars', 'Restaurants', 'American (New)', 'Barbeque', 'Nightlife']",33.5831929,3.5,"['Alcohol: full_bar', ""Ambience: {'romantic': False, 'intimate': False, 'classy': False, 'hipster': False, 'divey': False, 'touristy': False, 'trendy': False, 'upscale': False, 'casual': True}"", ""BestNights: {'monday': False, 'tuesday': False, 'friday': False, 'wednesday': True, 'thursday': True, 'sunday': False, 'saturday': True}"", 'BikeParking: True', 'BusinessAcceptsCreditCards: True', ""BusinessParking: {'garage': False, 'street': True, 'validated': False, 'lot': False, 'valet': False}"", 'Caters: True', 'CoatCheck: False', 'GoodForDancing: True', 'GoodForKids: False', ""GoodForMeal: {'dessert': False, 'latenight': True, 'lunch': False, 'dinner': False, 'breakfast': False, 'brunch': False}"", 'HappyHour: True', 'HasTV: True', ""Music: {'dj': False, 'background_music': False, 'no_music': False, 'karaoke': False, 'live': True, 'video': False, 'jukebox': False}"", 'NoiseLevel: loud', 'OutdoorSeating: True', 'RestaurantsAttire: casual', 'RestaurantsDelivery: False', 'RestaurantsGoodForGroups: True', 'RestaurantsPriceRange2: 2', 'RestaurantsReservations: True', 'RestaurantsTableService: True', 'RestaurantsTakeOut: True', 'Smoking: outdoor', 'WheelchairAccessible: True', 'WiFi: free']",-111.9275447,7116 E Becker Ln,85254,AZ,1,Wag4bnx38zJ4ihDn8-7--A,business
Critics Cafe,Cleveland,3,,Gateway District,"['Restaurants', 'Sandwiches']",41.5000224,2.5,,-81.6917044,"200 Public Sq, Ste 103",44114,OH,1,4j6NUmLWCvYEcf31BdlQ1w,business
Montana's BBQ & Bar,Thornhill,37,"['Monday 11:30-23:0', 'Tuesday 11:30-23:0', 'Wednesday 11:30-23:0', 'Thursday 11:30-23:0', 'Friday 11:30-0:0', 'Saturday 11:30-0:0', 'Sunday 11:30-23:0']",,"['Barbeque', 'Steakhouses', 'Nightlife', 'Restaurants', 'Comfort Food', 'Bars', 'Canadian (New)']",43.8116806,2.5,"['Alcohol: full_bar', ""Ambience: {'romantic': False, 'intimate': False, 'classy': False, 'hipster': False, 'touristy': False, 'trendy': False, 'upscale': False, 'casual': True}"", 'BikeParking: True', 'BusinessAcceptsCreditCards: True', ""BusinessParking: {'garage': False, 'street': False, 'validated': False, 'lot': True, 'valet': False}"", 'Caters: True', 'GoodForKids: True', ""GoodForMeal: {'dessert': False, 'latenight': False, 'lunch': True, 'dinner': True, 'breakfast': False, 'brunch': False}"", 'HasTV: True', 'NoiseLevel: average', 'OutdoorSeating: True', 'RestaurantsAttire: casual', 'RestaurantsDelivery: False', 'RestaurantsGoodForGroups: True', 'RestaurantsPriceRange2: 2', 'RestaurantsReservations: True', 'RestaurantsTableService: True', 'RestaurantsTakeOut: True', 'WiFi: free']",-79.3589619,2910 Steeles Ave E,L3T 7X1,ON,1,NtIUfE8Yj119F3DSPXYs5A,business
Las Tres Potrancas,Phoenix,9,"['Monday 11:0-23:0', 'Tuesday 11:0-23:0', 'Wednesday 11:0-23:0', 'Thursday 11:0-23:0', 'Friday 10:0-2:0', 'Saturday 10:0-2:0', 'Sunday 10:0-22:0']",,"['Mexican', 'Bars', 'Restaurants', 'Nightlife']",33.4236471,2.5,"['Alcohol: full_bar', ""Ambience: {'romantic': False, 'intimate': False, 'classy': False, 'hipster': False, 'divey': False, 'touristy': False, 'trendy': False, 'upscale': False, 'casual': False}"", 'BikeParking: False', 'BusinessAcceptsCreditCards: True', ""BusinessParking: {'garage': False, 'street': False, 'validated': False, 'lot': False, 'valet': False}"", 'Caters: False', 'CoatCheck: False', 'GoodForDancing: False', 'GoodForKids: False', ""GoodForMeal: {'dessert': False, 'latenight': False, 'lunch': False, 'dinner': False, 'breakfast': False, 'brunch': False}"", 'HappyHour: False', 'HasTV: True', ""Music: {'dj': True, 'background_music': True, 'no_music': False, 'karaoke': False, 'live': False, 'video': False, 'jukebox': False}"", 'NoiseLevel: average', 'OutdoorSeating: False', 'RestaurantsAttire: casual', 'RestaurantsDelivery: False', 'RestaurantsGoodForGroups: True', 'RestaurantsPriceRange2: 2', 'RestaurantsReservations: False', 'RestaurantsTableService: True', 'RestaurantsTakeOut: True', 'Smoking: no', 'WiFi: no']",-112.2258379,7710 W Lower Buckeye Rd,85043,AZ,1,H-SO-RdX_umCon5hwRsYww,business
Cilantro,Madison,41,"['Tuesday 11:0-22:0', 'Wednesday 11:0-22:0', 'Thursday 11:0-22:0', 'Friday 11:0-23:0', 'Saturday 11:0-23:0', 'Sunday 10:0-21:0']",,"['Mexican', 'Restaurants']",43.0653774,2.5,"['Alcohol: full_bar', ""Ambience: {'romantic': False, 'intimate': False, 'classy': False, 'hipster': False, 'divey': False, 'touristy': False, 'trendy': False, 'upscale': True, 'casual': True}"", 'BusinessAcceptsCreditCards: True', ""BusinessParking: {'garage': False, 'street': False, 'validated': False, 'lot': True, 'valet': False}"", 'Caters: False', 'GoodForKids: False', ""GoodForMeal: {'dessert': False, 'latenight': False, 'lunch': False, 'dinner': True, 'breakfast': False, 'brunch': False}"", 'HasTV: False', 'NoiseLevel: average', 'OutdoorSeating: False', 'RestaurantsAttire: casual', 'RestaurantsDelivery: False', 'RestaurantsGoodForGroups: True', 'RestaurantsPriceRange2: 2', 'RestaurantsReservations: True', 'RestaurantsTableService: True', 'RestaurantsTakeOut: True', 'WheelchairAccessible: True', 'WiFi: no']",-89.503042,7005 Tree Ln,53717,WI,0,FnTbrBUCuaSOlWnovTgMjg,business
Pita Pit,Mesa,13,"['Monday 10:0-22:0', 'Tuesday 10:0-22:0', 'Wednesday 10:0-22:0', 'Thursday 10:0-22:0', 'Friday 10:0-22:0', 'Saturday 10:0-22:0', 'Sunday 10:0-22:0']",,"['Restaurants', 'Mediterranean', 'Greek', 'Vegetarian']",33.3828807,3.0,"['Alcohol: none', ""Ambience: {'romantic': False, 'intimate': False, 'classy': False, 'hipster': False, 'divey': False, 'touristy': False, 'trendy': False, 'upscale': False, 'casual': False}"", 'BikeParking: True', 'BusinessAcceptsCreditCards: True', ""BusinessParking: {'garage': False, 'street': False, 'validated': False, 'lot': False, 'valet': False}"", 'GoodForKids: True', ""GoodForMeal: {'dessert': False, 'latenight': False, 'lunch': False, 'dinner': False, 'breakfast': False, 'brunch': False}"", 'HasTV: False', 'OutdoorSeating: False', 'RestaurantsAttire: casual', 'RestaurantsDelivery: False', 'RestaurantsGoodForGroups: True', 'RestaurantsPriceRange2: 1', 'RestaurantsReservations: False', 'RestaurantsTakeOut: True']",-111.7391571,1754 S Greenfield Rd,85206,AZ,1,3Uu92zZVhtV4GVIMS74-7g,business
Le Phillies Cheesesteak,Montréal,14,"['Wednesday 11:30-21:0', 'Thursday 11:30-21:0', 'Friday 11:30-22:0', 'Saturday 11:30-22:0', 'Sunday 12:0-17:0']",Plateau-Mont-Royal,"['American (Traditional)', 'Restaurants', 'Cheesesteaks', 'Sandwiches']",45.5241615117,3.5,"['Alcohol: none', ""Ambience: {'romantic': False, 'intimate': False, 'classy': False, 'hipster': False, 'touristy': False, 'trendy': False, 'upscale': False, 'casual': True}"", 'BikeParking: True', 'BusinessAcceptsCreditCards: True', ""BusinessParking: {'garage': False, 'street': True, 'validated': False, 'lot': False, 'valet': False}"", 'Caters: True', 'GoodForKids: True', ""GoodForMeal: {'dessert': False, 'latenight': False, 'lunch': True, 'dinner': False, 'breakfast': False, 'brunch': False}"", 'HasTV: True', 'NoiseLevel: average', 'OutdoorSeating: True', 'RestaurantsAttire: casual', 'RestaurantsDelivery: False', 'RestaurantsGoodForGroups: True', 'RestaurantsPriceRange2: 2', 'RestaurantsReservations: False', 'RestaurantsTableService: False', 'RestaurantsTakeOut: True', 'WiFi: no']",-73.600516431,125 Viateur Street Ouest,H2T 2L2,QC,0,20Uv2Y0oH8H-oIFWrnqNeA,business
The Exchange,Inverness,4,"['Monday 10:0-23:0', 'Tuesday 10:0-23:0', 'Wednesday 10:0-23:0', 'Thursday 10:0-23:0', 'Friday 10:0-0:0', 'Saturday 10:0-1:0', 'Sunday 10:0-0:0']",,"['Nightlife', 'Pubs', 'British', 'Bars', 'Restaurants']",52.0604973561,3.0,"['Alcohol: full_bar', ""Ambience: {'romantic': False, 'intimate': False, 'classy': False, 'hipster': False, 'touristy': False, 'trendy': False, 'upscale': False, 'casual': False}"", 'BikeParking: True', 'BusinessAcceptsCreditCards: True', ""BusinessParking: {'garage': False, 'street': False, 'lot': False, 'valet': False}"", 'Caters: True', 'CoatCheck: False', 'GoodForDancing: False', 'GoodForKids: True', ""GoodForMeal: {'dessert': False, 'latenight': False, 'lunch': False, 'dinner': False, 'breakfast': False, 'brunch': False}"", 'HappyHour: False', 'HasTV: True', ""Music: {'dj': False, 'background_music': False, 'no_music': False, 'karaoke': False, 'live': False, 'video': False, 'jukebox': False}"", 'NoiseLevel: average', 'OutdoorSeating: False', 'RestaurantsAttire: casual', 'RestaurantsDelivery: False', 'RestaurantsGoodForGroups: True', 'RestaurantsReservations: True', 'RestaurantsTableService: False', 'RestaurantsTakeOut: False', 'WiFi: free', 'RestaurantsPriceRange2: 4']",-1.3390350214,38-40 Academy Street,IV1 1JT,HLD,1,ApOEVOAKUB7ZVZJFCZej-A,business
Cucina Di Domenica,Canonsburg,5,,,"['Chicken Wings', 'Italian', 'Restaurants']",40.2738613959,3.0,"[""Ambience: {'romantic': False, 'intimate': False, 'classy': False, 'hipster': False, 'divey': False, 'touristy': False, 'trendy': False, 'upscale': False, 'casual': False}"", 'BusinessAcceptsCreditCards: True', ""BusinessParking: {'garage': False, 'street': False, 'validated': False, 'lot': False, 'valet': False}"", 'GoodForKids: False', ""GoodForMeal: {'dessert': False, 'latenight': False, 'lunch': True, 'dinner': False, 'breakfast': False, 'brunch': False}"", 'HasTV: False', 'NoiseLevel: average', 'OutdoorSeating: True', 'RestaurantsAttire: casual', 'RestaurantsDelivery: False', 'RestaurantsGoodForGroups: True', 'RestaurantsPriceRange2: 2', 'RestaurantsReservations: False', 'RestaurantsTableService: False', 'RestaurantsTakeOut: True']",-80.1568293571,674-698 W McMurray Rd,15317,PA,0,mfhTOzsHShrvfa7DzTIDPA,business
Dunkin' Donuts,Huntersville,12,"['Monday 5:0-22:0', 'Tuesday 5:0-22:0', 'Wednesday 5:0-22:0', 'Thursday 5:0-22:0', 'Friday 5:0-23:0', 'Saturday 5:0-22:0']",,"['Restaurants', 'Food', 'Breakfast & Brunch', 'Donuts', 'Coffee & Tea']",35.4091247904,2.0,"['BusinessAcceptsCreditCards: True', ""BusinessParking: {'garage': False, 'street': False, 'validated': False, 'lot': False, 'valet': False}"", 'OutdoorSeating: True', 'RestaurantsPriceRange2: 1', 'RestaurantsTakeOut: True', 'WiFi: free']",-80.8534399837,"10310 Wilmington St, Ste B",28078,NC,1,CqZQmJcYac1FWNDnkBBNGw,business
The Blue Door Cafe & Bakery,Cuyahoga Falls,303,"['Monday 8:0-14:0', 'Tuesday 8:0-14:0', 'Wednesday 8:0-14:0', 'Thursday 8:0-14:0', 'Friday 8:0-14:0', 'Saturday 8:0-15:0', 'Sunday 8:0-15:0']",,"['Restaurants', 'American (New)', 'Cafes', 'Breakfast & Brunch', 'Seafood', 'French']",41.1341609,4.5,"['Alcohol: none', ""Ambience: {'romantic': False, 'intimate': False, 'classy': False, 'hipster': False, 'divey': False, 'touristy': False, 'trendy': False, 'upscale': False, 'casual': True}"", 'BikeParking: True', 'BusinessAcceptsCreditCards: True', ""BusinessParking: {'garage': False, 'street': False, 'validated': False, 'lot': True, 'valet': False}"", 'Caters: False', 'GoodForKids: True', ""GoodForMeal: {'dessert': False, 'latenight': False, 'lunch': True, 'dinner': False, 'breakfast': True, 'brunch': True}"", 'HasTV: False', 'NoiseLevel: average', 'OutdoorSeating: True', 'RestaurantsAttire: casual', 'RestaurantsDelivery: False', 'RestaurantsGoodForGroups: True', 'RestaurantsPriceRange2: 2', 'RestaurantsReservations: True', 'RestaurantsTableService: True', 'RestaurantsTakeOut: True', 'WheelchairAccessible: True', 'WiFi: no']",-81.5089271,1970 State Rd,44223,OH,1,SJo_IjvzdRtCvZVN0cbrRQ,business
McDonald's,Toronto,4,"['Monday 5:0-1:0', 'Tuesday 5:0-1:0', 'Wednesday 5:0-1:0', 'Thursday 5:0-1:0', 'Friday 5:0-1:0', 'Saturday 5:0-1:0', 'Sunday 5:0-1:0']",,"['Burgers', 'Restaurants', 'Fast Food']",43.6957436,1.5,"['Alcohol: none', 'BikeParking: False', 'BusinessAcceptsCreditCards: True', ""BusinessParking: {'garage': False, 'street': False, 'validated': False, 'lot': False, 'valet': False}"", 'Caters: False', 'DriveThru: False', 'GoodForKids: True', 'HasTV: False', 'NoiseLevel: very_loud', 'OutdoorSeating: False', 'RestaurantsAttire: formal', 'RestaurantsDelivery: False', 'RestaurantsGoodForGroups: True', 'RestaurantsPriceRange2: 1', 'RestaurantsReservations: False', 'RestaurantsTableService: False', 'RestaurantsTakeOut: True', 'WiFi: no']",-79.4496515,1807 Eglinton Avenue W,M6E 2H7,ON,1,eKmnbczwXMIF8KwV2xaQIQ,business
Moreno's Mexican Grill,Chandler,89,"['Monday 8:0-21:0', 'Tuesday 8:0-21:0', 'Wednesday 8:0-21:0', 'Thursday 8:0-21:0', 'Friday 8:0-21:30', 'Saturday 8:0-21:30', 'Sunday 8:0-20:0']",,"['Mexican', 'Breakfast & Brunch', 'Chicken Wings', 'Restaurants', 'Food']",33.2763797559,3.5,"['Alcohol: beer_and_wine', ""Ambience: {'romantic': False, 'intimate': False, 'classy': False, 'hipster': False, 'divey': False, 'touristy': False, 'trendy': False, 'upscale': False, 'casual': True}"", 'BikeParking: True', 'BusinessAcceptsCreditCards: True', ""BusinessParking: {'garage': False, 'street': False, 'validated': False, 'lot': True, 'valet': False}"", 'Caters: True', 'GoodForKids: True', ""GoodForMeal: {'dessert': False, 'latenight': False, 'lunch': True, 'dinner': True, 'breakfast': False, 'brunch': False}"", 'HasTV: True', 'NoiseLevel: average', 'OutdoorSeating: True', 'RestaurantsAttire: casual', 'RestaurantsDelivery: False', 'RestaurantsGoodForGroups: True', 'RestaurantsPriceRange2: 1', 'RestaurantsReservations: False', 'RestaurantsTableService: True', 'RestaurantsTakeOut: True', 'WiFi: no']",-111.791539751,"2100 S Gilbert Rd, Ste 4",85233,AZ,1,_OoQ31fIoy3dK96rP6vtFQ,business
Hot and Spicy,Toronto,17,,Entertainment District,"['Restaurants', 'Asian Fusion']",43.6502249,2.5,"['Alcohol: beer_and_wine', 'BusinessAcceptsCreditCards: True', 'GoodForKids: False', ""GoodForMeal: {'dessert': False, 'latenight': False, 'lunch': False, 'dinner': False, 'breakfast': False, 'brunch': False}"", 'NoiseLevel: average', 'RestaurantsAttire: casual', 'RestaurantsGoodForGroups: True', 'RestaurantsPriceRange2: 2', 'RestaurantsReservations: True']",-79.3899314,226 Queen Street W,M5V 1Z6,ON,0,4SfADHMfFDiiXesW84-v6Q,business
Mark Rich's New York Pizza & Pasta,Las Vegas,146,"['Monday 11:0-21:0', 'Tuesday 11:0-21:0', 'Wednesday 11:0-21:0', 'Thursday 11:0-21:0', 'Friday 11:0-22:0', 'Saturday 11:0-22:0', 'Sunday 11:0-21:0']",Summerlin,"['Pizza', 'Italian', 'Restaurants']",36.159290697,3.0,"['Alcohol: beer_and_wine', ""Ambience: {'romantic': False, 'intimate': False, 'classy': False, 'hipster': False, 'divey': False, 'touristy': False, 'trendy': False, 'upscale': False, 'casual': True}"", 'BikeParking: True', 'BusinessAcceptsCreditCards: True', ""BusinessParking: {'garage': False, 'street': False, 'validated': False, 'lot': True, 'valet': False}"", 'Caters: True', 'GoodForKids: True', ""GoodForMeal: {'dessert': False, 'latenight': False, 'lunch': True, 'dinner': True, 'breakfast': False, 'brunch': False}"", 'HasTV: True', 'NoiseLevel: average', 'OutdoorSeating: True', 'RestaurantsAttire: casual', 'RestaurantsDelivery: True', 'RestaurantsGoodForGroups: True', 'RestaurantsPriceRange2: 2', 'RestaurantsReservations: True', 'RestaurantsTableService: True', 'RestaurantsTakeOut: True', 'WheelchairAccessible: True', 'WiFi: free']",-115.350952173,11710 W Charleston Blvd,89135,NV,1,CvpXZRF-I7wfm19dW1jOXA,business
Caffè Della Posta,Montréal,3,"['Tuesday 17:30-22:30', 'Wednesday 17:30-22:30', 'Thursday 17:30-22:30', 'Friday 17:30-22:30', 'Saturday 9:0-3:0', 'Sunday 9:0-3:0', 'Sunday 17:30-22:30']",Rosemont-La Petite-Patrie,"['Restaurants', 'Breakfast & Brunch', 'Italian']",45.5235256,3.5,"['BusinessAcceptsCreditCards: True', ""BusinessParking: {'garage': False, 'street': False, 'validated': False, 'lot': False, 'valet': False}"", 'HasTV: False', 'NoiseLevel: loud', 'RestaurantsGoodForGroups: True', 'RestaurantsPriceRange2: 2']",-73.6058875,"361, rue Bernard Ouest",H2V 1T6,QC,0,cbBq5cOfPurfwPIcJLGY4A,business
The Butcher's Pantry,Solon,10,"['Monday 10:0-18:0', 'Tuesday 10:0-18:0', 'Wednesday 10:0-18:0', 'Thursday 10:0-18:0', 'Friday 10:0-18:0', 'Saturday 10:0-16:0']",,"['Barbeque', 'Beer', 'Wine & Spirits', 'Food', 'Event Planning & Services', 'Caterers', 'Restaurants', 'Sandwiches', 'Specialty Food', 'Butcher', 'Meat Shops']",41.387247,4.5,"['BikeParking: True', 'BusinessAcceptsBitcoin: False', 'BusinessAcceptsCreditCards: True', ""BusinessParking: {'garage': False, 'street': False, 'validated': False, 'lot': False, 'valet': False}"", ""GoodForMeal: {'dessert': False, 'latenight': False, 'lunch': False, 'dinner': False, 'breakfast': False, 'brunch': False}"", 'RestaurantsPriceRange2: 2', 'RestaurantsReservations: False', 'RestaurantsTakeOut: True', 'WheelchairAccessible: True', ""Ambience: {'romantic': False, 'intimate': False, 'classy': False, 'hipster': False, 'divey': False, 'touristy': False, 'trendy': False, 'upscale': False, 'casual': False}"", 'GoodForKids: True', 'RestaurantsGoodForGroups: False']",-81.439753,33475 Station St,44139,OH,1,xVIqjnFw4TfLH_dCLFovQQ,business
Ichiban Fish House,North York,49,"['Monday 11:0-22:0', 'Tuesday 11:0-22:0', 'Wednesday 11:0-22:0', 'Thursday 11:0-23:0', 'Friday 11:0-23:0', 'Saturday 11:0-23:0', 'Sunday 12:0-21:0']",Willowdale,"['Seafood', 'Restaurants', 'Japanese']",43.7643095,3.0,"['Alcohol: beer_and_wine', ""Ambience: {'romantic': False, 'intimate': False, 'classy': False, 'hipster': False, 'touristy': False, 'trendy': False, 'upscale': False, 'casual': True}"", 'BikeParking: True', 'BusinessAcceptsCreditCards: True', ""BusinessParking: {'garage': False, 'street': True, 'validated': False, 'lot': False, 'valet': False}"", 'GoodForKids: True', ""GoodForMeal: {'dessert': False, 'latenight': False, 'lunch': False, 'dinner': False, 'breakfast': False, 'brunch': False}"", 'HasTV: True', 'NoiseLevel: average', 'OutdoorSeating: False', 'RestaurantsAttire: casual', 'RestaurantsDelivery: False', 'RestaurantsGoodForGroups: True', 'RestaurantsPriceRange2: 2', 'RestaurantsReservations: True', 'RestaurantsTableService: True', 'RestaurantsTakeOut: True', 'WheelchairAccessible: True', 'WiFi: no']",-79.4105703,15 Spring Garden Ave,M2N 3G1,ON,1,XbooiPex1pWSy_pfPlavnQ,business
Pegasus,Las Vegas,7,,Eastside,"['Hotels', 'Restaurants', 'Event Planning & Services', 'American (Traditional)', 'Venues & Event Spaces', 'Hotels & Travel']",36.1074947,2.5,"['Alcohol: full_bar', ""Ambience: {'romantic': False, 'intimate': False, 'classy': False, 'hipster': False, 'divey': False, 'touristy': False, 'trendy': False, 'upscale': False, 'casual': False}"", 'BikeParking: False', 'BusinessAcceptsCreditCards: True', ""BusinessParking: {'garage': False, 'street': False, 'validated': False, 'lot': True, 'valet': False}"", 'Caters: False', 'GoodForKids: False', 'HasTV: True', 'NoiseLevel: average', 'OutdoorSeating: True', 'RestaurantsAttire: casual', 'RestaurantsDelivery: False', 'RestaurantsGoodForGroups: True', 'RestaurantsPriceRange2: 2', 'RestaurantsReservations: True', 'RestaurantsTableService: True', 'RestaurantsTakeOut: True', 'WheelchairAccessible: True', 'WiFi: paid']",-115.1560042,"Alexis Park Resort, 375 E Harmon Ave",89109,NV,1,ByYn1vNlI6MY_ZNoaH8eCw,business
Firkin On Paradise,Las Vegas,100,"['Monday 15:0-0:0', 'Tuesday 11:0-0:0', 'Wednesday 11:0-0:0', 'Thursday 11:0-2:0', 'Friday 11:0-2:0', 'Saturday 11:0-2:0', 'Sunday 11:0-0:0']",Eastside,"['Bars', 'Restaurants', 'Nightlife', 'Pubs', 'British', 'American (Traditional)']",36.1072044373,3.5,"['Alcohol: full_bar', ""Ambience: {'romantic': False, 'intimate': False, 'classy': False, 'hipster': False, 'divey': False, 'touristy': False, 'trendy': False, 'upscale': False, 'casual': True}"", ""BestNights: {'monday': False, 'tuesday': False, 'friday': True, 'wednesday': False, 'thursday': True, 'sunday': False, 'saturday': True}"", 'BusinessAcceptsCreditCards: True', ""BusinessParking: {'garage': False, 'street': False, 'validated': False, 'lot': True, 'valet': False}"", 'Caters: False', 'CoatCheck: False', 'DogsAllowed: False', 'GoodForDancing: False', 'GoodForKids: False', ""GoodForMeal: {'dessert': False, 'latenight': False, 'lunch': False, 'dinner': True, 'breakfast': False, 'brunch': False}"", 'HappyHour: True', 'HasTV: True', ""Music: {'dj': False, 'background_music': True, 'no_music': False, 'karaoke': False, 'live': False, 'video': False, 'jukebox': False}"", 'NoiseLevel: average', 'OutdoorSeating: False', 'RestaurantsAttire: casual', 'RestaurantsDelivery: False', 'RestaurantsGoodForGroups: True', 'RestaurantsPriceRange2: 2', 'RestaurantsReservations: True', 'RestaurantsTableService: True', 'RestaurantsTakeOut: True', 'Smoking: outdoor', 'WheelchairAccessible: True', 'WiFi: free']",-115.152946472,4503 Paradise Rd,89169,NV,0,uKlkVuZ5F8QoGbgVQKqH1A,business
Joey's Bistro Bar,Cleveland Heights,39,"['Monday 16:0-22:0', 'Tuesday 16:0-22:0', 'Wednesday 16:0-22:0', 'Thursday 16:0-22:0', 'Friday 16:0-1:30', 'Saturday 16:0-1:30', 'Sunday 16:0-22:0']",,"['Italian', 'Restaurants']",41.5000512644,3.5,"['Alcohol: full_bar', ""Ambience: {'romantic': False, 'intimate': False, 'classy': False, 'hipster': False, 'divey': False, 'touristy': False, 'trendy': False, 'upscale': False, 'casual': True}"", 'BikeParking: True', 'BusinessAcceptsCreditCards: True', ""BusinessParking: {'garage': True, 'street': False, 'validated': False, 'lot': False, 'valet': False}"", 'Caters: True', 'GoodForKids: True', ""GoodForMeal: {'dessert': False, 'latenight': False, 'lunch': False, 'dinner': True, 'breakfast': False, 'brunch': False}"", 'HasTV: True', 'NoiseLevel: average', 'OutdoorSeating: True', 'RestaurantsAttire: casual', 'RestaurantsDelivery: True', 'RestaurantsGoodForGroups: True', 'RestaurantsPriceRange2: 2', 'RestaurantsReservations: True', 'RestaurantsTableService: True', 'RestaurantsTakeOut: True', 'WheelchairAccessible: True', 'WiFi: free']",-81.5651390873,2195 Lee Rd,44118,OH,0,-lJtyCOTVInWusU9YF120A,business
Restaurant Kulisse,Filderstadt,5,"['Monday 11:30-14:30', 'Monday 17:30-23:0', 'Tuesday 11:30-14:30', 'Tuesday 17:30-23:0', 'Wednesday 11:30-14:30', 'Wednesday 17:30-23:0', 'Thursday 11:30-14:30', 'Thursday 17:30-23:0', 'Friday 11:30-14:30', 'Friday 17:30-23:0', 'Saturday 17:30-23:0', 'Sunday 11:30-14:30', 'Sunday 17:30-23:0']",,"['German', 'Swabian', 'Restaurants']",48.673,5.0,"['BusinessAcceptsCreditCards: False', ""BusinessParking: {'garage': False, 'street': False, 'validated': False, 'lot': False, 'valet': False}"", 'DogsAllowed: False', 'HasTV: False', 'OutdoorSeating: False', 'RestaurantsAttire: casual', 'RestaurantsDelivery: False', 'RestaurantsPriceRange2: 2', 'RestaurantsReservations: True', 'RestaurantsTakeOut: False']",9.21433,Tübinger Str. 40,70794,BW,0,l-Saw7wi9FochP_0xMsZUQ,business
Caffè Italia,Montréal,38,"['Monday 6:0-23:0', 'Tuesday 6:0-23:0', 'Wednesday 6:0-23:0', 'Thursday 6:0-23:0', 'Friday 6:0-23:0', 'Saturday 6:0-23:0', 'Sunday 6:0-23:0']",Rosemont-La Petite-Patrie,"['Restaurants', 'Italian', 'Coffee & Tea', 'Food', 'Cafes']",45.532702,4.0,"['Alcohol: none', ""Ambience: {'romantic': False, 'intimate': False, 'classy': False, 'hipster': False, 'touristy': False, 'trendy': False, 'upscale': False, 'casual': True}"", 'BikeParking: True', 'BusinessAcceptsCreditCards: False', ""BusinessParking: {'garage': False, 'street': True, 'validated': False, 'lot': False, 'valet': False}"", 'Caters: False', 'GoodForKids: True', ""GoodForMeal: {'dessert': True, 'latenight': False, 'lunch': False, 'dinner': False, 'breakfast': False, 'brunch': True}"", 'HasTV: True', 'NoiseLevel: loud', 'OutdoorSeating: True', 'RestaurantsAttire: casual', 'RestaurantsDelivery: False', 'RestaurantsGoodForGroups: True', 'RestaurantsPriceRange2: 1', 'RestaurantsReservations: False', 'RestaurantsTableService: True', 'RestaurantsTakeOut: True', 'WiFi: no']",-73.61435,6840 Boulevard Saint-Laurent,H2S 3C7,QC,1,EGIJ7sfXa5ha89fBxJsTuQ,business
BarBurrito,North York,40,"['Monday 11:0-22:0', 'Tuesday 11:0-22:0', 'Wednesday 11:0-22:0', 'Thursday 11:0-22:30', 'Friday 11:0-23:0', 'Saturday 11:0-23:0', 'Sunday 11:30-22:0']",Willowdale,"['Mexican', 'Restaurants']",43.7642667,2.5,"['Alcohol: beer_and_wine', ""Ambience: {'romantic': False, 'intimate': False, 'classy': False, 'hipster': False, 'touristy': False, 'trendy': False, 'upscale': False, 'casual': True}"", 'BikeParking: True', 'BusinessAcceptsCreditCards: True', ""BusinessParking: {'garage': False, 'street': True, 'validated': False, 'lot': False, 'valet': False}"", 'GoodForKids: True', ""GoodForMeal: {'dessert': False, 'latenight': False, 'lunch': True, 'dinner': False, 'breakfast': False, 'brunch': False}"", 'HasTV: True', 'NoiseLevel: quiet', 'OutdoorSeating: True', 'RestaurantsAttire: casual', 'RestaurantsDelivery: False', 'RestaurantsGoodForGroups: True', 'RestaurantsPriceRange2: 1', 'RestaurantsReservations: False', 'RestaurantsTableService: False', 'RestaurantsTakeOut: True', 'WheelchairAccessible: False', 'WiFi: no']",-79.4120911,4918 Yonge Street,M2N 5N5,ON,1,uN2oZDJGO078ExbbV_DGmA,business
Rush Hour Bar & Grill,Twinsburg,8,,,"['Restaurants', 'American (Traditional)', 'Nightlife', 'Bars']",41.3073038,3.0,"[""BusinessParking: {'garage': False, 'street': False, 'validated': False, 'lot': False, 'valet': False}"", 'RestaurantsAttire: casual', 'RestaurantsGoodForGroups: True']",-81.4419172,"8870 Darrow Rd, Ste F104",44087,OH,0,_FXVSfNTDcQz8BmQ8vbw3A,business
Golden Dragon,Cleveland,28,"['Monday 11:0-22:0', 'Tuesday 11:0-22:0', 'Wednesday 11:0-22:0', 'Thursday 11:0-22:0', 'Friday 11:0-23:0', 'Saturday 12:0-23:0', 'Sunday 12:0-22:0']",,"['Seafood', 'Chinese', 'Restaurants']",41.5205335,2.5,"['Alcohol: full_bar', ""Ambience: {'romantic': False, 'intimate': False, 'classy': False, 'hipster': False, 'divey': False, 'touristy': False, 'trendy': False, 'upscale': False, 'casual': True}"", 'BikeParking: False', 'BusinessAcceptsCreditCards: True', ""BusinessParking: {'garage': False, 'street': False, 'validated': False, 'lot': True, 'valet': False}"", 'Caters: True', 'GoodForKids: True', ""GoodForMeal: {'dessert': False, 'latenight': False, 'lunch': True, 'dinner': True, 'breakfast': False, 'brunch': False}"", 'HasTV: True', 'NoiseLevel: quiet', 'OutdoorSeating: False', 'RestaurantsAttire: casual', 'RestaurantsDelivery: False', 'RestaurantsGoodForGroups: True', 'RestaurantsPriceRange2: 2', 'RestaurantsReservations: True', 'RestaurantsTableService: True', 'RestaurantsTakeOut: True', 'WiFi: no']",-81.4678638,5871 Mayfield Rd,44124,OH,1,qbDaSyxDfUZNheucJym2Pg,business
Bally's Steakhouse,Las Vegas,65,,The Strip,"['Restaurants', 'Steakhouses']",36.1142391,3.5,"['Alcohol: full_bar', ""Ambience: {'romantic': False, 'intimate': False, 'classy': True, 'hipster': False, 'divey': False, 'touristy': False, 'trendy': False, 'upscale': True, 'casual': False}"", 'BusinessAcceptsCreditCards: True', ""BusinessParking: {'garage': True, 'street': False, 'validated': False, 'lot': False, 'valet': False}"", 'Caters: False', 'GoodForKids: False', ""GoodForMeal: {'dessert': False, 'latenight': False, 'lunch': False, 'dinner': True, 'breakfast': False, 'brunch': False}"", 'HasTV: False', 'NoiseLevel: quiet', 'OutdoorSeating: False', 'RestaurantsAttire: dressy', 'RestaurantsDelivery: False', 'RestaurantsGoodForGroups: True', 'RestaurantsPriceRange2: 3', 'RestaurantsReservations: True', 'RestaurantsTableService: True', 'RestaurantsTakeOut: False', 'WheelchairAccessible: True', 'WiFi: no']",-115.1727367,3645 Las Vegas Blvd S,89109,NV,0,F0QPkgrcXx1xBxXT7Htuhg,business
Sirio Ristorante,Las Vegas,163,"['Monday 17:0-22:30', 'Tuesday 17:0-22:30', 'Wednesday 17:0-22:30', 'Thursday 17:0-22:30', 'Friday 17:0-22:30', 'Saturday 17:0-22:30', 'Sunday 17:0-22:30']",The Strip,"['American (New)', 'Restaurants', 'Italian']",36.1068839544,3.5,"['Alcohol: full_bar', ""Ambience: {'romantic': False, 'intimate': False, 'classy': True, 'hipster': False, 'divey': False, 'touristy': False, 'trendy': False, 'upscale': False, 'casual': False}"", 'BikeParking: False', 'BusinessAcceptsCreditCards: True', ""BusinessParking: {'garage': False, 'street': False, 'validated': False, 'lot': False, 'valet': True}"", 'Caters: False', 'GoodForKids: False', ""GoodForMeal: {'dessert': False, 'latenight': False, 'lunch': False, 'dinner': True, 'breakfast': False, 'brunch': False}"", 'HasTV: False', 'NoiseLevel: average', 'OutdoorSeating: False', 'RestaurantsAttire: dressy', 'RestaurantsDelivery: False', 'RestaurantsGoodForGroups: True', 'RestaurantsPriceRange2: 3', 'RestaurantsReservations: True', 'RestaurantsTableService: True', 'RestaurantsTakeOut: False', 'WheelchairAccessible: True', 'WiFi: no']",-115.174226761,"Aria Resort and Casino, 3745 Las Vegas Blvd S",89109,NV,0,0xdpv5CPpbUUch7JKBG98Q,business
Jacksons Restaurant + Bar,Canonsburg,26,"['Monday 11:0-22:0', 'Tuesday 11:0-22:0', 'Wednesday 11:0-22:0', 'Thursday 11:0-22:0', 'Friday 11:0-23:0', 'Saturday 11:0-23:0']",,"['Restaurants', 'American (Traditional)']",40.299952,3.0,"['Alcohol: full_bar', ""Ambience: {'romantic': False, 'intimate': False, 'classy': False, 'hipster': False, 'divey': False, 'touristy': False, 'trendy': False, 'upscale': False, 'casual': False}"", 'BYOBCorkage: yes_free', 'BikeParking: True', 'BusinessAcceptsBitcoin: False', 'BusinessAcceptsCreditCards: True', ""BusinessParking: {'garage': False, 'street': False, 'validated': False, 'lot': True, 'valet': False}"", 'Caters: False', 'Corkage: False', 'GoodForKids: False', ""GoodForMeal: {'dessert': False, 'latenight': False, 'lunch': False, 'dinner': True, 'breakfast': False, 'brunch': False}"", 'HasTV: True', 'NoiseLevel: average', 'OutdoorSeating: True', 'RestaurantsAttire: casual', 'RestaurantsDelivery: True', 'RestaurantsGoodForGroups: True', 'RestaurantsPriceRange2: 2', 'RestaurantsReservations: True', 'RestaurantsTableService: True', 'RestaurantsTakeOut: True', 'WheelchairAccessible: True', 'WiFi: free']",-80.175866,1000 Corporate Dr,15317,PA,1,XSKvC2PfnTAXCAxGQDhOJQ,business
Los Arcos,Charlotte,42,,University City,"['Mexican', 'Restaurants']",35.3099289,3.5,"['Alcohol: full_bar', ""Ambience: {'romantic': False, 'intimate': False, 'classy': False, 'hipster': False, 'divey': False, 'touristy': False, 'trendy': False, 'upscale': False, 'casual': True}"", 'BikeParking: True', 'BusinessAcceptsCreditCards: True', ""BusinessParking: {'garage': False, 'street': False, 'validated': False, 'lot': True, 'valet': False}"", 'Caters: False', 'GoodForKids: True', ""GoodForMeal: {'dessert': False, 'latenight': False, 'lunch': True, 'dinner': False, 'breakfast': False, 'brunch': False}"", 'HasTV: True', 'NoiseLevel: average', 'OutdoorSeating: True', 'RestaurantsAttire: casual', 'RestaurantsDelivery: False', 'RestaurantsGoodForGroups: True', 'RestaurantsPriceRange2: 1', 'RestaurantsReservations: False', 'RestaurantsTableService: True', 'RestaurantsTakeOut: True', 'WiFi: no']",-80.754271,8619 Jw Clay Blvd,28262,NC,1,y6Fmhz2CceimbgvxNVgE-w,business
Lotus Buffet,Charlotte,31,"['Monday 11:0-22:0', 'Tuesday 11:0-22:0', 'Wednesday 11:0-22:0', 'Thursday 11:0-22:0', 'Friday 11:0-22:30', 'Saturday 11:0-22:30', 'Sunday 11:0-22:0']",University City,"['Restaurants', 'Chinese']",35.3171014,3.0,"['Alcohol: beer_and_wine', ""Ambience: {'romantic': False, 'intimate': False, 'classy': False, 'hipster': False, 'divey': False, 'touristy': False, 'trendy': False, 'upscale': False, 'casual': True}"", 'BikeParking: True', 'BusinessAcceptsCreditCards: True', ""BusinessParking: {'garage': False, 'street': False, 'validated': False, 'lot': True, 'valet': False}"", 'GoodForKids: True', ""GoodForMeal: {'dessert': False, 'latenight': False, 'lunch': True, 'dinner': False, 'breakfast': False, 'brunch': False}"", 'HasTV: False', 'NoiseLevel: average', 'OutdoorSeating: False', 'RestaurantsAttire: casual', 'RestaurantsDelivery: False', 'RestaurantsGoodForGroups: True', 'RestaurantsPriceRange2: 1', 'RestaurantsReservations: False', 'RestaurantsTableService: True', 'RestaurantsTakeOut: True', 'WheelchairAccessible: True', 'WiFi: no', 'Caters: True']",-80.74022,9605 N Tryon St,28262,NC,1,tLSgXuy0g8nxX6Xgb7nvrw,business
Pita Land,Brampton,8,"['Monday 11:0-0:0', 'Tuesday 11:0-0:0', 'Wednesday 11:0-0:0', 'Thursday 11:0-0:0', 'Friday 11:0-1:0', 'Saturday 11:0-1:0', 'Sunday 12:0-23:0']",,"['Canadian (New)', 'Sandwiches', 'Restaurants']",43.7071105,3.5,"['BusinessAcceptsCreditCards: True', 'GoodForKids: True', 'HasTV: True', 'NoiseLevel: quiet', 'OutdoorSeating: True', 'RestaurantsAttire: casual', 'RestaurantsGoodForGroups: False', 'RestaurantsReservations: False', 'RestaurantsTakeOut: True']",-79.7874934,"10045 Hurontario Street, Unit 4",L6Z 0E6,ON,1,mPYNWKUvi_CfEJx0mTdPfg,business
Chicken King,Mount Holly,19,"['Monday 10:0-21:0', 'Tuesday 10:0-21:0', 'Wednesday 10:0-21:0', 'Thursday 10:0-21:0', 'Friday 10:0-21:0', 'Saturday 11:0-21:0']",,"['Restaurants', 'Chicken Shop', 'Fast Food']",35.2984303,4.5,"['Alcohol: none', ""Ambience: {'romantic': False, 'intimate': False, 'classy': False, 'hipster': False, 'divey': False, 'touristy': False, 'trendy': False, 'upscale': False, 'casual': False}"", 'BikeParking: True', 'BusinessAcceptsCreditCards: True', ""BusinessParking: {'garage': False, 'street': False, 'validated': False, 'lot': False, 'valet': False}"", 'DriveThru: False', 'GoodForKids: True', ""GoodForMeal: {'dessert': False, 'latenight': False, 'lunch': False, 'dinner': False, 'breakfast': False, 'brunch': False}"", 'HasTV: True', 'NoiseLevel: average', 'OutdoorSeating: False', 'RestaurantsAttire: casual', 'RestaurantsDelivery: False', 'RestaurantsGoodForGroups: True', 'RestaurantsPriceRange2: 1', 'RestaurantsReservations: False', 'RestaurantsTableService: False', 'RestaurantsTakeOut: True']",-81.0174483,130 W Charlotte Ave,28120,NC,1,COKSA2i-9GVwKjCu5jI8Ew,business
Roberto's Taco Shop,Las Vegas,42,,Eastside,"['Restaurants', 'Mexican', 'Fast Food']",36.1410796647,3.5,"['Alcohol: none', 'BYOBCorkage: no', 'BikeParking: True', 'BusinessAcceptsCreditCards: True', ""BusinessParking: {'garage': False, 'street': False, 'validated': False, 'lot': True, 'valet': False}"", 'Caters: True', 'DriveThru: False', 'GoodForKids: True', 'HasTV: False', 'NoiseLevel: average', 'OutdoorSeating: False', 'RestaurantsAttire: casual', 'RestaurantsDelivery: False', 'RestaurantsGoodForGroups: True', 'RestaurantsPriceRange2: 1', 'RestaurantsReservations: False', 'RestaurantsTableService: False', 'RestaurantsTakeOut: True', 'WheelchairAccessible: True', 'WiFi: no', ""Ambience: {'romantic': False, 'intimate': False, 'classy': False, 'hipster': False, 'divey': False, 'touristy': False, 'trendy': False, 'upscale': False, 'casual': False}"", ""GoodForMeal: {'dessert': False, 'latenight': True, 'lunch': True, 'dinner': True, 'breakfast': True, 'brunch': False}""]",-115.119311392,2685 S Eastern Ave,89169,NV,1,H2Chxto2e6dHTDJ8-s3-pQ,business
Gyros Place,Mississauga,15,"['Monday 10:0-21:0', 'Tuesday 10:0-21:0', 'Wednesday 10:0-21:0', 'Thursday 10:0-21:0', 'Friday 10:0-21:0', 'Saturday 10:0-21:0']",,"['Greek', 'Restaurants']",43.6413062608,3.5,"['Alcohol: full_bar', ""Ambience: {'romantic': False, 'intimate': False, 'classy': False, 'hipster': False, 'touristy': False, 'trendy': False, 'upscale': False, 'casual': False}"", 'BikeParking: False', 'BusinessAcceptsCreditCards: True', ""BusinessParking: {'garage': False, 'street': False, 'validated': False, 'lot': False, 'valet': False}"", 'Caters: True', 'GoodForKids: True', ""GoodForMeal: {'dessert': False, 'latenight': False, 'lunch': False, 'dinner': False, 'breakfast': False, 'brunch': True}"", 'HasTV: True', 'NoiseLevel: quiet', 'OutdoorSeating: False', 'RestaurantsAttire: casual', 'RestaurantsDelivery: True', 'RestaurantsGoodForGroups: True', 'RestaurantsPriceRange2: 1', 'RestaurantsReservations: False', 'RestaurantsTakeOut: True', 'WiFi: free', 'RestaurantsTableService: False']",-79.6321875975,1350  Matheson Boulevard E,L4W 4M1,ON,1,pb6tVpusp8N-OHCgdZKqyQ,business
Oriental Cafe,Richmond Hill,5,,,"['Chinese', 'Restaurants']",43.8662503,3.5,"['Alcohol: none', 'BusinessAcceptsCreditCards: False', ""BusinessParking: {'garage': False, 'street': False, 'validated': False, 'lot': False, 'valet': False}"", 'GoodForKids: True', ""GoodForMeal: {'dessert': False, 'latenight': False, 'lunch': False, 'dinner': False, 'breakfast': False, 'brunch': False}"", 'NoiseLevel: average', 'OutdoorSeating: False', 'RestaurantsAttire: casual', 'RestaurantsDelivery: False', 'RestaurantsGoodForGroups: True', 'RestaurantsPriceRange2: 1', 'RestaurantsReservations: True', 'RestaurantsTableService: True', 'RestaurantsTakeOut: True']",-79.3864907,9425 Leslie Street,L4B 3N7,ON,0,sIKuBMvUCqqjN0uqI70btA,business
Windup Bird Cafe,Toronto,35,"['Tuesday 11:0-22:0', 'Wednesday 11:0-22:0', 'Thursday 11:0-22:0', 'Friday 11:0-22:0', 'Saturday 9:0-22:0', 'Sunday 9:0-20:0']",,"['Korean', 'Restaurants', 'Japanese', 'Cafes', 'Asian Fusion', 'Breakfast & Brunch']",43.6570912,4.0,"['Alcohol: full_bar', ""Ambience: {'romantic': False, 'intimate': False, 'classy': False, 'hipster': False, 'touristy': False, 'trendy': True, 'upscale': False, 'casual': False}"", 'BikeParking: True', 'BusinessAcceptsCreditCards: True', ""BusinessParking: {'garage': False, 'street': True, 'validated': False, 'lot': False, 'valet': False}"", 'Caters: True', 'DogsAllowed: True', 'GoodForKids: True', ""GoodForMeal: {'dessert': False, 'latenight': False, 'lunch': False, 'dinner': False, 'breakfast': False, 'brunch': True}"", 'HasTV: False', 'NoiseLevel: quiet', 'OutdoorSeating: True', 'RestaurantsAttire: casual', 'RestaurantsDelivery: False', 'RestaurantsGoodForGroups: True', 'RestaurantsPriceRange2: 2', 'RestaurantsReservations: True', 'RestaurantsTableService: True', 'RestaurantsTakeOut: True', 'WheelchairAccessible: True', 'WiFi: free']",-79.405361,382 College Street,M5T 1S7,ON,0,rdBt-0Mu1r-zHUywpppYwA,business
Big Al's Diner,Cleveland,86,"['Monday 6:30-14:30', 'Tuesday 6:30-14:30', 'Wednesday 6:30-14:30', 'Thursday 6:30-14:30', 'Friday 6:30-14:30', 'Saturday 6:30-14:30', 'Sunday 7:0-14:30']",,"['Diners', 'Breakfast & Brunch', 'Restaurants']",41.4876329307,3.0,"['Alcohol: none', ""Ambience: {'romantic': False, 'intimate': False, 'classy': False, 'hipster': False, 'divey': True, 'touristy': False, 'trendy': False, 'upscale': False, 'casual': True}"", 'BikeParking: True', 'BusinessAcceptsCreditCards: True', ""BusinessParking: {'garage': False, 'street': True, 'validated': False, 'lot': True, 'valet': False}"", 'Caters: False', 'GoodForKids: True', ""GoodForMeal: {'dessert': False, 'latenight': False, 'lunch': False, 'dinner': False, 'breakfast': True, 'brunch': True}"", 'HasTV: False', 'NoiseLevel: average', 'OutdoorSeating: False', 'RestaurantsAttire: casual', 'RestaurantsCounterService: True', 'RestaurantsDelivery: False', 'RestaurantsGoodForGroups: True', 'RestaurantsPriceRange2: 1', 'RestaurantsReservations: False', 'RestaurantsTableService: True', 'RestaurantsTakeOut: True', 'WheelchairAccessible: False', 'WiFi: no']",-81.5954913272,12600 Larchmere Blvd,44120,OH,1,iNeiyfZ7MHK8dI0QZ4Ucsg,business
Max & Erma's,Mc Murray,13,"['Monday 11:0-22:0', 'Tuesday 11:0-22:0', 'Wednesday 11:0-22:0', 'Thursday 11:0-22:0', 'Friday 11:0-23:0', 'Saturday 11:0-23:0', 'Sunday 11:0-22:0']",,"['American (Traditional)', 'Nightlife', 'Bars', 'Restaurants']",40.2651855,2.5,"['Alcohol: full_bar', ""Ambience: {'romantic': False, 'intimate': False, 'classy': False, 'hipster': False, 'divey': False, 'touristy': False, 'trendy': False, 'upscale': False, 'casual': False}"", 'BikeParking: False', 'BusinessAcceptsCreditCards: True', ""BusinessParking: {'garage': False, 'street': False, 'validated': False, 'lot': True, 'valet': False}"", 'GoodForKids: True', ""GoodForMeal: {'dessert': False, 'latenight': False, 'lunch': True, 'dinner': False, 'breakfast': False, 'brunch': False}"", 'HasTV: True', 'NoiseLevel: loud', 'OutdoorSeating: False', 'RestaurantsAttire: casual', 'RestaurantsDelivery: False', 'RestaurantsGoodForGroups: True', 'RestaurantsPriceRange2: 2', 'RestaurantsTableService: True', 'RestaurantsTakeOut: True', 'RestaurantsReservations: False']",-80.1290903,4093 Washington Rd,15317,PA,1,dRJgJylofavL0i3xq1wEbw,business
US Egg,Scottsdale,341,"['Monday 6:30-14:30', 'Tuesday 6:30-14:30', 'Wednesday 6:30-14:30', 'Thursday 6:30-14:30', 'Friday 6:30-14:30', 'Saturday 6:30-14:30', 'Sunday 6:30-14:30']",,"['Burgers', 'Breakfast & Brunch', 'Restaurants', 'Sandwiches', 'Gluten-Free']",33.4859652813,4.0,"['Alcohol: beer_and_wine', ""Ambience: {'romantic': False, 'intimate': False, 'classy': False, 'hipster': False, 'divey': False, 'touristy': False, 'trendy': False, 'upscale': False, 'casual': True}"", 'BikeParking: True', 'BusinessAcceptsCreditCards: True', ""BusinessParking: {'garage': False, 'street': True, 'validated': False, 'lot': True, 'valet': False}"", 'Caters: False', 'DogsAllowed: False', 'GoodForKids: True', ""GoodForMeal: {'dessert': False, 'latenight': False, 'lunch': False, 'dinner': False, 'breakfast': True, 'brunch': True}"", 'HasTV: False', 'NoiseLevel: average', 'OutdoorSeating: True', 'RestaurantsAttire: casual', 'RestaurantsDelivery: False', 'RestaurantsGoodForGroups: True', 'RestaurantsPriceRange2: 2', 'RestaurantsReservations: False', 'RestaurantsTableService: True', 'RestaurantsTakeOut: True', 'WheelchairAccessible: True', 'WiFi: free']",-111.926561894,3238 N Scottsdale Rd,85251,AZ,1,Sxx0E2KvnNCSqlIhbD0l_g,business
Limelight Dipping Bar And Grill,Scottsdale,29,"['Monday 11:0-0:0', 'Tuesday 11:0-0:0', 'Wednesday 11:0-0:0', 'Thursday 11:0-0:0', 'Friday 11:0-3:0', 'Saturday 11:0-3:0', 'Sunday 11:0-23:0']",,"['Restaurants', 'American (New)', 'Bars', 'Lounges', 'Nightlife']",33.4974193,3.0,"['Alcohol: full_bar', ""Ambience: {'romantic': False, 'intimate': False, 'classy': False, 'hipster': False, 'divey': False, 'touristy': False, 'trendy': False, 'upscale': False, 'casual': True}"", ""BestNights: {'monday': False, 'tuesday': False, 'friday': True, 'wednesday': False, 'thursday': True, 'sunday': False, 'saturday': True}"", 'BusinessAcceptsCreditCards: True', ""BusinessParking: {'garage': False, 'street': False, 'validated': False, 'lot': True, 'valet': False}"", 'Caters: True', 'CoatCheck: False', 'GoodForDancing: False', 'GoodForKids: False', ""GoodForMeal: {'dessert': False, 'latenight': False, 'lunch': False, 'dinner': True, 'breakfast': False, 'brunch': False}"", 'HappyHour: True', 'HasTV: True', ""Music: {'dj': False, 'background_music': True, 'no_music': False, 'karaoke': False, 'live': False, 'video': False, 'jukebox': False}"", 'NoiseLevel: average', 'OutdoorSeating: True', 'RestaurantsAttire: casual', 'RestaurantsGoodForGroups: True', 'RestaurantsPriceRange2: 2', 'RestaurantsTableService: True', 'RestaurantsTakeOut: False', 'Smoking: no', 'WiFi: no']",-111.9263014,4218 N Scottsdale Rd,85251,AZ,0,KZj3f5ohsyGfIer7K-xncg,business
New Lucky,Pittsburgh,4,,,"['Restaurants', 'Chinese']",40.4426682,3.0,,-79.8856765,825 Wood St,15221,PA,1,-Is6Ney1wmsJAjvDdkaaaQ,business
Don Patron Mexican Grill,Hudson,22,"['Monday 11:0-22:0', 'Tuesday 11:0-22:0', 'Wednesday 11:0-22:0', 'Thursday 11:0-22:0', 'Friday 11:0-22:30', 'Saturday 11:0-22:30', 'Sunday 11:0-21:0']",,"['Seafood', 'Salad', 'Mexican', 'Restaurants']",41.240056,4.0,"['Alcohol: full_bar', ""Ambience: {'romantic': False, 'intimate': False, 'classy': False, 'hipster': False, 'divey': False, 'touristy': False, 'trendy': False, 'upscale': False, 'casual': False}"", 'BikeParking: True', 'BusinessAcceptsCreditCards: True', ""BusinessParking: {'garage': False, 'street': False, 'validated': False, 'lot': False, 'valet': False}"", 'GoodForKids: True', ""GoodForMeal: {'dessert': False, 'latenight': False, 'lunch': False, 'dinner': False, 'breakfast': False, 'brunch': False}"", 'HasTV: True', 'NoiseLevel: average', 'OutdoorSeating: False', 'RestaurantsAttire: casual', 'RestaurantsDelivery: False', 'RestaurantsGoodForGroups: True', 'RestaurantsPriceRange2: 2', 'RestaurantsReservations: False', 'RestaurantsTableService: True', 'RestaurantsTakeOut: True']",-81.440667,"5835 Darrow Rd, Rt 91",44236,OH,1,Lycld8xZmrgbRJD4qDxgGA,business
Jim's Open Kitchen,Solon,54,"['Monday 7:0-14:0', 'Tuesday 7:0-14:0', 'Wednesday 7:0-14:0', 'Thursday 7:0-14:0', 'Friday 7:0-14:0', 'Saturday 7:0-13:0', 'Sunday 7:0-13:0']",,"['American (Traditional)', 'Restaurants']",41.3851742,4.0,"['Alcohol: none', ""Ambience: {'romantic': False, 'intimate': False, 'classy': False, 'hipster': False, 'divey': True, 'touristy': False, 'trendy': False, 'upscale': False, 'casual': False}"", 'BikeParking: False', 'BusinessAcceptsCreditCards: False', ""BusinessParking: {'garage': False, 'street': False, 'validated': False, 'lot': True, 'valet': False}"", 'Caters: False', 'GoodForKids: True', 'HasTV: False', 'NoiseLevel: average', 'OutdoorSeating: False', 'RestaurantsAttire: casual', 'RestaurantsDelivery: False', 'RestaurantsGoodForGroups: False', 'RestaurantsPriceRange2: 1', 'RestaurantsReservations: False', 'RestaurantsTableService: True', 'RestaurantsTakeOut: True', 'WheelchairAccessible: True', 'WiFi: no', ""GoodForMeal: {'dessert': False, 'latenight': False, 'lunch': True, 'dinner': False, 'breakfast': True, 'brunch': False}""]",-81.4386466,33779 Aurora Rd,44139,OH,1,T-lO5VHHDFhjh7c-zLe4Og,business
Jimmy John's,Charlotte,9,,Steele Creek,"['Sandwiches', 'Restaurants']",35.1010897,3.5,"['Alcohol: none', ""Ambience: {'romantic': False, 'intimate': False, 'classy': False, 'hipster': False, 'divey': False, 'touristy': False, 'trendy': False, 'upscale': False, 'casual': False}"", 'BusinessAcceptsCreditCards: True', ""BusinessParking: {'garage': False, 'street': False, 'validated': False, 'lot': False, 'valet': False}"", 'Caters: True', 'GoodForKids: True', ""GoodForMeal: {'dessert': False, 'latenight': False, 'lunch': False, 'dinner': False, 'breakfast': False, 'brunch': False}"", 'HasTV: False', 'NoiseLevel: quiet', 'OutdoorSeating: False', 'RestaurantsAttire: casual', 'RestaurantsDelivery: True', 'RestaurantsGoodForGroups: True', 'RestaurantsPriceRange2: 1', 'RestaurantsReservations: False', 'RestaurantsTableService: False', 'RestaurantsTakeOut: True']",-80.9918697,13129 S Tryon St,28278,NC,1,sBrrWO-Nv7imsqU0e5504Q,business
Fujimi Japanese Steakhouse,Matthews,89,"['Tuesday 11:0-22:0', 'Wednesday 11:0-22:0', 'Thursday 11:0-22:0', 'Friday 11:0-23:0', 'Saturday 11:0-23:0', 'Sunday 11:0-22:0']",,"['Japanese', 'Restaurants', 'Sushi Bars']",35.1268022,3.5,"['Alcohol: full_bar', ""Ambience: {'romantic': False, 'intimate': False, 'classy': False, 'hipster': False, 'divey': False, 'touristy': False, 'trendy': False, 'upscale': False, 'casual': True}"", 'BikeParking: True', 'BusinessAcceptsCreditCards: True', ""BusinessParking: {'garage': False, 'street': False, 'validated': False, 'lot': True, 'valet': False}"", 'Caters: False', 'GoodForKids: True', 'HasTV: True', 'NoiseLevel: average', 'OutdoorSeating: False', 'RestaurantsAttire: casual', 'RestaurantsDelivery: False', 'RestaurantsGoodForGroups: True', 'RestaurantsPriceRange2: 2', 'RestaurantsReservations: True', 'RestaurantsTableService: True', 'RestaurantsTakeOut: True', 'WiFi: no', ""GoodForMeal: {'dessert': False, 'latenight': False, 'lunch': True, 'dinner': True, 'breakfast': False, 'brunch': False}""]",-80.7082811,10412 E Independance Blvd,28105,NC,1,yU5mfSJOmaJkegn2ad48Iw,business
Fisherman Tom,Stuttgart,5,"['Monday 11:30-14:0', 'Monday 17:30-22:0', 'Tuesday 11:30-14:0', 'Tuesday 17:30-22:0', 'Wednesday 11:30-14:0', 'Wednesday 17:30-22:0', 'Thursday 11:30-14:0', 'Thursday 17:30-22:0', 'Friday 11:30-14:0', 'Friday 17:30-22:0', 'Saturday 17:30-22:0']",,"['Seafood', 'Restaurants']",48.77429,4.0,"['Alcohol: full_bar', ""Ambience: {'romantic': False, 'intimate': False, 'classy': False, 'hipster': False, 'touristy': False, 'trendy': False, 'upscale': False, 'casual': False}"", 'BikeParking: True', 'BusinessAcceptsBitcoin: False', 'BusinessAcceptsCreditCards: True', ""BusinessParking: {'garage': True, 'street': True, 'validated': False, 'lot': False, 'valet': False}"", 'Caters: False', 'DogsAllowed: True', 'GoodForKids: True', 'NoiseLevel: average', 'OutdoorSeating: True', 'RestaurantsAttire: casual', 'RestaurantsDelivery: False', 'RestaurantsGoodForGroups: True', 'RestaurantsPriceRange2: 2', 'RestaurantsReservations: True', 'RestaurantsTableService: True', 'RestaurantsTakeOut: True', 'WheelchairAccessible: False', 'WiFi: no']",9.18414,Rosenstr. 33,70182,BW,1,F64_t2Mm7SRgwUH98lZn8w,business
Chez Bédine,Montréal,3,"['Tuesday 5:0-14:0', 'Wednesday 5:0-14:0', 'Thursday 5:0-14:0', 'Friday 5:0-14:0', 'Saturday 8:0-14:0', 'Sunday 8:0-14:0']",Sud-Ouest,"['Restaurants', 'Breakfast & Brunch']",45.4635319,5.0,"['GoodForKids: True', 'RestaurantsGoodForGroups: True', 'RestaurantsPriceRange2: 1', 'RestaurantsTakeOut: True']",-73.5835857,1545 Avenue De L'Église,H4E 1G4,QC,0,JrR8X7AST5ZkWEfXqlIBmA,business
Gaetano's Ristorante,Henderson,300,"['Monday 17:0-22:0', 'Tuesday 17:0-22:0', 'Wednesday 17:0-22:0', 'Thursday 17:0-22:0', 'Friday 17:0-22:30', 'Saturday 17:0-22:30', 'Sunday 17:0-21:0']",Anthem,"['Italian', 'Restaurants']",36.0029991,4.0,"['Alcohol: full_bar', ""Ambience: {'romantic': True, 'intimate': False, 'classy': False, 'hipster': False, 'divey': False, 'touristy': False, 'trendy': False, 'upscale': False, 'casual': False}"", 'BikeParking: False', 'BusinessAcceptsCreditCards: True', ""BusinessParking: {'garage': False, 'street': False, 'validated': False, 'lot': True, 'valet': False}"", 'Caters: False', 'GoodForKids: False', ""GoodForMeal: {'dessert': False, 'latenight': False, 'lunch': False, 'dinner': True, 'breakfast': False, 'brunch': False}"", 'HasTV: True', 'NoiseLevel: average', 'OutdoorSeating: False', 'RestaurantsAttire: casual', 'RestaurantsDelivery: False', 'RestaurantsGoodForGroups: True', 'RestaurantsPriceRange2: 3', 'RestaurantsReservations: True', 'RestaurantsTableService: True', 'RestaurantsTakeOut: True', 'WheelchairAccessible: True', 'WiFi: no']",-115.1105835,"10271 S Eastern Ave, Ste 111",89052,NV,1,ZtJ6sTq7-5rL9ORUtQJHAQ,business
Anoush,Toronto,14,"['Monday 11:0-21:0', 'Tuesday 11:0-21:0', 'Wednesday 11:0-21:0', 'Thursday 11:0-21:0', 'Friday 11:0-21:0', 'Saturday 12:0-20:0', 'Sunday 12:0-20:0']",,"['Persian/Iranian', 'Restaurants', 'Fast Food', 'Middle Eastern', 'Mediterranean']",43.7566219,3.5,"['Alcohol: none', ""Ambience: {'romantic': False, 'intimate': False, 'classy': False, 'hipster': False, 'touristy': False, 'trendy': False, 'upscale': False, 'casual': False}"", 'BikeParking: True', 'BusinessAcceptsCreditCards: True', ""BusinessParking: {'garage': False, 'street': False, 'validated': False, 'lot': False, 'valet': False}"", 'Caters: True', 'DogsAllowed: False', 'GoodForKids: True', ""GoodForMeal: {'dessert': False, 'latenight': False, 'lunch': False, 'dinner': False, 'breakfast': False, 'brunch': False}"", 'HasTV: True', 'NoiseLevel: average', 'OutdoorSeating: True', 'RestaurantsAttire: casual', 'RestaurantsDelivery: False', 'RestaurantsGoodForGroups: True', 'RestaurantsPriceRange2: 1', 'RestaurantsReservations: False', 'RestaurantsTableService: False', 'RestaurantsTakeOut: True', 'WheelchairAccessible: False', 'WiFi: free']",-79.4700347,"170 Rimrock Road, Unit 2",M3J 3A6,ON,1,5_2Lls-h_shbRGyUruLlTQ,business
Sonic Drive In,Avondale,5,,,"['Food', 'Fast Food', 'Restaurants']",33.42145,3.5,"['Alcohol: none', ""Ambience: {'romantic': False, 'intimate': False, 'classy': False, 'hipster': False, 'divey': False, 'touristy': False, 'trendy': False, 'upscale': False, 'casual': False}"", 'BikeParking: True', 'BusinessAcceptsCreditCards: True', ""BusinessParking: {'garage': False, 'street': False, 'validated': False, 'lot': False, 'valet': False}"", 'Caters: False', 'DriveThru: True', 'GoodForKids: True', ""GoodForMeal: {'dessert': False, 'latenight': False, 'lunch': False, 'dinner': False, 'breakfast': False, 'brunch': True}"", 'HasTV: False', 'NoiseLevel: average', 'OutdoorSeating: True', 'RestaurantsAttire: casual', 'RestaurantsDelivery: False', 'RestaurantsGoodForGroups: True', 'RestaurantsPriceRange2: 1', 'RestaurantsReservations: False', 'RestaurantsTakeOut: True', 'WiFi: no']",-112.291575,10750 W Lower Buckeye Rd,85323,AZ,1,_Izez54wm0TqZ4XHmj0z9Q,business
La Brasserie Saint-Denis,Montréal,7,,Plateau-Mont-Royal,"['Brasseries', 'Restaurants']",45.5228389,3.5,"['Alcohol: full_bar', 'NoiseLevel: average', 'RestaurantsGoodForGroups: True', 'GoodForKids: False']",-73.5807616,4350 Rue Saint-Denis,H2J 2L1,QC,1,0HX6vATcczEjEquABzFK3Q,business
Mediterraneo Steakhouse,Montreal,9,"['Monday 11:0-14:0', 'Monday 17:0-23:0', 'Tuesday 11:0-14:0', 'Tuesday 17:0-23:0', 'Wednesday 11:0-14:0', 'Wednesday 17:0-23:0', 'Thursday 11:0-14:0', 'Thursday 17:0-23:0', 'Saturday 20:0-0:0', 'Sunday 17:0-23:0']",Saint-Laurent,"['Beer', 'Wine & Spirits', 'Food', 'Restaurants', 'Italian', 'Kosher', 'Steakhouses']",45.503909,4.5,"['Alcohol: full_bar', ""Ambience: {'romantic': False, 'intimate': False, 'classy': False, 'hipster': False, 'touristy': False, 'trendy': False, 'upscale': False, 'casual': False}"", 'BikeParking: False', 'BusinessAcceptsCreditCards: True', ""BusinessParking: {'garage': False, 'street': False, 'validated': False, 'lot': True, 'valet': False}"", 'Caters: True', 'DogsAllowed: False', 'GoodForKids: True', ""GoodForMeal: {'dessert': False, 'latenight': False, 'lunch': False, 'dinner': False, 'breakfast': False, 'brunch': False}"", 'HasTV: True', 'NoiseLevel: average', 'OutdoorSeating: True', 'RestaurantsAttire: dressy', 'RestaurantsDelivery: False', 'RestaurantsGoodForGroups: True', 'RestaurantsPriceRange2: 3', 'RestaurantsReservations: True', 'RestaurantsTableService: True', 'RestaurantsTakeOut: True', 'WheelchairAccessible: True', 'WiFi: free']",-73.678141,1873  Rue Saint-Louis,H4M 1N5,QC,1,JU_-RuxNNAKgNKeR27_g4A,business
Caffe Davio,Pittsburgh,37,"['Monday 7:0-14:0', 'Tuesday 7:0-22:0', 'Wednesday 7:0-22:0', 'Thursday 7:0-22:0', 'Friday 7:0-23:0', 'Saturday 7:0-23:0', 'Sunday 8:0-14:0']",South Side,"['Italian', 'Restaurants']",40.4274551,4.0,"['Alcohol: none', ""Ambience: {'romantic': False, 'intimate': False, 'classy': False, 'hipster': False, 'divey': False, 'touristy': False, 'trendy': False, 'upscale': False, 'casual': True}"", 'BikeParking: True', 'BusinessAcceptsCreditCards: False', ""BusinessParking: {'garage': False, 'street': True, 'validated': False, 'lot': False, 'valet': False}"", 'GoodForKids: True', ""GoodForMeal: {'dessert': False, 'latenight': False, 'lunch': False, 'dinner': False, 'breakfast': True, 'brunch': False}"", 'HasTV: False', 'NoiseLevel: quiet', 'OutdoorSeating: False', 'RestaurantsAttire: casual', 'RestaurantsDelivery: False', 'RestaurantsGoodForGroups: False', 'RestaurantsPriceRange2: 2', 'RestaurantsReservations: True', 'RestaurantsTableService: True', 'RestaurantsTakeOut: True', 'WiFi: no']",-79.9691231,2516 E Carson St,15203,PA,0,FcXGZFrVPaKfe3wJZibfCw,business
Jimmy John's,Las Vegas,18,"['Monday 11:0-18:0', 'Tuesday 11:0-18:0', 'Wednesday 11:0-18:0', 'Thursday 11:0-18:0', 'Friday 11:0-18:0', 'Saturday 11:0-18:0', 'Sunday 11:0-18:0']",Downtown,"['Food Delivery Services', 'Restaurants', 'Fast Food', 'Sandwiches', 'Food']",36.1674946,4.0,"['Alcohol: none', ""Ambience: {'romantic': False, 'intimate': False, 'classy': False, 'hipster': False, 'divey': False, 'touristy': False, 'trendy': False, 'upscale': False, 'casual': False}"", 'BikeParking: True', 'BusinessAcceptsCreditCards: True', ""BusinessParking: {'garage': False, 'street': False, 'validated': False, 'lot': False, 'valet': False}"", 'Caters: True', 'GoodForKids: True', ""GoodForMeal: {'dessert': False, 'latenight': False, 'lunch': False, 'dinner': False, 'breakfast': False, 'brunch': False}"", 'HasTV: False', 'NoiseLevel: average', 'OutdoorSeating: True', 'RestaurantsAttire: casual', 'RestaurantsDelivery: True', 'RestaurantsGoodForGroups: True', 'RestaurantsPriceRange2: 1', 'RestaurantsReservations: False', 'RestaurantsTableService: False', 'RestaurantsTakeOut: True', 'WiFi: no']",-115.148789,495 S Main St,89101,NV,1,VhazKK6zbHrdJaN-bmeHbQ,business
Emporte Pièce,Montréal,7,,Plateau-Mont-Royal,"['French', 'Restaurants']",45.5258205,4.5,"['Alcohol: beer_and_wine', ""Ambience: {'romantic': False, 'intimate': False, 'classy': False, 'hipster': False, 'touristy': False, 'trendy': False, 'upscale': False, 'casual': True}"", 'BusinessAcceptsCreditCards: True', ""BusinessParking: {'garage': False, 'street': True, 'validated': False, 'lot': False, 'valet': False}"", 'Caters: True', 'GoodForKids: True', ""GoodForMeal: {'dessert': False, 'latenight': False, 'lunch': True, 'dinner': False, 'breakfast': False, 'brunch': False}"", 'HasTV: False', 'NoiseLevel: quiet', 'OutdoorSeating: True', 'RestaurantsAttire: casual', 'RestaurantsDelivery: False', 'RestaurantsGoodForGroups: False', 'RestaurantsPriceRange2: 2', 'RestaurantsReservations: False', 'RestaurantsTableService: True', 'RestaurantsTakeOut: True', 'WiFi: no']",-73.5861705,418 Gilford,H2J 2L6,QC,0,JMHlS2eQcfFGuzICbrhhkw,business
Bobbie's Cafe of Sun City,Sun City,32,"['Monday 6:0-20:0', 'Tuesday 6:0-20:0', 'Wednesday 6:0-20:0', 'Thursday 6:0-20:0', 'Friday 6:0-21:0', 'Saturday 6:0-21:0', 'Sunday 6:0-20:0']",,"['Restaurants', 'Diners', 'Breakfast & Brunch']",33.6237665,3.0,"['Alcohol: none', ""Ambience: {'romantic': False, 'intimate': False, 'classy': False, 'hipster': False, 'divey': False, 'touristy': False, 'trendy': False, 'upscale': False, 'casual': True}"", 'BikeParking: True', 'BusinessAcceptsCreditCards: True', ""BusinessParking: {'garage': False, 'street': False, 'validated': False, 'lot': True, 'valet': False}"", 'Caters: True', 'GoodForKids: True', ""GoodForMeal: {'dessert': False, 'latenight': False, 'lunch': False, 'dinner': False, 'breakfast': True, 'brunch': False}"", 'HasTV: True', 'NoiseLevel: average', 'OutdoorSeating: False', 'RestaurantsAttire: casual', 'RestaurantsDelivery: False', 'RestaurantsGoodForGroups: True', 'RestaurantsPriceRange2: 1', 'RestaurantsReservations: False', 'RestaurantsTableService: True', 'RestaurantsTakeOut: True', 'WheelchairAccessible: True', 'WiFi: no']",-112.2702742,15472 N 99th Ave,85351,AZ,1,k37Q9SambL1HADilIUl6xg,business
Maha's Cafe,Cleveland,24,"['Monday 9:0-17:30', 'Tuesday 9:0-17:30', 'Wednesday 9:0-17:30', 'Thursday 9:0-17:30', 'Friday 9:0-17:30']",Clark-Fulton,"['Restaurants', 'Middle Eastern']",41.463873,4.5,"['Alcohol: none', ""Ambience: {'romantic': False, 'intimate': False, 'classy': False, 'hipster': False, 'divey': False, 'touristy': False, 'trendy': False, 'upscale': False, 'casual': True}"", 'BusinessAcceptsCreditCards: True', ""BusinessParking: {'garage': False, 'street': True, 'validated': False, 'lot': False, 'valet': False}"", 'Caters: True', 'GoodForKids: True', ""GoodForMeal: {'dessert': False, 'latenight': False, 'lunch': True, 'dinner': False, 'breakfast': False, 'brunch': False}"", 'HasTV: False', 'NoiseLevel: average', 'OutdoorSeating: False', 'RestaurantsAttire: casual', 'RestaurantsDelivery: False', 'RestaurantsGoodForGroups: True', 'RestaurantsPriceRange2: 1', 'RestaurantsReservations: False', 'RestaurantsTableService: True', 'RestaurantsTakeOut: True', 'WheelchairAccessible: True', 'WiFi: no']",-81.700223,3323 W 25th St,44109,OH,0,C68LYoOSiitXTczAFXjdiQ,business
Milio's Sandwiches,Madison,3,"['Monday 10:0-22:0', 'Tuesday 10:0-22:0', 'Wednesday 10:0-22:0', 'Thursday 10:0-22:0', 'Friday 10:0-22:0', 'Saturday 10:0-22:0', 'Sunday 10:0-22:0']",Elvehjem,"['Restaurants', 'Sandwiches']",43.083863,3.5,,-89.302594,4601 Cottage Grove Rd,53716,WI,1,DkVmX5Zzx_lvl-2Zzyz3bQ,business
Sushi Eye,Phoenix,193,"['Monday 11:0-22:0', 'Tuesday 11:0-22:0', 'Wednesday 11:0-22:0', 'Thursday 11:0-22:0', 'Friday 11:0-22:0', 'Saturday 11:0-22:0']",,"['Sushi Bars', 'Restaurants']",33.3306902,3.5,"['Alcohol: full_bar', ""Ambience: {'romantic': False, 'intimate': False, 'classy': False, 'hipster': False, 'divey': False, 'touristy': False, 'trendy': False, 'upscale': False, 'casual': True}"", 'BYOB: False', 'BYOBCorkage: no', 'BikeParking: True', 'BusinessAcceptsCreditCards: True', ""BusinessParking: {'garage': False, 'street': False, 'validated': False, 'lot': True, 'valet': False}"", 'Caters: True', 'GoodForKids: True', ""GoodForMeal: {'dessert': False, 'latenight': False, 'lunch': False, 'dinner': True, 'breakfast': False, 'brunch': False}"", 'HasTV: True', 'NoiseLevel: average', 'OutdoorSeating: True', 'RestaurantsAttire: casual', 'RestaurantsDelivery: False', 'RestaurantsGoodForGroups: True', 'RestaurantsPriceRange2: 2', 'RestaurantsReservations: True', 'RestaurantsTableService: True', 'RestaurantsTakeOut: True', 'WheelchairAccessible: True', 'WiFi: no']",-111.9785992,"4855 E Warner Rd, Ste A29",85044,AZ,0,ng8vj7q4kFt7d4Ud4lBhHQ,business
Pizzéria Roméo,Montréal,21,"['Monday 17:0-0:0', 'Tuesday 17:0-0:0', 'Wednesday 17:0-0:0', 'Thursday 17:0-2:0', 'Friday 17:0-2:0', 'Saturday 17:0-0:0']",Plateau-Mont-Royal,"['Restaurants', 'Pizza']",45.5228016,3.5,"['Alcohol: full_bar', ""Ambience: {'romantic': False, 'intimate': False, 'classy': False, 'hipster': False, 'touristy': False, 'trendy': True, 'upscale': False, 'casual': False}"", 'BikeParking: True', 'BusinessAcceptsCreditCards: True', ""BusinessParking: {'garage': False, 'street': True, 'validated': False, 'lot': False, 'valet': False}"", 'Caters: False', 'GoodForKids: True', ""GoodForMeal: {'dessert': False, 'latenight': False, 'lunch': False, 'dinner': False, 'breakfast': False, 'brunch': False}"", 'HasTV: False', 'NoiseLevel: average', 'OutdoorSeating: False', 'RestaurantsAttire: casual', 'RestaurantsGoodForGroups: True', 'RestaurantsPriceRange2: 2', 'RestaurantsReservations: True', 'RestaurantsTableService: True', 'RestaurantsTakeOut: True', 'WiFi: no']",-73.5841659,285 Mont-Royal Avenue E,H2T 1P6,QC,1,zmQyE-gIUpwBCMmTFFRbJw,business
Restaurant Ganesha,Fellbach,8,"['Monday 11:30-14:30', 'Monday 17:30-23:0', 'Tuesday 11:30-14:30', 'Tuesday 17:30-23:0', 'Wednesday 11:30-14:30', 'Wednesday 17:30-23:0', 'Thursday 11:30-14:30', 'Thursday 17:30-23:0', 'Friday 11:30-14:30', 'Friday 17:30-23:0', 'Saturday 17:0-23:0', 'Sunday 12:0-23:0']",,"['Restaurants', 'Indian']",48.8186476,3.0,"['Alcohol: full_bar', 'BikeParking: True', 'BusinessAcceptsCreditCards: True', ""BusinessParking: {'garage': False, 'street': False, 'validated': False, 'lot': False, 'valet': False}"", 'DogsAllowed: False', 'GoodForKids: True', 'HasTV: False', 'NoiseLevel: average', 'OutdoorSeating: True', 'RestaurantsAttire: casual', 'RestaurantsDelivery: True', 'RestaurantsGoodForGroups: True', 'RestaurantsPriceRange2: 2', 'RestaurantsReservations: True', 'RestaurantsTableService: True', 'RestaurantsTakeOut: True', 'WiFi: no']",9.2709252,Auberlenstr. 40,70736,BW,1,IgOaTag1zhIXndxngP0M3w,business
City Square Cafe,Phoenix,13,"['Monday 7:0-14:30', 'Tuesday 7:0-14:30', 'Wednesday 7:0-14:30', 'Thursday 7:0-14:30', 'Friday 7:0-14:30']",,"['Bagels', 'Sandwiches', 'Restaurants', 'Food', 'Breakfast & Brunch']",33.4918515,4.0,"['Alcohol: none', ""Ambience: {'romantic': False, 'intimate': False, 'classy': False, 'hipster': False, 'divey': False, 'touristy': False, 'trendy': False, 'upscale': False, 'casual': True}"", 'BikeParking: True', 'BusinessAcceptsCreditCards: True', ""BusinessParking: {'garage': False, 'street': False, 'validated': False, 'lot': False, 'valet': False}"", 'Caters: False', 'GoodForKids: True', ""GoodForMeal: {'dessert': False, 'latenight': False, 'lunch': False, 'dinner': False, 'breakfast': True, 'brunch': False}"", 'HasTV: True', 'NoiseLevel: average', 'OutdoorSeating: True', 'RestaurantsAttire: casual', 'RestaurantsDelivery: False', 'RestaurantsGoodForGroups: True', 'RestaurantsPriceRange2: 1', 'RestaurantsReservations: False', 'RestaurantsTableService: False', 'RestaurantsTakeOut: True', 'WheelchairAccessible: True', 'WiFi: no']",-112.0747751,3800 N Central Ave,85012,AZ,1,ptaEu7aKv1ThePlTk6fyAA,business
McDonald's,Cleveland,5,,University,"['Restaurants', 'Fast Food']",41.5093411,2.0,"['Alcohol: none', 'BusinessAcceptsCreditCards: True', ""BusinessParking: {'garage': False, 'street': False, 'validated': False, 'lot': False, 'valet': False}"", 'GoodForKids: True', 'OutdoorSeating: False', 'RestaurantsAttire: casual', 'RestaurantsGoodForGroups: True', 'RestaurantsReservations: False', 'RestaurantsTableService: False', 'RestaurantsTakeOut: True']",-81.604126,11580 Euclid Ave,44106,OH,0,3vZ8ECJuiEZIuDv7OQ2NHw,business
Joe's New York Pizza,Scottsdale,238,"['Monday 9:0-4:0', 'Tuesday 9:0-4:0', 'Wednesday 9:0-4:0', 'Thursday 9:0-4:0', 'Friday 9:0-4:0', 'Saturday 9:0-4:0', 'Sunday 9:0-4:0']",,"['Restaurants', 'Pizza']",33.500516,3.5,"['Alcohol: beer_and_wine', ""Ambience: {'romantic': False, 'intimate': False, 'classy': False, 'hipster': False, 'divey': False, 'touristy': False, 'trendy': False, 'upscale': False, 'casual': True}"", 'BikeParking: True', 'BusinessAcceptsCreditCards: True', ""BusinessParking: {'garage': True, 'street': True, 'validated': False, 'lot': True, 'valet': False}"", 'Caters: True', 'DogsAllowed: False', 'GoodForKids: True', 'HasTV: True', 'NoiseLevel: average', 'OutdoorSeating: True', 'RestaurantsAttire: casual', 'RestaurantsDelivery: True', 'RestaurantsGoodForGroups: True', 'RestaurantsPriceRange2: 1', 'RestaurantsReservations: False', 'RestaurantsTableService: False', 'RestaurantsTakeOut: True', 'WheelchairAccessible: True', 'WiFi: no', ""GoodForMeal: {'dessert': False, 'latenight': True, 'lunch': True, 'dinner': True, 'breakfast': False, 'brunch': False}""]",-111.923299,7321 E Shoeman Ln,85251,AZ,1,5pMNyj77S1P3rrT69y1pkQ,business
Uncle Sam's Submarines,Pittsburgh,35,,,"['Restaurants', 'Sandwiches']",40.4890230106,3.5,"['Alcohol: beer_and_wine', ""Ambience: {'romantic': False, 'intimate': False, 'classy': False, 'hipster': False, 'divey': False, 'touristy': False, 'trendy': False, 'upscale': False, 'casual': True}"", 'BikeParking: True', 'BusinessAcceptsCreditCards: False', ""BusinessParking: {'garage': False, 'street': False, 'validated': False, 'lot': True, 'valet': False}"", 'Caters: False', 'GoodForKids: True', ""GoodForMeal: {'dessert': False, 'latenight': False, 'lunch': True, 'dinner': True, 'breakfast': False, 'brunch': False}"", 'HasTV: True', 'NoiseLevel: average', 'OutdoorSeating: False', 'RestaurantsAttire: casual', 'RestaurantsDelivery: False', 'RestaurantsGoodForGroups: True', 'RestaurantsPriceRange2: 1', 'RestaurantsReservations: False', 'RestaurantsTableService: False', 'RestaurantsTakeOut: True', 'WiFi: no']",-79.8926940962,936 Freeport Rd,15238,PA,1,HFr3uQI9h8sTTvGn3xk5Zg,business
China House Buffet,Phoenix,4,,,"['Restaurants', 'Buffets']",33.495304,2.0,"['BusinessAcceptsCreditCards: True', ""BusinessParking: {'garage': False, 'street': False, 'validated': False, 'lot': False, 'valet': False}"", ""GoodForMeal: {'dessert': False, 'latenight': False, 'lunch': False, 'dinner': False, 'breakfast': False, 'brunch': False}"", 'OutdoorSeating: False', 'RestaurantsAttire: casual', 'RestaurantsPriceRange2: 1', 'RestaurantsTableService: False', 'RestaurantsTakeOut: True', 'WheelchairAccessible: True']",-112.092068,1520 W Indian School Rd,85015,AZ,0,J6z4W7v727W1pX4-cRnMYw,business
Pizza Hut,Phoenix,21,,,"['Italian', 'Pizza', 'Fast Food', 'Restaurants', 'Chicken Wings']",33.4947917,1.5,"['Alcohol: none', ""Ambience: {'romantic': False, 'intimate': False, 'classy': False, 'hipster': False, 'divey': False, 'touristy': False, 'trendy': False, 'upscale': False, 'casual': False}"", 'BikeParking: False', 'BusinessAcceptsCreditCards: True', 'Caters: False', 'GoodForKids: True', ""GoodForMeal: {'dessert': False, 'latenight': False, 'lunch': False, 'dinner': False, 'breakfast': False, 'brunch': False}"", 'HasTV: False', 'NoiseLevel: quiet', 'OutdoorSeating: False', 'RestaurantsAttire: casual', 'RestaurantsDelivery: True', 'RestaurantsGoodForGroups: True', 'RestaurantsPriceRange2: 1', 'RestaurantsReservations: False', 'RestaurantsTakeOut: True', 'WheelchairAccessible: False']",-112.0995026,1839 W Indian School Rd,85015,AZ,1,pehIhPluVUAOuOdML6rFRA,business
McDonald's,University Heights,4,,,"['Restaurants', 'Fast Food', 'Burgers']",41.499208,3.0,"['Alcohol: none', ""Ambience: {'romantic': False, 'intimate': False, 'classy': False, 'hipster': False, 'divey': False, 'touristy': False, 'trendy': False, 'upscale': False, 'casual': False}"", 'BikeParking: False', 'BusinessAcceptsCreditCards: True', ""BusinessParking: {'garage': False, 'street': False, 'validated': False, 'lot': False, 'valet': False}"", 'DriveThru: True', 'GoodForKids: True', ""GoodForMeal: {'dessert': False, 'latenight': False, 'lunch': False, 'dinner': False, 'breakfast': False, 'brunch': False}"", 'NoiseLevel: average', 'OutdoorSeating: False', 'RestaurantsAttire: casual', 'RestaurantsDelivery: False', 'RestaurantsGoodForGroups: True', 'RestaurantsPriceRange2: 1', 'RestaurantsReservations: False', 'RestaurantsTableService: False', 'RestaurantsTakeOut: True']",-81.536689,2224 Warrensville Center Rd,02224,OH,1,2mroQ_qD_5kLTv88zADnXg,business
La Cage Aux Sports,Montréal,57,"['Monday 11:0-22:0', 'Tuesday 11:0-22:0', 'Wednesday 11:0-22:0', 'Thursday 11:0-0:0', 'Friday 11:0-0:0', 'Saturday 11:0-0:0', 'Sunday 11:0-21:0']",Ville-Marie,"['Sandwiches', 'Burgers', 'Restaurants', 'Chicken Wings']",45.50679,3.0,"['Alcohol: full_bar', ""Ambience: {'romantic': False, 'intimate': False, 'classy': False, 'hipster': False, 'touristy': False, 'trendy': False, 'upscale': False, 'casual': True}"", 'BikeParking: False', 'BusinessAcceptsCreditCards: True', ""BusinessParking: {'garage': False, 'street': True, 'validated': False, 'lot': False, 'valet': False}"", 'Caters: False', 'DriveThru: False', 'GoodForKids: True', ""GoodForMeal: {'dessert': False, 'latenight': False, 'lunch': True, 'dinner': False, 'breakfast': False, 'brunch': False}"", 'HasTV: True', 'NoiseLevel: loud', 'OutdoorSeating: True', 'RestaurantsAttire: casual', 'RestaurantsDelivery: False', 'RestaurantsGoodForGroups: True', 'RestaurantsPriceRange2: 2', 'RestaurantsReservations: True', 'RestaurantsTableService: True', 'RestaurantsTakeOut: True', 'WiFi: free']",-73.552638,114 rue St-Paul est,H2Y 1G6,QC,1,3Dv-WQpSmdKhrDKiX9iOkA,business
The Pantry,Edinburgh,18,"['Monday 9:0-17:0', 'Tuesday 9:0-17:0', 'Wednesday 9:0-17:0', 'Thursday 9:0-17:0', 'Friday 9:0-22:0', 'Saturday 9:0-22:0', 'Sunday 9:0-17:0']",New Town,"['Scottish', 'Diners', 'British', 'Delicatessen', 'Food', 'Restaurants']",55.9572491,3.5,"[""Ambience: {'romantic': False, 'intimate': False, 'classy': False, 'hipster': False, 'touristy': False, 'trendy': False, 'upscale': False, 'casual': True}"", 'BikeParking: True', 'BusinessAcceptsCreditCards: True', ""BusinessParking: {'garage': False, 'street': False, 'lot': False, 'valet': False}"", 'GoodForKids: True', ""GoodForMeal: {'dessert': False, 'latenight': False, 'lunch': False, 'dinner': False, 'breakfast': False, 'brunch': True}"", 'HasTV: False', 'NoiseLevel: average', 'OutdoorSeating: True', 'RestaurantsAttire: casual', 'RestaurantsDelivery: False', 'RestaurantsGoodForGroups: True', 'RestaurantsPriceRange2: 2', 'RestaurantsReservations: True', 'RestaurantsTableService: True', 'RestaurantsTakeOut: True', 'WiFi: free']",-3.205635,1-2 NW Circus Place,EH3 6ST,MLN,1,AinopkZXEBEzm7Q3vidL1w,business
Bellagio Pizzeria,Mesa,70,"['Monday 10:0-21:0', 'Tuesday 10:0-21:0', 'Wednesday 10:0-21:0', 'Thursday 10:0-21:0', 'Friday 10:0-22:0', 'Saturday 10:0-22:0', 'Sunday 11:0-20:0']",,"['Italian', 'Restaurants', 'Pizza', 'Mediterranean']",33.451236,3.0,"['Alcohol: full_bar', ""Ambience: {'romantic': False, 'intimate': False, 'classy': False, 'hipster': False, 'divey': False, 'touristy': False, 'trendy': False, 'upscale': False, 'casual': True}"", 'BikeParking: True', 'BusinessAcceptsCreditCards: True', ""BusinessParking: {'garage': False, 'street': False, 'validated': False, 'lot': True, 'valet': False}"", 'Caters: True', 'GoodForKids: True', ""GoodForMeal: {'dessert': False, 'latenight': False, 'lunch': True, 'dinner': True, 'breakfast': False, 'brunch': False}"", 'HasTV: True', 'NoiseLevel: average', 'OutdoorSeating: True', 'RestaurantsAttire: casual', 'RestaurantsDelivery: True', 'RestaurantsGoodForGroups: True', 'RestaurantsPriceRange2: 2', 'RestaurantsReservations: True', 'RestaurantsTableService: True', 'RestaurantsTakeOut: True', 'WheelchairAccessible: True', 'WiFi: free']",-111.73215,"4545 E McKellips Rd, Ste 103",85215,AZ,1,xZeMt4Vg-P9PTyLgCe5phg,business
Athena Pizzeria,Pierrefonds,6,"['Monday 16:0-22:0', 'Tuesday 11:0-22:0', 'Wednesday 11:0-22:0', 'Thursday 11:0-23:0', 'Friday 11:0-23:0', 'Saturday 11:0-23:0', 'Sunday 12:0-22:0']",Pierrefonds-Roxboro,"['Greek', 'Pizza', 'Restaurants']",45.5111094,4.5,"['Alcohol: beer_and_wine', ""Ambience: {'romantic': False, 'intimate': False, 'classy': False, 'hipster': False, 'touristy': False, 'trendy': False, 'upscale': False, 'casual': False}"", 'BikeParking: True', 'BusinessAcceptsCreditCards: True', ""BusinessParking: {'garage': False, 'street': False, 'validated': False, 'lot': False, 'valet': False}"", 'GoodForKids: True', ""GoodForMeal: {'dessert': False, 'latenight': False, 'lunch': False, 'dinner': False, 'breakfast': False, 'brunch': False}"", 'HasTV: True', 'NoiseLevel: average', 'OutdoorSeating: False', 'RestaurantsAttire: casual', 'RestaurantsDelivery: True', 'RestaurantsPriceRange2: 2', 'RestaurantsReservations: False', 'RestaurantsTableService: True', 'RestaurantsTakeOut: True']",-73.8068669,10421 Gouin Boulevard W,H8Y 1W6,QC,1,cHW1qOB2cSXZrJDqBAOiCw,business
Indian Palace,Sindelfingen,22,,,"['Indian', 'Restaurants']",48.6953,4.5,"['Alcohol: full_bar', ""Ambience: {'romantic': False, 'intimate': False, 'classy': False, 'hipster': False, 'touristy': False, 'trendy': False, 'upscale': False, 'casual': True}"", 'BikeParking: True', 'BusinessAcceptsCreditCards: True', ""BusinessParking: {'garage': False, 'street': True, 'validated': False, 'lot': False, 'valet': False}"", 'Caters: True', 'GoodForKids: True', ""GoodForMeal: {'dessert': False, 'latenight': False, 'lunch': False, 'dinner': True, 'breakfast': False, 'brunch': False}"", 'HasTV: False', 'NoiseLevel: average', 'OutdoorSeating: True', 'RestaurantsAttire: casual', 'RestaurantsDelivery: False', 'RestaurantsGoodForGroups: True', 'RestaurantsPriceRange2: 2', 'RestaurantsReservations: True', 'RestaurantsTableService: True', 'RestaurantsTakeOut: True', 'WheelchairAccessible: False', 'WiFi: no']",9.01153,Waldenbucher Str. 22,71065,BW,1,3q42_KwDXEwfXSvtohknkA,business
Sutra Sushi at Barcelona,Scottsdale,13,,,"['Restaurants', 'Sushi Bars']",33.6263102,3.5,"['Alcohol: full_bar', 'BYOBCorkage: no', 'BusinessAcceptsCreditCards: True', ""BusinessParking: {'garage': False, 'street': False, 'validated': False, 'lot': True, 'valet': True}"", 'GoodForKids: False', ""GoodForMeal: {'dessert': False, 'latenight': False, 'lunch': False, 'dinner': True, 'breakfast': False, 'brunch': False}"", 'OutdoorSeating: True', 'RestaurantsAttire: dressy', 'RestaurantsDelivery: False', 'RestaurantsGoodForGroups: True', 'RestaurantsPriceRange2: 2', 'RestaurantsReservations: True', 'RestaurantsTableService: True', 'WheelchairAccessible: True']",-111.9238643,15440 N Greenway Hayden Loop,85250,AZ,0,W0Te3wFhvd4rM06GDGSVYw,business
Bidon Taverne Culinaire,Saint-Lambert,6,,Brossard,"['Restaurants', 'Gastropubs', 'Comfort Food', 'Canadian (New)']",45.4920344,4.0,"[""Ambience: {'romantic': False, 'intimate': False, 'classy': False, 'hipster': False, 'touristy': False, 'trendy': False, 'upscale': False, 'casual': False}"", 'BusinessAcceptsCreditCards: True', 'GoodForKids: True', 'OutdoorSeating: True', 'RestaurantsAttire: casual', 'RestaurantsDelivery: False', 'RestaurantsGoodForGroups: True', 'RestaurantsPriceRange2: 2', 'RestaurantsReservations: True', 'RestaurantsTakeOut: False']",-73.5041752,35 Désaulnier,J4P,QC,1,cjOTiM029haRXhfUAZrZ7A,business
Unwined On Main!,Munroe Falls,5,"['Tuesday 16:0-22:0', 'Wednesday 16:0-22:0', 'Thursday 16:0-22:0', 'Friday 16:0-23:0', 'Saturday 13:0-23:0']",,"['Tapas/Small Plates', 'Restaurants']",41.139678,3.0,"['Alcohol: beer_and_wine', ""Ambience: {'romantic': False, 'intimate': False, 'classy': False, 'hipster': False, 'divey': False, 'touristy': False, 'trendy': False, 'upscale': False, 'casual': False}"", 'BusinessAcceptsCreditCards: True', ""BusinessParking: {'garage': False, 'street': False, 'validated': False, 'lot': False, 'valet': False}"", 'GoodForKids: False', ""GoodForMeal: {'dessert': False, 'latenight': False, 'lunch': False, 'dinner': False, 'breakfast': False, 'brunch': False}"", 'HasTV: True', 'NoiseLevel: quiet', 'OutdoorSeating: True', 'RestaurantsAttire: casual', 'RestaurantsGoodForGroups: True', 'RestaurantsPriceRange2: 2', 'RestaurantsTableService: True', 'WiFi: free']",-81.438666,20 N Main St,44262,OH,0,TBPHp7E-KQpFCsLwY4wamQ,business
Taco Bell,Chandler,17,"['Monday 7:0-0:0', 'Tuesday 7:0-0:0', 'Wednesday 7:0-0:0', 'Thursday 7:0-0:0', 'Friday 7:0-1:0', 'Saturday 7:0-1:0', 'Sunday 7:0-0:0']",,"['Tex-Mex', 'Mexican', 'Fast Food', 'Restaurants']",33.2629454488,2.0,"['Alcohol: none', ""Ambience: {'romantic': False, 'intimate': False, 'classy': False, 'hipster': False, 'divey': False, 'touristy': False, 'trendy': False, 'upscale': False, 'casual': False}"", 'BikeParking: True', 'BusinessAcceptsCreditCards: True', ""BusinessParking: {'garage': False, 'street': False, 'validated': False, 'lot': False, 'valet': False}"", 'Caters: False', 'DriveThru: True', 'GoodForKids: True', ""GoodForMeal: {'dessert': False, 'latenight': False, 'lunch': False, 'dinner': False, 'breakfast': False, 'brunch': False}"", 'HasTV: False', 'NoiseLevel: average', 'OutdoorSeating: False', 'RestaurantsAttire: formal', 'RestaurantsDelivery: False', 'RestaurantsGoodForGroups: True', 'RestaurantsPriceRange2: 1', 'RestaurantsReservations: False', 'RestaurantsTableService: False', 'RestaurantsTakeOut: True', 'WiFi: no']",-111.859599985,2930 S Alma School Rd,85248,AZ,1,xDHuJaOQ5HqaLP0zgpJD9w,business
D'Vine Bistro & Wine Bar,Chandler,143,"['Monday 11:0-22:0', 'Tuesday 11:0-22:0', 'Wednesday 11:0-22:0', 'Thursday 11:0-22:0', 'Friday 11:0-22:30', 'Saturday 11:0-22:30', 'Sunday 16:0-21:0']",,"['Nightlife', 'Bistros', 'Restaurants', 'Arts & Entertainment', 'Wine Bars', 'Bars', 'Jazz & Blues', 'American (New)']",33.2476989,3.5,"['Alcohol: full_bar', ""Ambience: {'romantic': False, 'intimate': False, 'classy': False, 'hipster': False, 'divey': False, 'touristy': False, 'trendy': True, 'upscale': False, 'casual': True}"", ""BestNights: {'monday': False, 'tuesday': False, 'friday': True, 'wednesday': True, 'thursday': False, 'sunday': False, 'saturday': True}"", 'BikeParking: True', 'BusinessAcceptsCreditCards: True', ""BusinessParking: {'garage': False, 'street': False, 'validated': False, 'lot': True, 'valet': False}"", 'CoatCheck: False', 'GoodForDancing: False', 'HappyHour: True', 'HasTV: True', ""Music: {'dj': False, 'background_music': False, 'no_music': False, 'karaoke': False, 'live': True, 'video': False, 'jukebox': False}"", 'NoiseLevel: average', 'OutdoorSeating: True', 'RestaurantsGoodForGroups: True', 'RestaurantsPriceRange2: 2', 'RestaurantsReservations: True', 'Smoking: no', 'WheelchairAccessible: True']",-111.8654753,3990 S Alma School Rd,85248,AZ,1,XJN3OhXLBDa8zAqdi21FFQ,business
Tasty Chinese Restaurant,York,6,,,"['Restaurants', 'Chinese']",43.6995201,4.0,,-79.4312592,997 Eglinton Avenue W,M6C 2C7,ON,0,jkQpuxSySj1APnZ5AR8Sdw,business
Chopstix,Las Vegas,76,"['Monday 10:30-22:0', 'Tuesday 10:30-22:0', 'Wednesday 10:30-22:0', 'Thursday 10:30-22:0', 'Friday 10:30-22:0', 'Saturday 11:0-22:0', 'Sunday 11:0-22:0']",Southeast,"['Chinese', 'Restaurants']",36.01979,3.5,"['Alcohol: none', 'BikeParking: True', 'BusinessAcceptsCreditCards: True', 'Caters: True', 'GoodForKids: True', ""GoodForMeal: {'dessert': False, 'latenight': False, 'lunch': True, 'dinner': True, 'breakfast': False, 'brunch': False}"", 'HasTV: True', 'NoiseLevel: quiet', 'OutdoorSeating: False', 'RestaurantsAttire: casual', 'RestaurantsDelivery: True', 'RestaurantsGoodForGroups: True', 'RestaurantsPriceRange2: 1', 'RestaurantsReservations: False', 'RestaurantsTableService: False', 'RestaurantsTakeOut: True', 'WiFi: no', ""Ambience: {'romantic': False, 'intimate': False, 'classy': False, 'hipster': False, 'divey': False, 'touristy': False, 'trendy': False, 'upscale': False, 'casual': False}"", ""BusinessParking: {'garage': False, 'street': False, 'validated': False, 'lot': False, 'valet': False}""]",-115.15036,430 E Silverado Ranch Blvd,89183,NV,1,S9CrHJJnns3cqdGca7mQWQ,business
Sweet Chill,Las Vegas,17,"['Monday 7:0-19:0', 'Tuesday 7:0-19:0', 'Wednesday 7:0-19:0', 'Thursday 7:0-19:0', 'Friday 7:0-19:0', 'Saturday 7:0-19:0', 'Sunday 7:0-19:0']",The Strip,"['Desserts', 'Sandwiches', 'Restaurants', 'Ice Cream & Frozen Yogurt', 'Food']",36.128561,3.5,"['BusinessAcceptsCreditCards: True', ""BusinessParking: {'garage': True, 'street': False, 'validated': False, 'lot': False, 'valet': False}"", 'RestaurantsPriceRange2: 2', 'WheelchairAccessible: True', 'WiFi: free']",-115.1711298,"Aria Resort and Casino, 3741 Las Vegas Blvd S",89109,NV,0,TZM4eiv3CtR9CBPtknXgDw,business
Mon Ami Gabi,Las Vegas,6414,"['Monday 7:0-23:0', 'Tuesday 7:0-23:0', 'Wednesday 7:0-23:0', 'Thursday 7:0-23:0', 'Friday 7:0-0:0', 'Saturday 7:0-0:0', 'Sunday 7:0-23:0']",The Strip,"['Restaurants', 'Steakhouses', 'French', 'Breakfast & Brunch']",36.1128270642,4.0,"['Alcohol: full_bar', ""Ambience: {'romantic': True, 'intimate': False, 'classy': False, 'hipster': False, 'divey': False, 'touristy': False, 'trendy': False, 'upscale': False, 'casual': False}"", 'BYOB: False', 'BYOBCorkage: no', 'BikeParking: False', 'BusinessAcceptsCreditCards: True', ""BusinessParking: {'garage': True, 'street': False, 'validated': False, 'lot': False, 'valet': False}"", 'Caters: False', 'Corkage: True', 'GoodForKids: True', ""GoodForMeal: {'dessert': False, 'latenight': False, 'lunch': False, 'dinner': True, 'breakfast': False, 'brunch': False}"", 'HasTV: False', 'NoiseLevel: average', 'Open24Hours: False', 'OutdoorSeating: True', 'RestaurantsAttire: casual', 'RestaurantsDelivery: False', 'RestaurantsGoodForGroups: True', 'RestaurantsPriceRange2: 2', 'RestaurantsReservations: True', 'RestaurantsTableService: True', 'RestaurantsTakeOut: False', 'WheelchairAccessible: True', 'WiFi: no']",-115.172581497,3655 Las Vegas Blvd S,89109,NV,1,4JNXUYY8wbaaDmk3BPzlWw,business
Kumo Japanese Seafood Buffet,Strongsville,23,"['Monday 11:0-21:30', 'Tuesday 11:0-21:30', 'Wednesday 11:0-21:30', 'Thursday 11:0-21:30', 'Friday 11:0-22:0', 'Saturday 11:0-22:0', 'Sunday 11:0-21:30']",,"['Buffets', 'Sushi Bars', 'Chinese', 'Food', 'American (Traditional)', 'Restaurants', 'Japanese']",41.307263,3.5,"[""Ambience: {'romantic': False, 'intimate': False, 'classy': False, 'hipster': False, 'divey': False, 'touristy': False, 'trendy': False, 'upscale': False, 'casual': False}"", 'BikeParking: False', 'BusinessAcceptsCreditCards: True', ""BusinessParking: {'garage': False, 'street': False, 'validated': False, 'lot': False, 'valet': False}"", 'GoodForKids: True', ""GoodForMeal: {'dessert': False, 'latenight': False, 'lunch': False, 'dinner': False, 'breakfast': False, 'brunch': False}"", 'HasTV: False', 'NoiseLevel: quiet', 'OutdoorSeating: False', 'RestaurantsAttire: casual', 'RestaurantsDelivery: False', 'RestaurantsGoodForGroups: True', 'RestaurantsPriceRange2: 2', 'RestaurantsReservations: False', 'RestaurantsTableService: True', 'RestaurantsTakeOut: True', 'WiFi: no']",-81.833857,14783 Pearl Rd,44136,OH,0,iKzXIGPzUAuM2hs2RXEQFw,business
Jack in the Box,Las Vegas,6,,Sunrise,"['Restaurants', 'Fast Food']",36.158602,2.0,"['Alcohol: none', ""Ambience: {'romantic': False, 'intimate': False, 'classy': False, 'hipster': False, 'divey': False, 'touristy': False, 'trendy': False, 'upscale': False, 'casual': False}"", 'BikeParking: True', 'BusinessAcceptsCreditCards: True', ""BusinessParking: {'garage': False, 'street': False, 'validated': False, 'lot': False, 'valet': False}"", 'Caters: False', 'DriveThru: True', 'GoodForKids: True', ""GoodForMeal: {'dessert': False, 'latenight': False, 'lunch': False, 'dinner': False, 'breakfast': True, 'brunch': False}"", 'HasTV: False', 'NoiseLevel: average', 'OutdoorSeating: False', 'RestaurantsAttire: casual', 'RestaurantsDelivery: False', 'RestaurantsGoodForGroups: True', 'RestaurantsPriceRange2: 2', 'RestaurantsReservations: False', 'RestaurantsTableService: False', 'RestaurantsTakeOut: True', 'WiFi: no']",-115.0791016,4345 E Charleston Blvd,89104,NV,1,ENSXtagSYILMBTVEj6p81Q,business
Rockford's Bar and Grill,King City,4,"['Monday 11:0-2:0', 'Tuesday 11:0-2:0', 'Wednesday 11:0-2:0', 'Thursday 11:0-2:0', 'Friday 11:0-2:0', 'Saturday 11:0-2:0', 'Sunday 11:0-2:0']",,"['Canadian (New)', 'Bars', 'Nightlife', 'Restaurants', 'American (Traditional)']",43.930036,3.5,"[""Ambience: {'romantic': False, 'intimate': False, 'classy': False, 'hipster': False, 'touristy': False, 'trendy': False, 'upscale': False, 'casual': False}"", ""BusinessParking: {'garage': False, 'street': False, 'validated': False, 'lot': False, 'valet': False}"", 'GoodForKids: True', 'NoiseLevel: quiet', 'OutdoorSeating: False', 'RestaurantsAttire: casual', 'RestaurantsGoodForGroups: True', 'RestaurantsPriceRange2: 2', 'RestaurantsTableService: True']",-79.5224856,2124 King Road,L7B 1L1,ON,1,eQIGwtiTeVpbdb8XymrPVQ,business
Bavarian Point Restaurant,Mesa,101,,,"['German', 'Restaurants']",33.4149445,3.0,"['Alcohol: full_bar', ""Ambience: {'romantic': False, 'intimate': False, 'classy': False, 'hipster': False, 'divey': False, 'touristy': False, 'trendy': False, 'upscale': False, 'casual': True}"", 'BikeParking: False', 'BusinessAcceptsCreditCards: True', ""BusinessParking: {'garage': False, 'street': False, 'validated': False, 'lot': True, 'valet': False}"", 'Caters: False', 'GoodForKids: True', ""GoodForMeal: {'dessert': False, 'latenight': False, 'lunch': False, 'dinner': True, 'breakfast': False, 'brunch': False}"", 'HasTV: False', 'NoiseLevel: quiet', 'OutdoorSeating: False', 'RestaurantsAttire: casual', 'RestaurantsDelivery: False', 'RestaurantsGoodForGroups: True', 'RestaurantsPriceRange2: 2', 'RestaurantsReservations: True', 'RestaurantsTableService: True', 'RestaurantsTakeOut: True', 'WheelchairAccessible: True', 'WiFi: no']",-111.726882,"4815 E Main St, Ste 32",85205,AZ,1,yjX5l0UGoFdR4t5q3i2MTQ,business
Time Square,Phoenix,14,,,"['American (New)', 'Restaurants']",33.6851410098,5.0,"['Alcohol: full_bar', ""Ambience: {'romantic': False, 'intimate': False, 'classy': False, 'hipster': False, 'divey': False, 'touristy': False, 'trendy': False, 'upscale': False, 'casual': True}"", 'BikeParking: True', 'BusinessAcceptsCreditCards: True', ""BusinessParking: {'garage': False, 'street': False, 'validated': False, 'lot': False, 'valet': False}"", 'GoodForKids: True', ""GoodForMeal: {'dessert': False, 'latenight': False, 'lunch': False, 'dinner': False, 'breakfast': False, 'brunch': False}"", 'HasTV: True', 'NoiseLevel: average', 'OutdoorSeating: False', 'RestaurantsAttire: casual', 'RestaurantsDelivery: False', 'RestaurantsGoodForGroups: True', 'RestaurantsPriceRange2: 2', 'RestaurantsReservations: False', 'RestaurantsTableService: True', 'RestaurantsTakeOut: True', 'WiFi: no']",-112.116858531,I 17 Deervalley,,AZ,1,tY_Hmm0rT4sRDL-geEYQmg,business
Food Lion,Charlotte,4,,Eastland,"['Delis', 'Restaurants']",35.210908,3.0,"['Alcohol: beer_and_wine', ""Ambience: {'romantic': False, 'intimate': False, 'classy': False, 'hipster': False, 'divey': False, 'touristy': False, 'trendy': False, 'upscale': False, 'casual': False}"", 'BikeParking: True', 'BusinessAcceptsCreditCards: True', ""BusinessParking: {'garage': False, 'street': False, 'validated': False, 'lot': False, 'valet': False}"", 'Caters: False', 'GoodForKids: True', ""GoodForMeal: {'dessert': False, 'latenight': False, 'lunch': False, 'dinner': False, 'breakfast': False, 'brunch': False}"", 'HasTV: False', 'NoiseLevel: average', 'OutdoorSeating: False', 'RestaurantsAttire: casual', 'RestaurantsDelivery: False', 'RestaurantsGoodForGroups: True', 'RestaurantsPriceRange2: 2', 'RestaurantsReservations: False', 'RestaurantsTableService: False', 'RestaurantsTakeOut: False', 'WiFi: no']",-80.780373,3207 Eastway Dr,28205,NC,1,zUHIDqm_UKdnSygmWKtyRg,business
McDonald's,Middleton,10,"['Monday 5:0-23:0', 'Tuesday 5:0-23:0', 'Wednesday 5:0-23:0', 'Thursday 5:0-23:0', 'Friday 5:0-0:0', 'Saturday 6:0-0:0', 'Sunday 6:0-23:0']",,"['Fast Food', 'Burgers', 'Restaurants']",43.0905898,4.5,"['Alcohol: none', 'BikeParking: True', 'BusinessAcceptsCreditCards: True', ""BusinessParking: {'garage': False, 'street': False, 'validated': False, 'lot': False, 'valet': False}"", 'Caters: False', 'DriveThru: True', 'GoodForKids: True', ""GoodForMeal: {'dessert': False, 'latenight': False, 'lunch': True, 'dinner': True, 'breakfast': True, 'brunch': False}"", 'HasTV: True', 'NoiseLevel: average', 'OutdoorSeating: True', 'RestaurantsAttire: casual', 'RestaurantsDelivery: False', 'RestaurantsGoodForGroups: True', 'RestaurantsPriceRange2: 1', 'RestaurantsReservations: False', 'RestaurantsTableService: False', 'RestaurantsTakeOut: True', 'WiFi: free']",-89.5250644,8308 Greenway Blvd,53562,WI,1,AiIJ-hhr954_LPp0CC4h-A,business
Sika Deer Chinese Cuisine,Scarborough,20,,Scarborough,"['Restaurants', 'Food', 'Chinese']",43.8034509066,3.0,"['Alcohol: beer_and_wine', ""Ambience: {'romantic': False, 'intimate': False, 'classy': False, 'hipster': False, 'touristy': False, 'trendy': False, 'upscale': False, 'casual': False}"", 'BikeParking: False', 'BusinessAcceptsCreditCards: True', ""BusinessParking: {'garage': False, 'street': False, 'validated': False, 'lot': False, 'valet': False}"", 'Caters: True', 'GoodForKids: True', ""GoodForMeal: {'dessert': False, 'latenight': False, 'lunch': False, 'dinner': False, 'breakfast': False, 'brunch': False}"", 'HasTV: False', 'NoiseLevel: average', 'OutdoorSeating: False', 'RestaurantsAttire: casual', 'RestaurantsDelivery: True', 'RestaurantsGoodForGroups: True', 'RestaurantsPriceRange2: 2', 'RestaurantsReservations: True', 'RestaurantsTableService: True', 'RestaurantsTakeOut: True', 'WiFi: no']",-79.2882839996,4186 Finch Avenue E,M1S 3V1,ON,1,vctaNms-o_VDHWCAbldFjQ,business
Dagwoods,Dollard-des-Ormeaux,3,"['Monday 11:0-22:0', 'Tuesday 11:0-22:0', 'Wednesday 11:0-22:0', 'Thursday 11:0-22:0', 'Friday 11:0-22:0', 'Saturday 11:0-22:0', 'Sunday 11:0-22:0']",Dollard-des-Ormeaux,"['Restaurants', 'Sandwiches', 'Salad']",45.4858822,4.0,"['Alcohol: none', ""Ambience: {'romantic': False, 'intimate': False, 'classy': False, 'hipster': False, 'touristy': False, 'trendy': False, 'upscale': False, 'casual': False}"", 'BikeParking: False', 'BusinessAcceptsCreditCards: True', ""BusinessParking: {'garage': False, 'street': False, 'validated': False, 'lot': False, 'valet': False}"", 'Caters: True', 'GoodForKids: True', ""GoodForMeal: {'dessert': False, 'latenight': False, 'lunch': False, 'dinner': False, 'breakfast': False, 'brunch': False}"", 'HasTV: False', 'NoiseLevel: quiet', 'OutdoorSeating: False', 'RestaurantsAttire: casual', 'RestaurantsDelivery: False', 'RestaurantsGoodForGroups: True', 'RestaurantsPriceRange2: 2', 'RestaurantsReservations: False', 'RestaurantsTableService: False', 'RestaurantsTakeOut: True', 'WiFi: no']",-73.7972767,3343 boulevard des Sources,H9B 1Z8,QC,1,alqOQaZhXN0YRFfswo-9Fg,business
Ken Stewart's Tre Belle,Bath,30,"['Monday 17:0-22:0', 'Tuesday 17:0-22:0', 'Wednesday 17:0-22:0', 'Thursday 17:0-22:0', 'Friday 17:0-22:0', 'Saturday 17:0-22:0', 'Sunday 17:0-22:0']",,"['Restaurants', 'Italian']",41.187547,3.5,"['Alcohol: full_bar', ""Ambience: {'romantic': False, 'intimate': False, 'classy': False, 'hipster': False, 'divey': False, 'touristy': False, 'trendy': False, 'upscale': False, 'casual': False}"", 'BikeParking: True', 'BusinessAcceptsBitcoin: False', 'BusinessAcceptsCreditCards: True', ""BusinessParking: {'garage': False, 'street': False, 'validated': False, 'lot': True, 'valet': False}"", 'Caters: True', 'DogsAllowed: False', 'GoodForKids: False', ""GoodForMeal: {'dessert': False, 'latenight': False, 'lunch': False, 'dinner': True, 'breakfast': False, 'brunch': False}"", 'HasTV: True', 'NoiseLevel: average', 'OutdoorSeating: True', 'RestaurantsAttire: casual', 'RestaurantsDelivery: False', 'RestaurantsGoodForGroups: True', 'RestaurantsPriceRange2: 3', 'RestaurantsReservations: True', 'RestaurantsTableService: True', 'RestaurantsTakeOut: True', 'WheelchairAccessible: True', 'WiFi: free']",-81.6357911,1911 N Cleveland-Massillon Rd,44210,OH,1,p1eUTUB_5hf1enoKYBV3DA,business
Romano's Pizza & Cafe,Irwin,3,"['Monday 11:0-21:0', 'Tuesday 11:0-21:0', 'Wednesday 11:0-21:0', 'Thursday 11:0-21:0', 'Friday 11:0-21:0', 'Saturday 11:0-21:0']",,"['Restaurants', 'Italian', 'Pizza']",40.3318750811,2.5,"['Alcohol: none', ""Ambience: {'romantic': False, 'intimate': False, 'classy': False, 'hipster': False, 'divey': False, 'touristy': False, 'trendy': False, 'upscale': False, 'casual': True}"", 'BikeParking: True', 'BusinessAcceptsBitcoin: False', 'BusinessAcceptsCreditCards: True', ""BusinessParking: {'garage': False, 'street': True, 'validated': False, 'lot': True, 'valet': False}"", 'Caters: True', 'DogsAllowed: False', 'GoodForKids: True', ""GoodForMeal: {'dessert': False, 'latenight': False, 'lunch': True, 'dinner': True, 'breakfast': False, 'brunch': False}"", 'HasTV: False', 'NoiseLevel: quiet', 'OutdoorSeating: True', 'RestaurantsAttire: casual', 'RestaurantsDelivery: True', 'RestaurantsGoodForGroups: True', 'RestaurantsPriceRange2: 2', 'RestaurantsReservations: True', 'RestaurantsTableService: True', 'RestaurantsTakeOut: True', 'WheelchairAccessible: True', 'WiFi: free']",-79.7098247096,223 4th St,15642,PA,0,Yajo9-m23_0axIinbB8ygQ,business
Shoeless Joe's,Toronto,17,"['Monday 11:0-0:0', 'Tuesday 11:0-0:0', 'Wednesday 11:0-0:0', 'Thursday 11:0-0:0', 'Friday 11:0-2:0', 'Saturday 11:0-2:0', 'Sunday 11:0-0:0']",,"['Wigs', 'Shopping', 'Sports Bars', 'Restaurants', 'Nightlife', 'Bars', 'Chicken Wings', 'Burgers']",43.6728592,3.0,"['Alcohol: full_bar', ""Ambience: {'romantic': False, 'intimate': False, 'classy': False, 'hipster': False, 'touristy': False, 'trendy': False, 'upscale': False, 'casual': False}"", ""BestNights: {'monday': False, 'tuesday': False, 'friday': False, 'wednesday': False, 'thursday': True, 'sunday': False, 'saturday': False}"", 'BikeParking: True', ""BusinessParking: {'garage': False, 'street': False, 'validated': False, 'lot': False, 'valet': False}"", 'Caters: False', 'CoatCheck: False', 'DriveThru: False', 'GoodForDancing: False', 'GoodForKids: True', ""GoodForMeal: {'dessert': False, 'latenight': False, 'lunch': False, 'dinner': False, 'breakfast': False, 'brunch': False}"", 'HappyHour: False', 'HasTV: True', ""Music: {'dj': True, 'background_music': False, 'no_music': False, 'karaoke': False, 'live': False, 'video': False, 'jukebox': False}"", 'NoiseLevel: average', 'RestaurantsAttire: casual', 'RestaurantsDelivery: False', 'RestaurantsGoodForGroups: True', 'RestaurantsPriceRange2: 2', 'RestaurantsReservations: True', 'RestaurantsTableService: True', 'RestaurantsTakeOut: True', 'WiFi: no', 'Smoking: outdoor', 'OutdoorSeating: False']",-79.4708129,1980 St Clair Ave West,M6N 0A3,ON,1,Smnwx7z2abtuQmSFisUiOA,business
Kanda Sushi,Dollard-Des-Ormeaux,4,"['Monday 11:30-22:30', 'Tuesday 11:30-22:30', 'Wednesday 11:30-22:30', 'Thursday 11:30-22:30', 'Friday 11:30-22:30', 'Saturday 11:30-22:30', 'Sunday 11:30-22:30']",Pointe-Claire,"['Dim Sum', 'Sushi Bars', 'Asian Fusion', 'Restaurants', 'Chinese']",45.4834033,4.0,,-73.7917845,3237 Boulevard des Sources,H9B 1Z6,QC,1,tmuLHd4pnyPOF1ZL4x5bZw,business
